1.000000000000000000e+00 6.777444999999999720e-01 7.268903798447507404e-06
2.000000000000000000e+00 6.813221999999999889e-01 6.856100809893727504e-06
3.000000000000000000e+00 6.894080999999999682e-01 6.958352807058479750e-06
4.000000000000000000e+00 6.805871999999999478e-01 8.978063751055844003e-06
5.000000000000000000e+00 6.772266000000000119e-01 1.133606218567315669e-05
6.000000000000000000e+00 6.777891999999999806e-01 1.263602364962776697e-05
7.000000000000000000e+00 6.814487999999999657e-01 1.289886714233963046e-05
8.000000000000000000e+00 6.881817000000000073e-01 1.377398061807444526e-05
9.000000000000000000e+00 6.801884000000000263e-01 1.760747951177901396e-05
1.000000000000000000e+01 6.773118999999999668e-01 2.150275440377065605e-05
1.100000000000000000e+01 6.779990000000000183e-01 2.311511935906292821e-05
1.200000000000000000e+01 6.814679999999999627e-01 2.273084936971798574e-05
1.300000000000000000e+01 6.875229000000000479e-01 2.323145935583704758e-05
1.400000000000000000e+01 6.800087999999999688e-01 2.818351421852624731e-05
1.500000000000000000e+01 6.773966000000000154e-01 3.300659908479153590e-05
1.600000000000000000e+01 6.781378000000000128e-01 3.440372904605184975e-05
1.700000000000000000e+01 6.814457000000000431e-01 3.301441408457484237e-05
1.800000000000000000e+01 6.870342000000000393e-01 3.291409408735652118e-05
1.900000000000000000e+01 6.798627000000000420e-01 3.874091892579006012e-05
2.000000000000000000e+01 6.774255999999999611e-01 4.430243877157998602e-05
2.100000000000000000e+01 6.781996999999999609e-01 4.544390873992925191e-05
2.200000000000000000e+01 6.813723999999999892e-01 4.314719880361252765e-05
2.300000000000000000e+01 6.866065000000000085e-01 4.255615382000104509e-05
2.400000000000000000e+01 6.797037999999999691e-01 4.925326363430328257e-05
2.500000000000000000e+01 6.774035000000000473e-01 5.552794346031868472e-05
2.600000000000000000e+01 6.782032000000000060e-01 5.644100843500117557e-05
2.700000000000000000e+01 6.812582999999999833e-01 5.331922352156216928e-05
2.800000000000000000e+01 6.862076999999999760e-01 5.230628854964887296e-05
2.900000000000000000e+01 6.795267999999999864e-01 5.986051334018498886e-05
3.000000000000000000e+01 6.773401999999999479e-01 6.681094314746315597e-05
3.100000000000000000e+01 6.781601999999999908e-01 6.748987312863776735e-05
3.200000000000000000e+01 6.811097000000000401e-01 6.357793323710820177e-05
3.300000000000000000e+01 6.858225999999999489e-01 6.216935827616522608e-05
3.400000000000000000e+01 6.793306000000000067e-01 7.054666304387895495e-05
3.500000000000000000e+01 6.772413000000000460e-01 7.812596783371964946e-05
3.600000000000000000e+01 6.780766000000000293e-01 7.855955782169704138e-05
3.700000000000000000e+01 6.809294000000000180e-01 7.388624795127878898e-05
3.800000000000000000e+01 6.854415000000000369e-01 7.210271800073258109e-05
3.900000000000000000e+01 6.791135999999999839e-01 8.127002774654101260e-05
4.000000000000000000e+01 6.771085999999999494e-01 8.943797752005973409e-05
4.100000000000000000e+01 6.779553999999999858e-01 8.962210251495430623e-05
4.200000000000000000e+01 6.807187999999999573e-01 8.421931266476311354e-05
4.300000000000000000e+01 6.850574999999999859e-01 8.208284772400310043e-05
4.400000000000000000e+01 6.788747000000000531e-01 9.201322244865322198e-05
4.500000000000000000e+01 6.769439000000000428e-01 1.007379572067333858e-04
4.600000000000000000e+01 6.777988999999999820e-01 1.006737872085126939e-04
4.700000000000000000e+01 6.804791000000000034e-01 9.457316737767095850e-05
4.800000000000000000e+01 6.846662000000000026e-01 9.210452744612151229e-05
4.900000000000000000e+01 6.786130000000000217e-01 1.027753171502413762e-04
5.000000000000000000e+01 6.767480999999999636e-01 1.120307518936062652e-04
5.100000000000000000e+01 6.776083999999999996e-01 1.117217069021754776e-04
5.200000000000000000e+01 6.802108999999999517e-01 1.049523870898754873e-04
5.300000000000000000e+01 6.842639000000000360e-01 1.021696021670366697e-04
5.400000000000000000e+01 6.783274999999999721e-01 1.135610968511727853e-04
5.500000000000000000e+01 6.765215999999999452e-01 1.233254965804250574e-04
5.600000000000000000e+01 6.773850000000000149e-01 1.227761215956581892e-04
5.700000000000000000e+01 6.799146999999999830e-01 1.153643368011724569e-04
5.800000000000000000e+01 6.838480999999999588e-01 1.122827818866179713e-04
5.900000000000000000e+01 6.780180000000000096e-01 1.243777165512490867e-04
6.000000000000000000e+01 6.762654000000000165e-01 1.346326462668999207e-04
6.100000000000000000e+01 6.771296999999999455e-01 1.338479062886592259e-04
6.200000000000000000e+01 6.795908999999999978e-01 1.258167265113481546e-04
6.300000000000000000e+01 6.834168999999999938e-01 1.224490916047260623e-04
6.400000000000000000e+01 6.776839000000000057e-01 1.352317462502880519e-04
6.500000000000000000e+01 6.759794999999999554e-01 1.459612459527799869e-04
6.600000000000000000e+01 6.768429999999999724e-01 1.449462259809245022e-04
6.700000000000000000e+01 6.792397000000000018e-01 1.363160962202211496e-04
6.800000000000000000e+01 6.829682999999999726e-01 1.326729713212378712e-04
6.900000000000000000e+01 6.773247000000000018e-01 1.461292009481229110e-04
7.000000000000000000e+01 6.756640999999999897e-01 1.573195456378365380e-04
7.100000000000000000e+01 6.765254000000000545e-01 1.560794956722207105e-04
7.200000000000000000e+01 6.788612000000000535e-01 1.468686259276201229e-04
7.300000000000000000e+01 6.825012999999999774e-01 1.429588760360298461e-04
7.400000000000000000e+01 6.769401000000000446e-01 1.570759456445910984e-04
7.500000000000000000e+01 6.753194000000000141e-01 1.687153453218533062e-04
7.600000000000000000e+01 6.761770999999999754e-01 1.672553953623348545e-04
7.700000000000000000e+01 6.784554000000000418e-01 1.574800456333861926e-04
7.800000000000000000e+01 6.820144999999999680e-01 1.533112457489788885e-04
7.900000000000000000e+01 6.765297000000000116e-01 1.680776953395340901e-04
8.000000000000000000e+01 6.749456000000000344e-01 1.801562950046181469e-04
8.100000000000000000e+01 6.757986000000000271e-01 1.784818450510473409e-04
8.200000000000000000e+01 6.780224999999999724e-01 1.681567453373421998e-04
8.300000000000000000e+01 6.815071000000000323e-01 1.637351954599431292e-04
8.400000000000000000e+01 6.760933999999999555e-01 1.791406450327801415e-04
8.500000000000000000e+01 6.745427999999999980e-01 1.916495946859313930e-04
8.600000000000000000e+01 6.753900000000000459e-01 1.897658947381627341e-04
8.700000000000000000e+01 6.775622999999999507e-01 1.789036450393516624e-04
8.800000000000000000e+01 6.809779999999999722e-01 1.742344451688194497e-04
8.900000000000000000e+01 6.756305999999999701e-01 1.902695947241960959e-04
9.000000000000000000e+01 6.741104999999999459e-01 2.032016943656142635e-04
9.100000000000000000e+01 6.749511000000000260e-01 2.011136944235104179e-04
9.200000000000000000e+01 6.770745999999999709e-01 1.897259947392690817e-04
9.300000000000000000e+01 6.804265000000000452e-01 1.848137948754747747e-04
9.400000000000000000e+01 6.751409000000000438e-01 2.014705444136156499e-04
9.500000000000000000e+01 6.736490000000000533e-01 2.148197940434670640e-04
9.600000000000000000e+01 6.744822999999999791e-01 2.125333441068658514e-04
9.700000000000000000e+01 6.765594000000000330e-01 2.006308444368989138e-04
9.800000000000000000e+01 6.798520000000000119e-01 1.954795445797343650e-04
9.900000000000000000e+01 6.746244999999999603e-01 2.127511441008266859e-04
1.000000000000000000e+02 6.731584999999999930e-01 2.265131937192319716e-04
1.010000000000000000e+02 6.739836000000000160e-01 2.240330937880002894e-04
1.020000000000000000e+02 6.760167000000000259e-01 2.116247941320581732e-04
1.030000000000000000e+02 6.792538000000000187e-01 2.062376942814319442e-04
1.040000000000000000e+02 6.740806999999999771e-01 2.241176937856544918e-04
1.050000000000000000e+02 6.726383000000000223e-01 2.382884933927259194e-04
1.060000000000000000e+02 6.734548000000000201e-01 2.356198434667223379e-04
1.070000000000000000e+02 6.754459000000000435e-01 2.227141438245722020e-04
1.080000000000000000e+02 6.786311000000000426e-01 2.170937939804134967e-04
1.090000000000000000e+02 6.735092000000000301e-01 2.355772434679035776e-04
1.100000000000000000e+02 6.720884999999999776e-01 2.501543930637077119e-04
1.110000000000000000e+02 6.728958000000000439e-01 2.473024431427867597e-04
1.120000000000000000e+02 6.748471000000000330e-01 2.339065435142288285e-04
1.130000000000000000e+02 6.779834000000000138e-01 2.280551936764753135e-04
1.140000000000000000e+02 6.729097000000000550e-01 2.471383431473368709e-04
1.150000000000000000e+02 6.715090000000000225e-01 2.621203427319153487e-04
1.160000000000000000e+02 6.723065999999999764e-01 2.590903428159313103e-04
1.170000000000000000e+02 6.742200000000000415e-01 2.452103932007951574e-04
1.180000000000000000e+02 6.773101999999999734e-01 2.391301433693886224e-04
1.190000000000000000e+02 6.722818999999999878e-01 2.588096928237131489e-04
1.200000000000000000e+02 6.708994000000000346e-01 2.741962423970742435e-04
1.210000000000000000e+02 6.716868999999999756e-01 2.709928424858982208e-04
1.220000000000000000e+02 6.735641999999999463e-01 2.566343928840299931e-04
1.230000000000000000e+02 6.766109000000000151e-01 2.503265930589329514e-04
1.240000000000000000e+02 6.716254999999999864e-01 2.706004424967787115e-04
1.250000000000000000e+02 6.702595999999999554e-01 2.863915420589224227e-04
1.260000000000000000e+02 6.710367000000000415e-01 2.830195421524213948e-04
1.270000000000000000e+02 6.728794000000000164e-01 2.681869425637003319e-04
1.280000000000000000e+02 6.758849000000000107e-01 2.616527927448795824e-04
1.290000000000000000e+02 6.709397999999999751e-01 2.825195921662840086e-04
1.300000000000000000e+02 6.695889999999999898e-01 2.987164417171770271e-04
1.310000000000000000e+02 6.703554000000000457e-01 2.951807918152136870e-04
1.320000000000000000e+02 6.721652999999999656e-01 2.798780922395276540e-04
1.330000000000000000e+02 6.751314999999999955e-01 2.731184924269581334e-04
1.340000000000000000e+02 6.702247999999999539e-01 2.945783918319170485e-04
1.350000000000000000e+02 6.688876999999999740e-01 3.111833913714929178e-04
1.360000000000000000e+02 6.696429999999999882e-01 3.074888914739341362e-04
1.370000000000000000e+02 6.714215000000000044e-01 2.917190919111998593e-04
1.380000000000000000e+02 6.743504999999999638e-01 2.847346421048650212e-04
1.390000000000000000e+02 6.694799000000000166e-01 3.067880914933660019e-04
1.400000000000000000e+02 6.681551000000000018e-01 3.238043910215372169e-04
1.410000000000000000e+02 6.688990999999999687e-01 3.199553911282625044e-04
1.420000000000000000e+02 6.706476000000000104e-01 3.037204415784258964e-04
1.430000000000000000e+02 6.735408999999999979e-01 2.965115917783132092e-04
1.440000000000000000e+02 6.687045000000000350e-01 3.191602411503104684e-04
1.450000000000000000e+02 6.673909000000000091e-01 3.365917406669690715e-04
1.460000000000000000e+02 6.681234000000000339e-01 3.325928907778493131e-04
1.470000000000000000e+02 6.698431999999999720e-01 3.158944412408646956e-04
1.480000000000000000e+02 6.727024000000000337e-01 3.084610414469783363e-04
1.490000000000000000e+02 6.678982999999999448e-01 3.317078908023886547e-04
1.500000000000000000e+02 6.665946999999999845e-01 3.495593903074014621e-04
1.510000000000000000e+02 6.673154000000000030e-01 3.454148904223203458e-04
1.520000000000000000e+02 6.690078000000000413e-01 3.282535408981710097e-04
1.530000000000000000e+02 6.718342000000000480e-01 3.205955911105109785e-04
1.540000000000000000e+02 6.670608000000000093e-01 3.444439404492428904e-04
1.550000000000000000e+02 6.657659999999999689e-01 3.627209899424560491e-04
1.560000000000000000e+02 6.664746999999999755e-01 3.584350400612970459e-04
1.570000000000000000e+02 6.681407999999999792e-01 3.408109405499788682e-04
1.580000000000000000e+02 6.709357999999999711e-01 3.329278407685618197e-04
1.590000000000000000e+02 6.661913000000000418e-01 3.573821900904905501e-04
1.600000000000000000e+02 6.649040999999999979e-01 3.760912395717251979e-04
1.610000000000000000e+02 6.656007000000000451e-01 3.716681896943677100e-04
1.620000000000000000e+02 6.672417000000000487e-01 3.535805901959014684e-04
1.630000000000000000e+02 6.700063000000000546e-01 3.454720404207357030e-04
1.640000000000000000e+02 6.652892999999999724e-01 3.705379397257073447e-04
1.650000000000000000e+02 6.640087999999999546e-01 3.896866391947513097e-04
1.660000000000000000e+02 6.646931000000000367e-01 3.851306893210789165e-04
1.670000000000000000e+02 6.663099999999999579e-01 3.665782398355020436e-04
1.680000000000000000e+02 6.690452999999999539e-01 3.582434900666083932e-04
1.690000000000000000e+02 6.643542999999999532e-01 3.839276893544357294e-04
1.700000000000000000e+02 6.630793999999999855e-01 4.035241388110645251e-04
1.710000000000000000e+02 6.637511999999999857e-01 3.988391889409689979e-04
1.720000000000000000e+02 6.653449000000000169e-01 3.798197894683397581e-04
1.730000000000000000e+02 6.680519000000000318e-01 3.712576397057514238e-04
1.740000000000000000e+02 6.633854000000000140e-01 3.975677889762224454e-04
1.750000000000000000e+02 6.621150999999999565e-01 4.176211384201822903e-04
1.760000000000000000e+02 6.627743000000000384e-01 4.128112385535513858e-04
1.770000000000000000e+02 6.643459000000000447e-01 3.933223390939404669e-04
1.780000000000000000e+02 6.670253000000000432e-01 3.845317393376865810e-04
1.790000000000000000e+02 6.623820000000000263e-01 4.114762385905683384e-04
1.800000000000000000e+02 6.611154000000000197e-01 4.319966880215763728e-04
1.810000000000000000e+02 6.617619000000000140e-01 4.270655881583060938e-04
1.820000000000000000e+02 6.633120999999999601e-01 4.071034387118174932e-04
1.830000000000000000e+02 6.659648000000000234e-01 3.980828889619397195e-04
1.840000000000000000e+02 6.613434000000000257e-01 4.256713381969659538e-04
1.850000000000000000e+02 6.600795000000000412e-01 4.466698376147186489e-04
1.860000000000000000e+02 6.607129999999999947e-01 4.416214377547008751e-04
1.870000000000000000e+02 6.622428000000000203e-01 4.211818383214510132e-04
1.880000000000000000e+02 6.648692999999999964e-01 4.119298385779909073e-04
1.890000000000000000e+02 6.602685999999999833e-01 4.401731877948580353e-04
1.900000000000000000e+02 6.590065999999999979e-01 4.616617371990225133e-04
1.910000000000000000e+02 6.596271000000000218e-01 4.564996373421574788e-04
1.920000000000000000e+02 6.611371000000000331e-01 4.355780879222711306e-04
1.930000000000000000e+02 6.637381999999999449e-01 4.260931381852702481e-04
1.940000000000000000e+02 6.591569999999999929e-01 4.550033873836456088e-04
1.950000000000000000e+02 6.578958999999999779e-01 4.769950367738600761e-04
1.960000000000000000e+02 6.585031999999999552e-01 4.717234369200312520e-04
1.970000000000000000e+02 6.599941999999999753e-01 4.503143875136623791e-04
1.980000000000000000e+02 6.625702999999999454e-01 4.405948377831665069e-04
1.990000000000000000e+02 6.580074999999999674e-01 4.701851869626839128e-04
2.000000000000000000e+02 6.567465000000000108e-01 4.926943363385491437e-04
2.010000000000000000e+02 6.573404000000000469e-01 4.873168364876567641e-04
2.020000000000000000e+02 6.588131999999999877e-01 4.654141370949758743e-04
2.030000000000000000e+02 6.613647999999999749e-01 4.554578873710431685e-04
2.040000000000000000e+02 6.568192000000000474e-01 4.857427365313035563e-04
2.050000000000000000e+02 6.555573999999999568e-01 5.087843858924036159e-04
2.060000000000000000e+02 6.561377999999999933e-01 5.033044360443518755e-04
2.070000000000000000e+02 6.575929000000000357e-01 4.809011866655502542e-04
2.080000000000000000e+02 6.601204000000000516e-01 4.707059869482432108e-04
2.090000000000000000e+02 6.555910000000000348e-01 5.017009360888138826e-04
2.100000000000000000e+02 6.543274999999999508e-01 5.252912854346995265e-04
2.110000000000000000e+02 6.548943000000000403e-01 5.197130855893721674e-04
2.120000000000000000e+02 6.563322999999999796e-01 4.968014862246660553e-04
2.130000000000000000e+02 6.588359999999999772e-01 4.863652365140427761e-04
2.140000000000000000e+02 6.543217999999999535e-01 5.180873856344495867e-04
2.150000000000000000e+02 6.530557000000000167e-01 5.422441349646301778e-04
2.160000000000000000e+02 6.536087000000000424e-01 5.365711351219314487e-04
2.170000000000000000e+02 6.550302000000000069e-01 5.131432357715412637e-04
2.180000000000000000e+02 6.575104000000000504e-01 5.024635360676684218e-04
2.190000000000000000e+02 6.530103999999999909e-01 5.349316351673915476e-04
2.200000000000000000e+02 6.517410000000000148e-01 5.596735344813469912e-04
2.210000000000000000e+02 6.522799999999999709e-01 5.539097846411645404e-04
2.220000000000000000e+02 6.536855000000000304e-01 5.299564353053440096e-04
2.230000000000000000e+02 6.561424000000000145e-01 5.190311856082798153e-04
2.240000000000000000e+02 6.516556000000000015e-01 5.522648846867744777e-04
2.250000000000000000e+02 6.503818999999999573e-01 5.776123339839392716e-04
2.260000000000000000e+02 6.509068000000000076e-01 5.717617341461648161e-04
2.270000000000000000e+02 6.522968000000000099e-01 5.472733348251803071e-04
2.280000000000000000e+02 6.547304999999999930e-01 5.360999851349954482e-04
2.290000000000000000e+02 6.502558999999999978e-01 5.701213341916499784e-04
2.300000000000000000e+02 6.489772000000000318e-01 5.960959334714250940e-04
2.310000000000000000e+02 6.494877000000000011e-01 5.901629836359341841e-04
2.320000000000000000e+02 6.508625999999999578e-01 5.651290343300766940e-04
2.330000000000000000e+02 6.532732999999999457e-01 5.537054846468293266e-04
2.340000000000000000e+02 6.488099999999999978e-01 5.885377336809991802e-04
2.350000000000000000e+02 6.475252999999999703e-01 6.151628829427358957e-04
2.360000000000000000e+02 6.480213000000000223e-01 6.091516331094160713e-04
2.370000000000000000e+02 6.493814999999999449e-01 5.835608838189975918e-04
2.380000000000000000e+02 6.517690999999999901e-01 5.718841341427709354e-04
2.390000000000000000e+02 6.473162000000000083e-01 6.075523331537615495e-04
2.400000000000000000e+02 6.460247999999999546e-01 6.348527823967734397e-04
2.410000000000000000e+02 6.465058999999999667e-01 6.287674325655083886e-04
2.420000000000000000e+02 6.478519000000000361e-01 6.026077332908656497e-04
2.430000000000000000e+02 6.502162999999999693e-01 5.906752336217305005e-04
2.440000000000000000e+02 6.457728000000000357e-01 6.272063826087931164e-04
2.450000000000000000e+02 6.444737000000000382e-01 6.552085318323483485e-04
2.460000000000000000e+02 6.449399000000000104e-01 6.490538820030047245e-04
2.470000000000000000e+02 6.462719000000000102e-01 6.223124827444913819e-04
2.480000000000000000e+02 6.486129999999999951e-01 6.101219830825101815e-04
2.490000000000000000e+02 6.441782000000000341e-01 6.475453320448338159e-04
2.500000000000000000e+02 6.428705999999999587e-01 6.762779812481336129e-04
2.510000000000000000e+02 6.433214000000000432e-01 6.700588314205785032e-04
2.520000000000000000e+02 6.446397000000000377e-01 6.427223821785648132e-04
2.530000000000000000e+02 6.469574999999999632e-01 6.302716325237997866e-04
2.540000000000000000e+02 6.425302999999999987e-01 6.686186814605110142e-04
2.550000000000000000e+02 6.412132999999999861e-01 6.981124306427071227e-04
2.560000000000000000e+02 6.416486000000000134e-01 6.918344808167823344e-04
2.570000000000000000e+02 6.429534000000000082e-01 6.638887315916633999e-04
2.580000000000000000e+02 6.452476000000000322e-01 6.511756319441727031e-04
2.590000000000000000e+02 6.408272999999999886e-01 6.904802808543315882e-04
2.600000000000000000e+02 6.394999000000000100e-01 7.207681300145088107e-04
2.610000000000000000e+02 6.399192999999999687e-01 7.144366301900690079e-04
2.620000000000000000e+02 6.412109000000000281e-01 6.858664309822646698e-04
2.630000000000000000e+02 6.434811000000000281e-01 6.728888813421067842e-04
2.640000000000000000e+02 6.390668000000000459e-01 7.131874302247067721e-04
2.650000000000000000e+02 6.377281000000000200e-01 7.443041793619002179e-04
2.660000000000000000e+02 6.381312999999999569e-01 7.379252795387745674e-04
2.670000000000000000e+02 6.394098000000000281e-01 7.087141303487426956e-04
2.680000000000000000e+02 6.416555999999999926e-01 6.954700307159756689e-04
2.690000000000000000e+02 6.372463000000000433e-01 7.368011795699436943e-04
2.700000000000000000e+02 6.358953999999999995e-01 7.687843286831134992e-04
2.710000000000000000e+02 6.362820000000000142e-01 7.623643288611275329e-04
2.720000000000000000e+02 6.375473999999999863e-01 7.324957296893254552e-04
2.730000000000000000e+02 6.397684999999999622e-01 7.189837300639866655e-04
2.740000000000000000e+02 6.353634999999999700e-01 7.613899288881457745e-04
2.750000000000000000e+02 6.339993999999999907e-01 7.942804279761565400e-04
2.760000000000000000e+02 6.343689999999999607e-01 7.878269781550980861e-04
2.770000000000000000e+02 6.356214999999999504e-01 7.572835290020081935e-04
2.780000000000000000e+02 6.378171999999999731e-01 7.435028793841186355e-04
2.790000000000000000e+02 6.334155999999999676e-01 7.870298781772000832e-04
2.800000000000000000e+02 6.320371999999999657e-01 8.208712272388456145e-04
2.810000000000000000e+02 6.323893999999999904e-01 8.143922774184942552e-04
2.820000000000000000e+02 6.336289999999999978e-01 7.831555282846282880e-04
2.830000000000000000e+02 6.357987000000000499e-01 7.691054786742086312e-04
2.840000000000000000e+02 6.313997000000000082e-01 8.138018774348649556e-04
2.850000000000000000e+02 6.300059000000000076e-01 8.486408764688474840e-04
2.860000000000000000e+02 6.303402000000000172e-01 8.421448266489702699e-04
2.870000000000000000e+02 6.315667999999999838e-01 8.101949775348771298e-04
2.880000000000000000e+02 6.337097000000000424e-01 7.958755279319274824e-04
2.890000000000000000e+02 6.293123000000000467e-01 8.417942766586902987e-04
2.900000000000000000e+02 6.279021000000000186e-01 8.776814756636084919e-04
2.910000000000000000e+02 6.282180000000000542e-01 8.711785258439225634e-04
2.920000000000000000e+02 6.294315000000000326e-01 8.384963767501346600e-04
2.930000000000000000e+02 6.315469000000000221e-01 8.239087271546217126e-04
2.940000000000000000e+02 6.271503000000000494e-01 8.711075758458899400e-04
2.950000000000000000e+02 6.257226000000000177e-01 9.080978748202212176e-04
2.960000000000000000e+02 6.260194999999999510e-01 9.015983750004396462e-04
2.970000000000000000e+02 6.272197000000000466e-01 8.681624759275518308e-04
2.980000000000000000e+02 6.293064999999999909e-01 8.533082763394296338e-04
2.990000000000000000e+02 6.249097000000000124e-01 9.018484249935063320e-04
3.000000000000000000e+02 6.234631999999999952e-01 9.400003239356286185e-04
3.010000000000000000e+02 6.237405000000000310e-01 9.335164241154145660e-04
3.020000000000000000e+02 6.249272000000000160e-01 8.993056250640131186e-04
3.030000000000000000e+02 6.269844999999999446e-01 8.841881754831904233e-04
3.040000000000000000e+02 6.225867000000000484e-01 9.341372740981995727e-04
3.050000000000000000e+02 6.211200999999999528e-01 9.735148230063369939e-04
3.060000000000000000e+02 6.213771000000000155e-01 9.670600231853161352e-04
3.070000000000000000e+02 6.225498999999999894e-01 9.320521241560167933e-04
3.080000000000000000e+02 6.245764000000000316e-01 9.166753245823853168e-04
3.090000000000000000e+02 6.201765999999999668e-01 9.681058231563182022e-04
3.100000000000000000e+02 6.186886000000000330e-01 1.008777872028561754e-03
3.110000000000000000e+02 6.189246000000000469e-01 1.002367472206309529e-03
3.120000000000000000e+02 6.200830999999999982e-01 9.665399731997361679e-04
3.130000000000000000e+02 6.220774999999999499e-01 9.509108736331004473e-04
3.140000000000000000e+02 6.176747999999999683e-01 1.003902272163752565e-03
3.150000000000000000e+02 6.161640000000000450e-01 1.045944720997997674e-03
3.160000000000000000e+02 6.163781000000000398e-01 1.039596571174019376e-03
3.170000000000000000e+02 6.175218000000000096e-01 1.002926822190799939e-03
3.180000000000000000e+02 6.194825999999999944e-01 9.870538226309270250e-04
3.190000000000000000e+02 6.150759999999999561e-01 1.041692521115902695e-03
3.200000000000000000e+02 6.135410000000000030e-01 1.085186669909895055e-03
3.210000000000000000e+02 6.137323000000000084e-01 1.078920120083654314e-03
3.220000000000000000e+02 6.148605000000000320e-01 1.041384571124441593e-03
3.230000000000000000e+02 6.167859999999999454e-01 1.025278321571036636e-03
3.240000000000000000e+02 6.123743999999999854e-01 1.081658220007732183e-03
3.250000000000000000e+02 6.108135000000000092e-01 1.126693618758988717e-03
3.260000000000000000e+02 6.109809999999999963e-01 1.120531318929857047e-03
3.270000000000000000e+02 6.120930999999999456e-01 1.082107019995287881e-03
3.280000000000000000e+02 6.139814000000000105e-01 1.065781620447959306e-03
3.290000000000000000e+02 6.095637999999999890e-01 1.124005618833521722e-03
3.300000000000000000e+02 6.079754000000000547e-01 1.170679317539351141e-03
3.310000000000000000e+02 6.081178999999999890e-01 1.164647067706613527e-03
3.320000000000000000e+02 6.092128999999999461e-01 1.125311068797323890e-03
3.330000000000000000e+02 6.110619000000000467e-01 1.108784669255568744e-03
3.340000000000000000e+02 6.066371999999999876e-01 1.168965867586861836e-03
3.350000000000000000e+02 6.050195000000000434e-01 1.217384816244298888e-03
3.360000000000000000e+02 6.051358000000000015e-01 1.211512616407123570e-03
3.370000000000000000e+02 6.062127000000000487e-01 1.171243317523712382e-03
3.380000000000000000e+02 6.080200999999999523e-01 1.154538417986906680e-03
3.390000000000000000e+02 6.035869999999999846e-01 1.216800866260490726e-03
3.400000000000000000e+02 6.019381000000000315e-01 1.267082364866283124e-03
3.410000000000000000e+02 6.020269000000000315e-01 1.261404715023713239e-03
3.420000000000000000e+02 6.030845000000000233e-01 1.220181716166746436e-03
3.430000000000000000e+02 6.048476000000000408e-01 1.203326366634112398e-03
3.440000000000000000e+02 6.004049999999999665e-01 1.267807014846189951e-03
3.450000000000000000e+02 5.987227000000000521e-01 1.320080513396748026e-03
3.460000000000000000e+02 5.987824000000000479e-01 1.314637313547677416e-03
3.470000000000000000e+02 5.998191999999999968e-01 1.272442164717666304e-03
3.480000000000000000e+02 6.015350999999999893e-01 1.255471915188218369e-03
3.490000000000000000e+02 5.970817999999999959e-01 1.322322413334584565e-03
3.500000000000000000e+02 5.953638999999999459e-01 1.376731011825940579e-03
3.510000000000000000e+02 5.953926999999999969e-01 1.371569061969071151e-03
3.520000000000000000e+02 5.964072000000000262e-01 1.328386313166444359e-03
3.530000000000000000e+02 5.980725999999999543e-01 1.311344063638992825e-03
3.540000000000000000e+02 5.936069000000000484e-01 1.380731661715010319e-03
3.550000000000000000e+02 5.918510999999999633e-01 1.437433010142792752e-03
3.560000000000000000e+02 5.918470000000000120e-01 1.432606760276615215e-03
3.570000000000000000e+02 5.928371999999999531e-01 1.388424561501701120e-03
3.580000000000000000e+02 5.944483000000000406e-01 1.371363861974761109e-03
3.590000000000000000e+02 5.899689999999999657e-01 1.443475309975251683e-03
3.600000000000000000e+02 5.881724000000000396e-01 1.502645958334565069e-03
3.610000000000000000e+02 5.881334000000000284e-01 1.498219308457307509e-03
3.620000000000000000e+02 5.890969999999999818e-01 1.453032859710239348e-03
3.630000000000000000e+02 5.906498000000000026e-01 1.436020310181963973e-03
3.640000000000000000e+02 5.861551000000000400e-01 1.511065458101108934e-03
3.650000000000000000e+02 5.843148999999999704e-01 1.572901456386517583e-03
3.660000000000000000e+02 5.842384000000000466e-01 1.568951956496029585e-03
3.670000000000000000e+02 5.851728999999999958e-01 1.522762457776773940e-03
3.680000000000000000e+02 5.866626000000000341e-01 1.505881458244851066e-03
3.690000000000000000e+02 5.821507999999999683e-01 1.584092956076199165e-03
3.700000000000000000e+02 5.802637999999999963e-01 1.648817954281501380e-03
3.710000000000000000e+02 5.801469000000000209e-01 1.645433954375333284e-03
3.720000000000000000e+02 5.810492999999999908e-01 1.598255955683486806e-03
3.730000000000000000e+02 5.824705999999999495e-01 1.581605956145158741e-03
3.740000000000000000e+02 5.779396999999999451e-01 1.663250953881302736e-03
3.750000000000000000e+02 5.760024000000000255e-01 1.731110951999677555e-03
3.760000000000000000e+02 5.758419000000000176e-01 1.728400452074834543e-03
3.770000000000000000e+02 5.767086999999999630e-01 1.680260953409648582e-03
3.780000000000000000e+02 5.780555000000000554e-01 1.663969453861380071e-03
3.790000000000000000e+02 5.735033000000000492e-01 1.749344951494084376e-03
3.800000000000000000e+02 5.715116000000000085e-01 1.820621949517712418e-03
3.810000000000000000e+02 5.713038999999999756e-01 1.818716949570534569e-03
3.820000000000000000e+02 5.721309999999999452e-01 1.769659450930803147e-03
3.830000000000000000e+02 5.733964000000000283e-01 1.753885451368185182e-03
3.840000000000000000e+02 5.688206999999999569e-01 1.843333448887966896e-03
3.850000000000000000e+02 5.667702000000000018e-01 1.918351446807864793e-03
3.860000000000000000e+02 5.665111000000000452e-01 1.917409446833984437e-03
3.870000000000000000e+02 5.672935000000000061e-01 1.867505948217710720e-03
3.880000000000000000e+02 5.684696999999999667e-01 1.852442948635378518e-03
3.890000000000000000e+02 5.638676000000000244e-01 1.946356446031340549e-03
3.900000000000000000e+02 5.617533000000000110e-01 2.025482943837317654e-03
3.910000000000000000e+02 5.614377999999999869e-01 2.025695943831411563e-03
3.920000000000000000e+02 5.621699000000000002e-01 1.975049945235726051e-03
3.930000000000000000e+02 5.632477999999999652e-01 1.960945445626816226e-03
3.940000000000000000e+02 5.586162000000000072e-01 2.059778942886356622e-03
3.950000000000000000e+02 5.564324999999999966e-01 2.143439940566600754e-03
3.960000000000000000e+02 5.560549000000000186e-01 2.145046440522055745e-03
3.970000000000000000e+02 5.567299999999999471e-01 2.093807941942798980e-03
3.980000000000000000e+02 5.576991000000000032e-01 2.080970942298743936e-03
3.990000000000000000e+02 5.530344999999999844e-01 2.185252439407221921e-03
4.000000000000000000e+02 5.507748999999999562e-01 2.273945936947924500e-03
4.010000000000000000e+02 5.503284999999999982e-01 2.277239936856588747e-03
4.020000000000000000e+02 5.509384000000000503e-01 2.225617438287979307e-03
4.030000000000000000e+02 5.517864999999999576e-01 2.214443938597798409e-03
4.040000000000000000e+02 5.470848000000000377e-01 2.324794435537994811e-03
4.050000000000000000e+02 5.447418000000000537e-01 2.419103932922976857e-03
4.060000000000000000e+02 5.442187000000000552e-01 2.424457432774535046e-03
4.070000000000000000e+02 5.447537999999999547e-01 2.372743434208463096e-03
4.080000000000000000e+02 5.454668000000000294e-01 2.363738934458140418e-03
4.090000000000000000e+02 5.407231000000000121e-01 2.480896431209591701e-03
4.100000000000000000e+02 5.382881999999999945e-01 2.581519428419512974e-03
4.110000000000000000e+02 5.376788999999999596e-01 2.589400428200988070e-03
4.120000000000000000e+02 5.381274999999999809e-01 2.538001429626182085e-03
4.130000000000000000e+02 5.386885999999999619e-01 2.531815429797707601e-03
4.140000000000000000e+02 5.338969999999999549e-01 2.656664926335875181e-03
4.150000000000000000e+02 5.313600000000000545e-01 2.764432423347693100e-03
4.160000000000000000e+02 5.306530999999999887e-01 2.775446923042282788e-03
4.170000000000000000e+02 5.310011000000000037e-01 2.724922424443228242e-03
4.180000000000000000e+02 5.313904999999999879e-01 2.722400924513144246e-03
4.190000000000000000e+02 5.265438999999999536e-01 2.856017920808206351e-03
4.200000000000000000e+02 5.238928000000000473e-01 2.971946917593721975e-03
4.210000000000000000e+02 5.230744999999999978e-01 2.986879417179672761e-03
4.220000000000000000e+02 5.233042999999999445e-01 2.938009418534742560e-03
4.230000000000000000e+02 5.234984999999999777e-01 2.940263918472229513e-03
4.240000000000000000e+02 5.185883000000000020e-01 3.083974414487418523e-03
4.250000000000000000e+02 5.158085999999999505e-01 3.209320411011819078e-03
4.260000000000000000e+02 5.148618999999999835e-01 3.229210410460308257e-03
4.270000000000000000e+02 5.149521000000000237e-01 3.183079411739430861e-03
4.280000000000000000e+02 5.149224000000000023e-01 3.191590411503437454e-03
4.290000000000000000e+02 5.099377000000000493e-01 3.347051907192793736e-03
4.300000000000000000e+02 5.070120000000000182e-01 3.483391403412366191e-03
4.310000000000000000e+02 5.059158999999999740e-01 3.509629402684837952e-03
4.320000000000000000e+02 5.058390999999999860e-01 3.467768903845547430e-03
4.330000000000000000e+02 5.055511000000000310e-01 3.484532903380714672e-03
4.340000000000000000e+02 5.004779000000000311e-01 3.653855898685718848e-03
4.350000000000000000e+02 4.973848000000000158e-01 3.803206394544521567e-03
4.360000000000000000e+02 4.961126000000000147e-01 3.837692893588278645e-03
4.370000000000000000e+02 4.958345000000000113e-01 3.802279394570225873e-03
4.380000000000000000e+02 4.952451999999999965e-01 3.830029393800771925e-03
4.390000000000000000e+02 4.900657999999999959e-01 4.015954388645435677e-03
4.400000000000000000e+02 4.867782999999999971e-01 4.180961884070100512e-03
4.410000000000000000e+02 4.852960000000000051e-01 4.226348882811608101e-03
4.420000000000000000e+02 4.847719999999999807e-01 4.200527883527573926e-03
4.430000000000000000e+02 4.838282999999999889e-01 4.243078382347731554e-03
4.440000000000000000e+02 4.785190000000000277e-01 4.449257876630777382e-03
4.450000000000000000e+02 4.750029000000000057e-01 4.633483371522564322e-03
4.460000000000000000e+02 4.732662999999999731e-01 4.693574869856343909e-03
4.470000000000000000e+02 4.724381999999999748e-01 4.681981370177809403e-03
4.480000000000000000e+02 4.710728000000000137e-01 4.744778868436557752e-03
4.490000000000000000e+02 4.656018000000000101e-01 4.976225862018985625e-03
4.500000000000000000e+02 4.618129000000000262e-01 5.184634356240225284e-03
4.510000000000000000e+02 4.597628999999999744e-01 5.265044854010599192e-03
4.520000000000000000e+02 4.585531999999999941e-01 5.274658353744035577e-03
4.530000000000000000e+02 4.566798000000000246e-01 5.365673851220354243e-03
4.540000000000000000e+02 4.510030999999999901e-01 5.629520843904392384e-03
4.550000000000000000e+02 4.468822000000000072e-01 5.869324337255110539e-03
4.560000000000000000e+02 4.444387000000000199e-01 5.978632334224212759e-03
4.570000000000000000e+02 4.427419000000000215e-01 6.020272333069617149e-03
4.580000000000000000e+02 4.402478000000000224e-01 6.151544829429687368e-03
4.590000000000000000e+02 4.343028999999999917e-01 6.458399820921199158e-03
4.600000000000000000e+02 4.297692000000000179e-01 6.740609813096067743e-03
4.610000000000000000e+02 4.268201999999999829e-01 6.892495308884579591e-03
4.620000000000000000e+02 4.244894000000000167e-01 6.983480806361729368e-03
4.630000000000000000e+02 4.212251000000000190e-01 7.173863801082780781e-03
4.640000000000000000e+02 4.149204000000000225e-01 7.540354290920716317e-03
4.650000000000000000e+02 4.098592999999999820e-01 7.882780281425912777e-03
4.660000000000000000e+02 4.062430000000000208e-01 8.100055275401302560e-03
4.670000000000000000e+02 4.030691000000000135e-01 8.269154770712503280e-03
4.680000000000000000e+02 3.988317000000000112e-01 8.549380262942399278e-03
4.690000000000000000e+02 3.920280999999999905e-01 9.003149750360258524e-03
4.700000000000000000e+02 3.862692999999999821e-01 9.436505738344144051e-03
4.710000000000000000e+02 3.817437000000000191e-01 9.759289229393987297e-03
4.720000000000000000e+02 3.774215000000000209e-01 1.005661022114985939e-02
4.730000000000000000e+02 3.719296999999999742e-01 1.047994020941174498e-02
4.740000000000000000e+02 3.644060000000000077e-01 1.107180869300038867e-02
4.750000000000000000e+02 3.576815999999999884e-01 1.165608267679961452e-02
4.760000000000000000e+02 3.518684999999999730e-01 1.216475966269499678e-02
4.770000000000000000e+02 3.459436000000000178e-01 1.269281514805305038e-02
4.780000000000000000e+02 3.387972000000000206e-01 1.337838412904356240e-02
4.790000000000000000e+02 3.301795000000000146e-01 1.425094010484929084e-02
4.800000000000000000e+02 3.220299999999999829e-01 1.519046957879797467e-02
4.810000000000000000e+02 3.143027999999999933e-01 1.619803455086017002e-02
4.820000000000000000e+02 3.060721000000000136e-01 1.742575451681789567e-02
4.830000000000000000e+02 2.966575000000000184e-01 1.905539947163102307e-02
4.840000000000000000e+02 2.862523000000000151e-01 2.117804941277409009e-02
4.850000000000000000e+02 2.758450000000000069e-01 2.376869934094043291e-02
4.860000000000000000e+02 2.652128000000000263e-01 2.677522425757537447e-02
4.870000000000000000e+02 2.536730999999999847e-01 2.997634416881457889e-02
4.880000000000000000e+02 2.408992000000000078e-01 3.273277409238416896e-02
4.890000000000000000e+02 2.269243999999999983e-01 3.393557905903273053e-02
4.900000000000000000e+02 2.116533999999999915e-01 3.239398410177814908e-02
4.910000000000000000e+02 1.946621000000000046e-01 2.758403923514851641e-02
4.920000000000000000e+02 1.759098000000000050e-01 2.026855443799260859e-02
4.930000000000000000e+02 1.558303000000000049e-01 1.241698315570133153e-02
4.940000000000000000e+02 1.348638000000000059e-01 6.126937330112006141e-03
4.950000000000000000e+02 1.132964999999999944e-01 2.350702434819617031e-03
4.960000000000000000e+02 9.147537999999999503e-02 6.744314812993334714e-04
4.970000000000000000e+02 7.006547999999999943e-02 1.378348011781104355e-04
4.980000000000000000e+02 5.018825999999999843e-02 1.871065448119012820e-05
4.990000000000000000e+02 3.335779999999999995e-02 1.494121308570937074e-06
5.000000000000000000e+02 2.114684999999999829e-02 5.250469354414748879e-08
5.010000000000000000e+02 1.474804000000000045e-02 0.000000000000000000e+00
