1.000000000000000000e+00 8.889032999999999518e-01 8.759535061004186854e-07
2.000000000000000000e+00 8.944324000000000163e-01 7.351500051198182964e-07
3.000000000000000000e+00 9.017157999999999562e-01 8.771635061088455471e-07
4.000000000000000000e+00 8.933668000000000164e-01 1.895965513204106861e-06
5.000000000000000000e+00 8.878646000000000038e-01 3.304572023014090323e-06
6.000000000000000000e+00 8.890835000000000266e-01 3.736517526022296001e-06
7.000000000000000000e+00 8.942360999999999782e-01 3.352590523348506118e-06
8.000000000000000000e+00 8.997718000000000105e-01 3.895294527128069633e-06
9.000000000000000000e+00 8.921736000000000111e-01 7.280270050702114905e-06
1.000000000000000000e+01 8.879072999999999549e-01 1.107462007712717491e-05
1.100000000000000000e+01 8.896178000000000141e-01 1.125302007836960947e-05
1.200000000000000000e+01 8.940873999999999766e-01 9.152965063744158546e-06
1.300000000000000000e+01 8.987361999999999851e-01 9.236090064323067606e-06
1.400000000000000000e+01 8.916522999999999533e-01 1.502490010463818033e-05
1.500000000000000000e+01 8.881151000000000462e-01 2.092751514574586942e-05
1.600000000000000000e+01 8.900019999999999598e-01 2.027216514118180475e-05
1.700000000000000000e+01 8.939219999999999944e-01 1.613464011236676304e-05
1.800000000000000000e+01 8.980053000000000063e-01 1.561257010873090369e-05
1.900000000000000000e+01 8.913098999999999883e-01 2.367202016485947373e-05
2.000000000000000000e+01 8.882858000000000143e-01 3.130535021802040904e-05
2.100000000000000000e+01 8.902451000000000114e-01 2.965935020655714540e-05
2.200000000000000000e+01 8.937205999999999761e-01 2.365796016476155909e-05
2.300000000000000000e+01 8.974073999999999662e-01 2.265569015778143148e-05
2.400000000000000000e+01 8.910278999999999838e-01 3.293062022933930771e-05
2.500000000000000000e+01 8.884077000000000224e-01 4.202405029266884963e-05
2.600000000000000000e+01 8.903908000000000378e-01 3.932048527384036099e-05
2.700000000000000000e+01 8.934973999999999972e-01 3.160773022012628640e-05
2.800000000000000000e+01 8.968895999999999535e-01 3.018365521020857032e-05
2.900000000000000000e+01 8.907779999999999587e-01 4.253198529620627410e-05
3.000000000000000000e+01 8.884870999999999741e-01 5.280850036777518116e-05
3.100000000000000000e+01 8.904640000000000333e-01 4.903080534146611174e-05
3.200000000000000000e+01 8.932596000000000425e-01 3.977635027701515000e-05
3.300000000000000000e+01 8.964240999999999460e-01 3.797763526448832424e-05
3.400000000000000000e+01 8.905452000000000368e-01 5.221900036366972255e-05
3.500000000000000000e+01 8.885277999999999787e-01 6.343235044176304994e-05
3.600000000000000000e+01 8.904790000000000205e-01 5.862090040825459309e-05
3.700000000000000000e+01 8.930095000000000116e-01 4.801452533438841519e-05
3.800000000000000000e+01 8.959926999999999753e-01 4.589602031963447296e-05
3.900000000000000000e+01 8.903189000000000242e-01 6.185955043080957943e-05
4.000000000000000000e+01 8.885319000000000411e-01 7.381575051407635285e-05
4.100000000000000000e+01 8.904450000000000420e-01 6.804215047386716851e-05
4.200000000000000000e+01 8.927477000000000329e-01 5.626345039183655117e-05
4.300000000000000000e+01 8.955828000000000122e-01 5.387615037521063951e-05
4.400000000000000000e+01 8.900919999999999943e-01 7.141340049734563021e-05
4.500000000000000000e+01 8.885013000000000494e-01 8.396660058477009656e-05
4.600000000000000000e+01 8.903683999999999488e-01 7.731180053842396781e-05
4.700000000000000000e+01 8.924739999999999895e-01 6.451480044930158061e-05
4.800000000000000000e+01 8.951860000000000372e-01 6.189940043108710399e-05
4.900000000000000000e+01 8.898595000000000255e-01 8.088530056331094328e-05
5.000000000000000000e+01 8.884378000000000553e-01 9.392770065414238147e-05
5.100000000000000000e+01 8.902543000000000539e-01 8.647065060220910076e-05
5.200000000000000000e+01 8.921881000000000395e-01 7.278150050687351555e-05
5.300000000000000000e+01 8.947958000000000300e-01 6.996760048727661860e-05
5.400000000000000000e+01 8.896180999999999672e-01 9.029775062886224199e-05
5.500000000000000000e+01 8.883429000000000464e-01 1.037500007225479855e-04
5.600000000000000000e+01 8.901059999999999528e-01 9.556300066553112679e-05
5.700000000000000000e+01 8.918892000000000486e-01 8.108280056468640897e-05
5.800000000000000000e+01 8.944073999999999636e-01 7.809040054384638776e-05
5.900000000000000000e+01 8.893651000000000195e-01 9.967755069418614917e-05
6.000000000000000000e+01 8.882176999999999989e-01 1.134812007903191654e-04
6.100000000000000000e+01 8.899262999999999479e-01 1.046287007286675433e-04
6.200000000000000000e+01 8.915766999999999998e-01 8.943745062287085010e-05
6.300000000000000000e+01 8.940169000000000032e-01 8.627880060087299383e-05
6.400000000000000000e+01 8.890983000000000080e-01 1.090496007594560901e-04
6.500000000000000000e+01 8.880628999999999884e-01 1.231613008577344456e-04
6.600000000000000000e+01 8.897169000000000327e-01 1.137001007918436610e-04
6.700000000000000000e+01 8.912497000000000336e-01 9.786145068153826224e-05
6.800000000000000000e+01 8.936214000000000102e-01 9.454335065842995190e-05
6.900000000000000000e+01 8.888163000000000036e-01 1.184358008248245721e-04
7.000000000000000000e+01 8.878797000000000494e-01 1.328235509250254472e-04
7.100000000000000000e+01 8.894792999999999727e-01 1.228034508552422693e-04
7.200000000000000000e+01 8.909074999999999633e-01 1.063680007407805740e-04
7.300000000000000000e+01 8.932183999999999680e-01 1.028931507165806061e-04
7.400000000000000000e+01 8.885176999999999659e-01 1.278544008904187069e-04
7.500000000000000000e+01 8.876684999999999715e-01 1.424947009923784101e-04
7.600000000000000000e+01 8.892147999999999719e-01 1.319594509190075789e-04
7.700000000000000000e+01 8.905494999999999939e-01 1.149675508006705753e-04
7.800000000000000000e+01 8.928057999999999828e-01 1.113355507753761706e-04
7.900000000000000000e+01 8.882014999999999771e-01 1.373202009563415397e-04
8.000000000000000000e+01 8.874296999999999880e-01 1.521958010599399409e-04
8.100000000000000000e+01 8.889238999999999891e-01 1.411839509832499317e-04
8.200000000000000000e+01 8.901746999999999854e-01 1.236680008612632727e-04
8.300000000000000000e+01 8.923818000000000028e-01 1.198767008348594545e-04
8.400000000000000000e+01 8.878665999999999503e-01 1.468456010226794545e-04
8.500000000000000000e+01 8.871636999999999995e-01 1.619442511278312510e-04
8.600000000000000000e+01 8.886074000000000472e-01 1.504900010480602159e-04
8.700000000000000000e+01 8.897825999999999791e-01 1.324760509226053490e-04
8.800000000000000000e+01 8.919449000000000405e-01 1.285218508950670372e-04
8.900000000000000000e+01 8.875123000000000317e-01 1.564412510895066104e-04
9.000000000000000000e+01 8.868707999999999592e-01 1.717547511961546873e-04
9.100000000000000000e+01 8.882653999999999828e-01 1.598884511135140142e-04
9.200000000000000000e+01 8.893723999999999519e-01 1.413975009847371494e-04
9.300000000000000000e+01 8.914938000000000029e-01 1.372760509560340479e-04
9.400000000000000000e+01 8.871377000000000290e-01 1.661168511568905811e-04
9.500000000000000000e+01 8.865509999999999780e-01 1.816402012650001111e-04
9.600000000000000000e+01 8.878983000000000292e-01 1.693891011796795577e-04
9.700000000000000000e+01 8.889434000000000502e-01 1.504381010476987714e-04
9.800000000000000000e+01 8.910272000000000192e-01 1.461447010177981609e-04
9.900000000000000000e+01 8.867422999999999833e-01 1.758821512248992286e-04
1.000000000000000000e+02 8.862044999999999506e-01 1.916133513344563295e-04
1.010000000000000000e+02 8.875062000000000229e-01 1.790018012466254745e-04
1.020000000000000000e+02 8.884952000000000405e-01 1.596041011115337087e-04
1.030000000000000000e+02 8.905440999999999496e-01 1.551339010804017886e-04
1.040000000000000000e+02 8.863254999999999884e-01 1.857472512936028924e-04
1.050000000000000000e+02 8.858314999999999939e-01 2.016865014046089063e-04
1.060000000000000000e+02 8.870892000000000222e-01 1.887363513144199687e-04
1.070000000000000000e+02 8.880270000000000108e-01 1.689022011762886439e-04
1.080000000000000000e+02 8.900436999999999932e-01 1.642500511438895871e-04
1.090000000000000000e+02 8.858867999999999743e-01 1.957218513630692275e-04
1.100000000000000000e+02 8.854319000000000495e-01 2.118715014755404870e-04
1.110000000000000000e+02 8.866473000000000271e-01 1.986022013831289026e-04
1.120000000000000000e+02 8.875383000000000022e-01 1.783393012420116022e-04
1.130000000000000000e+02 8.895248000000000044e-01 1.735000512083095000e-04
1.140000000000000000e+02 8.854254999999999765e-01 2.058161514333691226e-04
1.150000000000000000e+02 8.850055999999999479e-01 2.221804515473352934e-04
1.160000000000000000e+02 8.861803000000000319e-01 2.086094014528222193e-04
1.170000000000000000e+02 8.870284999999999975e-01 1.879230513087558785e-04
1.180000000000000000e+02 8.889867000000000186e-01 1.828916012737152733e-04
1.190000000000000000e+02 8.849411000000000360e-01 2.160409515045778721e-04
1.200000000000000000e+02 8.845522999999999580e-01 2.326255516200783128e-04
1.210000000000000000e+02 8.856878999999999724e-01 2.187682015235712849e-04
1.220000000000000000e+02 8.864969000000000321e-01 1.976616513765786149e-04
1.230000000000000000e+02 8.884284999999999544e-01 1.924328513401635710e-04
1.240000000000000000e+02 8.844328999999999663e-01 2.264069515767700043e-04
1.250000000000000000e+02 8.840719000000000216e-01 2.432190516938547938e-04
1.260000000000000000e+02 8.851700000000000124e-01 2.290892515954503670e-04
1.270000000000000000e+02 8.859428999999999776e-01 2.075638514455406373e-04
1.280000000000000000e+02 8.878494000000000108e-01 2.021328014077170931e-04
1.290000000000000000e+02 8.839004999999999779e-01 2.369260516500283718e-04
1.300000000000000000e+02 8.835642000000000218e-01 2.539743017687577870e-04
1.310000000000000000e+02 8.846260999999999708e-01 2.395844516685423180e-04
1.320000000000000000e+02 8.853657999999999806e-01 2.176399515157138170e-04
1.330000000000000000e+02 8.872486000000000539e-01 2.120018014764479450e-04
1.340000000000000000e+02 8.833433000000000535e-01 2.476113017244438354e-04
1.350000000000000000e+02 8.830289000000000055e-01 2.649057518448878464e-04
1.360000000000000000e+02 8.840561000000000114e-01 2.502666517429365483e-04
1.370000000000000000e+02 8.847652000000000294e-01 2.279009015871743399e-04
1.380000000000000000e+02 8.866252999999999496e-01 2.220508015464323938e-04
1.390000000000000000e+02 8.827606000000000064e-01 2.584759518001087070e-04
1.400000000000000000e+02 8.824655999999999612e-01 2.760277519223450584e-04
1.410000000000000000e+02 8.834594000000000058e-01 2.611489518187243156e-04
1.420000000000000000e+02 8.841402000000000427e-01 2.383586016600050853e-04
1.430000000000000000e+02 8.859789000000000136e-01 2.322919516177550305e-04
1.440000000000000000e+02 8.821520999999999946e-01 2.695347518771257027e-04
1.450000000000000000e+02 8.818738999999999884e-01 2.873563520012409854e-04
1.460000000000000000e+02 8.828354999999999952e-01 2.722461518960087598e-04
1.470000000000000000e+02 8.834902999999999507e-01 2.490261517342972838e-04
1.480000000000000000e+02 8.853083999999999953e-01 2.427383516905070584e-04
1.490000000000000000e+02 8.815169999999999950e-01 2.808031519556024400e-04
1.500000000000000000e+02 8.812535000000000229e-01 2.989081520816913888e-04
1.510000000000000000e+02 8.821841999999999739e-01 2.835736019748967595e-04
1.520000000000000000e+02 8.828148000000000106e-01 2.599174018101474090e-04
1.530000000000000000e+02 8.846131000000000411e-01 2.534037517647842936e-04
1.540000000000000000e+02 8.808544999999999847e-01 2.922969520356488780e-04
1.550000000000000000e+02 8.806038000000000476e-01 3.107000521638139212e-04
1.560000000000000000e+02 8.815045999999999715e-01 2.951471520554986160e-04
1.570000000000000000e+02 8.821128000000000302e-01 2.710469018876568350e-04
1.580000000000000000e+02 8.838922000000000168e-01 2.643027518406883985e-04
1.590000000000000000e+02 8.801641000000000048e-01 3.040331521173835166e-04
1.600000000000000000e+02 8.799240999999999868e-01 3.227502022477350099e-04
1.610000000000000000e+02 8.807962000000000291e-01 3.069839021379334597e-04
1.620000000000000000e+02 8.813836999999999922e-01 2.824305019669358092e-04
1.630000000000000000e+02 8.831447999999999521e-01 2.754512019183297288e-04
1.640000000000000000e+02 8.794450000000000323e-01 3.160297522009317020e-04
1.650000000000000000e+02 8.792140000000000510e-01 3.350776523335873523e-04
1.660000000000000000e+02 8.800582000000000127e-01 3.191019522223274298e-04
1.670000000000000000e+02 8.806264999999999787e-01 2.940847520480996966e-04
1.680000000000000000e+02 8.823699000000000403e-01 2.868657019978239375e-04
1.690000000000000000e+02 8.786962999999999857e-01 3.283055022864239149e-04
1.700000000000000000e+02 8.784726000000000479e-01 3.477023524215096988e-04
1.710000000000000000e+02 8.792900000000000160e-01 3.315205023088141963e-04
1.720000000000000000e+02 8.798403999999999670e-01 3.060278521312752124e-04
1.730000000000000000e+02 8.815665999999999780e-01 2.985643520792970553e-04
1.740000000000000000e+02 8.779171999999999532e-01 3.408807023740016273e-04
1.750000000000000000e+02 8.776992999999999601e-01 3.606458525116524043e-04
1.760000000000000000e+02 8.784906999999999577e-01 3.442601023975367801e-04
1.770000000000000000e+02 8.790246000000000448e-01 3.182788022165947660e-04
1.780000000000000000e+02 8.807340999999999642e-01 3.105663521628828066e-04
1.790000000000000000e+02 8.771069000000000226e-01 3.537768024638141299e-04
1.800000000000000000e+02 8.768932000000000393e-01 3.739308026041729752e-04
1.810000000000000000e+02 8.776595999999999842e-01 3.573428024886489049e-04
1.820000000000000000e+02 8.781780999999999615e-01 3.308586523042048554e-04
1.830000000000000000e+02 8.798713000000000228e-01 3.228926022487267709e-04
1.840000000000000000e+02 8.762645000000000017e-01 3.670171025560238129e-04
1.850000000000000000e+02 8.760535999999999879e-01 3.875819526992439453e-04
1.860000000000000000e+02 8.767956000000000083e-01 3.707924025823161672e-04
1.870000000000000000e+02 8.772997999999999630e-01 3.437896523942604653e-04
1.880000000000000000e+02 8.789770999999999557e-01 3.355653023369834279e-04
1.890000000000000000e+02 8.753889999999999727e-01 3.806260026508004888e-04
1.900000000000000000e+02 8.751794000000000517e-01 4.016248527970431629e-04
1.910000000000000000e+02 8.758979000000000070e-01 3.846339026787128123e-04
1.920000000000000000e+02 8.763887999999999678e-01 3.570954524869262192e-04
1.930000000000000000e+02 8.780504000000000087e-01 3.486081524278180147e-04
1.940000000000000000e+02 8.744792000000000121e-01 3.946295527483256998e-04
1.950000000000000000e+02 8.742697000000000385e-01 4.160870528977625481e-04
1.960000000000000000e+02 8.749652999999999459e-01 3.988939527780242735e-04
1.970000000000000000e+02 8.754437999999999942e-01 3.708013025823781827e-04
1.980000000000000000e+02 8.770900000000000363e-01 3.620460525214038751e-04
1.990000000000000000e+02 8.735340000000000327e-01 4.090549028487884108e-04
2.000000000000000000e+02 8.733233000000000246e-01 4.309970530016004708e-04
2.010000000000000000e+02 8.739966000000000124e-01 4.136005028804454263e-04
2.020000000000000000e+02 8.744636999999999549e-01 3.849338526808017348e-04
2.030000000000000000e+02 8.760947000000000040e-01 3.759059026179282083e-04
2.040000000000000000e+02 8.725522000000000000e-01 4.239316029523945055e-04
2.050000000000000000e+02 8.723391000000000339e-01 4.463860031087740939e-04
2.060000000000000000e+02 8.729905999999999500e-01 4.287841029861888379e-04
2.070000000000000000e+02 8.734469999999999734e-01 3.995221527823993360e-04
2.080000000000000000e+02 8.750630000000000353e-01 3.902166027175924478e-04
2.090000000000000000e+02 8.715325000000000433e-01 4.392910530593625872e-04
2.100000000000000000e+02 8.713157999999999737e-01 4.622871032195143980e-04
2.110000000000000000e+02 8.719460999999999462e-01 4.444772030954805713e-04
2.120000000000000000e+02 8.723925999999999625e-01 4.145971528873864005e-04
2.130000000000000000e+02 8.739934999999999787e-01 4.050091028206121704e-04
2.140000000000000000e+02 8.704735000000000111e-01 4.551669531699273309e-04
2.150000000000000000e+02 8.702518999999999672e-01 4.787356533340672831e-04
2.160000000000000000e+02 8.708614999999999551e-01 4.607147032085636795e-04
2.170000000000000000e+02 8.712988000000000399e-01 4.301924029959966846e-04
2.180000000000000000e+02 8.728848000000000162e-01 4.203170029272212580e-04
2.190000000000000000e+02 8.693737999999999744e-01 4.715958032843431229e-04
2.200000000000000000e+02 8.691461000000000325e-01 4.957703034527019634e-04
2.210000000000000000e+02 8.697354999999999947e-01 4.775344533257017371e-04
2.220000000000000000e+02 8.701640999999999959e-01 4.463439031084808807e-04
2.230000000000000000e+02 8.717352000000000434e-01 4.361761530376694301e-04
2.240000000000000000e+02 8.682315999999999923e-01 4.886163034028793029e-04
2.250000000000000000e+02 8.679966999999999544e-01 5.134315035757003017e-04
2.260000000000000000e+02 8.685663000000000133e-01 4.949766534471747867e-04
2.270000000000000000e+02 8.689869999999999539e-01 4.630903532251084910e-04
2.280000000000000000e+02 8.705429999999999557e-01 4.526253531522268737e-04
2.290000000000000000e+02 8.670453000000000188e-01 5.062705035258287418e-04
2.300000000000000000e+02 8.668021000000000198e-01 5.317640037033736534e-04
2.310000000000000000e+02 8.673522000000000176e-01 5.130850035732871040e-04
2.320000000000000000e+02 8.677654000000000201e-01 4.804738033461723322e-04
2.330000000000000000e+02 8.693064000000000346e-01 4.697070532711892523e-04
2.340000000000000000e+02 8.658133000000000079e-01 5.246045036535125798e-04
2.350000000000000000e+02 8.655604999999999549e-01 5.508160038360577528e-04
2.360000000000000000e+02 8.660913999999999557e-01 5.319075037043729994e-04
2.370000000000000000e+02 8.664977000000000373e-01 4.985401534719921752e-04
2.380000000000000000e+02 8.680234000000000005e-01 4.874665533948720664e-04
2.390000000000000000e+02 8.645332000000000017e-01 5.436665037862663339e-04
2.400000000000000000e+02 8.642697999999999769e-01 5.706385039741079367e-04
2.410000000000000000e+02 8.647818000000000449e-01 5.514945038407830348e-04
2.420000000000000000e+02 8.651817000000000535e-01 5.173375036029028524e-04
2.430000000000000000e+02 8.666918000000000122e-01 5.059525035236141308e-04
2.440000000000000000e+02 8.632031999999999483e-01 5.635095039244593590e-04
2.450000000000000000e+02 8.629278999999999700e-01 5.912860041179037211e-04
2.460000000000000000e+02 8.634211999999999998e-01 5.719005039828969428e-04
2.470000000000000000e+02 8.638149999999999995e-01 5.369190037392746915e-04
2.480000000000000000e+02 8.653092999999999479e-01 5.252180036577851598e-04
2.490000000000000000e+02 8.618209999999999482e-01 5.841905040684883949e-04
2.500000000000000000e+02 8.615325999999999818e-01 6.128205042678768356e-04
2.510000000000000000e+02 8.620073000000000318e-01 5.931860041311359669e-04
2.520000000000000000e+02 8.623954999999999815e-01 5.573425038815104683e-04
2.530000000000000000e+02 8.638736000000000193e-01 5.453215037977924163e-04
2.540000000000000000e+02 8.603838999999999793e-01 6.057720042187888111e-04
2.550000000000000000e+02 8.600811999999999902e-01 6.353065044244765591e-04
2.560000000000000000e+02 8.605376000000000136e-01 6.154155042859491692e-04
2.570000000000000000e+02 8.609204999999999774e-01 5.786710040300488671e-04
2.580000000000000000e+02 8.623819999999999819e-01 5.663260039440743679e-04
2.590000000000000000e+02 8.588896000000000308e-01 6.283225043758377051e-04
2.600000000000000000e+02 8.585713000000000372e-01 6.588160045882041679e-04
2.610000000000000000e+02 8.590092999999999757e-01 6.386605044478348365e-04
2.620000000000000000e+02 8.593872000000000178e-01 6.009725041853635624e-04
2.630000000000000000e+02 8.608316999999999775e-01 5.883000040971082204e-04
2.640000000000000000e+02 8.573349999999999582e-01 6.519150045401434163e-04
2.650000000000000000e+02 8.569997999999999783e-01 6.834265047595994595e-04
2.660000000000000000e+02 8.574195999999999485e-01 6.629980046173289095e-04
2.670000000000000000e+02 8.577928000000000219e-01 6.243225043479804426e-04
2.680000000000000000e+02 8.592195999999999723e-01 6.113200042574268170e-04
2.690000000000000000e+02 8.557171999999999557e-01 6.766315047122769839e-04
2.700000000000000000e+02 8.553638000000000075e-01 7.092235049392579772e-04
2.710000000000000000e+02 8.557652000000000037e-01 6.885125047950199769e-04
2.720000000000000000e+02 8.561339999999999506e-01 6.488030045184703300e-04
2.730000000000000000e+02 8.575424000000000380e-01 6.354680044256013054e-04
2.740000000000000000e+02 8.540328000000000364e-01 7.025605048928548150e-04
2.750000000000000000e+02 8.536597999999999686e-01 7.363005051278307929e-04
2.760000000000000000e+02 8.540429000000000492e-01 7.152980049815627506e-04
2.770000000000000000e+02 8.544072000000000333e-01 6.745040046974603350e-04
2.780000000000000000e+02 8.557966000000000184e-01 6.608355046022685230e-04
2.790000000000000000e+02 8.522781999999999858e-01 7.297995050825559086e-04
2.800000000000000000e+02 8.518841999999999803e-01 7.647600053260318956e-04
2.810000000000000000e+02 8.522486999999999702e-01 7.434560051776639396e-04
2.820000000000000000e+02 8.526089000000000029e-01 7.015255048856466804e-04
2.830000000000000000e+02 8.539782000000000206e-01 6.875225047881253432e-04
2.840000000000000000e+02 8.504494999999999694e-01 7.584555052821252783e-04
2.850000000000000000e+02 8.500328999999999802e-01 7.947150055346480267e-04
2.860000000000000000e+02 8.503787000000000429e-01 7.730985053841038729e-04
2.870000000000000000e+02 8.507346999999999548e-01 7.299750050837780198e-04
2.880000000000000000e+02 8.520830999999999822e-01 7.156390049839375352e-04
2.890000000000000000e+02 8.485424000000000300e-01 7.886470054923885127e-04
2.900000000000000000e+02 8.481016000000000110e-01 8.262885057545359081e-04
2.910000000000000000e+02 8.484285000000000299e-01 8.043485056017387301e-04
2.920000000000000000e+02 8.487803000000000431e-01 7.599735052926970573e-04
2.930000000000000000e+02 8.501066999999999929e-01 7.453070051905549744e-04
2.940000000000000000e+02 8.465523000000000353e-01 8.205040057142507989e-04
2.950000000000000000e+02 8.460857000000000516e-01 8.596185059866566893e-04
2.960000000000000000e+02 8.463933000000000151e-01 8.373440058315298777e-04
2.970000000000000000e+02 8.467409000000000185e-01 7.916550055133371238e-04
2.980000000000000000e+02 8.480438999999999616e-01 7.766625054089246845e-04
2.990000000000000000e+02 8.444741000000000053e-01 8.541725059487289239e-04
3.000000000000000000e+02 8.439799999999999525e-01 8.948575062320721996e-04
3.010000000000000000e+02 8.442678999999999601e-01 8.722365060745324071e-04
3.020000000000000000e+02 8.446110000000000007e-01 8.251680057467323387e-04
3.030000000000000000e+02 8.458894000000000135e-01 8.098560056400946937e-04
3.040000000000000000e+02 8.423022999999999483e-01 8.898120061969337245e-04
3.050000000000000000e+02 8.417788999999999966e-01 9.321730064919492385e-04
3.060000000000000000e+02 8.420465000000000311e-01 9.091940063319162157e-04
3.070000000000000000e+02 8.423850000000000504e-01 8.606760059940213575e-04
3.080000000000000000e+02 8.436371000000000286e-01 8.450545058852282701e-04
3.090000000000000000e+02 8.400309000000000248e-01 9.276025064601188790e-04
3.100000000000000000e+02 8.394760999999999473e-01 9.717540067676039674e-04
3.110000000000000000e+02 8.397229000000000498e-01 9.484045066049905104e-04
3.120000000000000000e+02 8.400564999999999838e-01 8.983650062564995861e-04
3.130000000000000000e+02 8.412806000000000450e-01 8.824475061456449982e-04
3.140000000000000000e+02 8.376533999999999924e-01 9.677450067396838962e-04
3.150000000000000000e+02 8.370651000000000064e-01 1.013812007060509082e-03
3.160000000000000000e+02 8.372903000000000429e-01 9.900805068952353745e-04
3.170000000000000000e+02 8.376185999999999909e-01 9.384425065356119013e-04
3.180000000000000000e+02 8.388126999999999667e-01 9.222465064228178985e-04
3.190000000000000000e+02 8.351623000000000241e-01 1.010466507037209973e-03
3.200000000000000000e+02 8.345382999999999551e-01 1.058583507372312226e-03
3.210000000000000000e+02 8.347411000000000136e-01 1.034457507204290848e-03
3.220000000000000000e+02 8.350634000000000112e-01 9.811405068329745981e-04
3.230000000000000000e+02 8.362252999999999492e-01 9.646880067183939656e-04
3.240000000000000000e+02 8.325496000000000008e-01 1.056018007354445109e-03
3.250000000000000000e+02 8.318875000000000020e-01 1.106331507704844423e-03
3.260000000000000000e+02 8.320669000000000537e-01 1.081799007533992352e-03
3.270000000000000000e+02 8.323825000000000252e-01 1.026718007150390554e-03
3.280000000000000000e+02 8.335097000000000200e-01 1.010038507034229267e-03
3.290000000000000000e+02 8.298062000000000493e-01 1.104683007693363708e-03
3.300000000000000000e+02 8.291034999999999933e-01 1.157353508060177767e-03
3.310000000000000000e+02 8.292583999999999511e-01 1.132403507886418177e-03
3.320000000000000000e+02 8.295664999999999845e-01 1.075471007489922030e-03
3.330000000000000000e+02 8.306561999999999557e-01 1.058600507372430563e-03
3.340000000000000000e+02 8.269225000000000048e-01 1.156784508056215265e-03
3.350000000000000000e+02 8.261762000000000272e-01 1.211986508440659549e-03
3.360000000000000000e+02 8.263053000000000203e-01 1.186608508263918820e-03
3.370000000000000000e+02 8.266048999999999758e-01 1.127734007853898116e-03
3.380000000000000000e+02 8.276539000000000534e-01 1.110718507735396817e-03
3.390000000000000000e+02 8.238872999999999891e-01 1.212689508445555274e-03
3.400000000000000000e+02 8.230946000000000096e-01 1.270615008848966811e-03
3.410000000000000000e+02 8.231964000000000503e-01 1.244800508669186533e-03
3.420000000000000000e+02 8.234860000000000513e-01 1.183890508244989873e-03
3.430000000000000000e+02 8.244909000000000265e-01 1.166788008125882762e-03
3.440000000000000000e+02 8.206885999999999903e-01 1.272818508864312663e-03
3.450000000000000000e+02 8.198461000000000221e-01 1.333678509288161156e-03
3.460000000000000000e+02 8.199189000000000060e-01 1.307421009105295528e-03
3.470000000000000000e+02 8.201971000000000123e-01 1.244379008666251195e-03
3.480000000000000000e+02 8.211536000000000390e-01 1.227261008547036016e-03
3.490000000000000000e+02 8.173124999999999973e-01 1.337650509315823581e-03
3.500000000000000000e+02 8.164166999999999952e-01 1.401675509761713973e-03
3.510000000000000000e+02 8.164584000000000286e-01 1.374970509575731753e-03
3.520000000000000000e+02 8.167231999999999825e-01 1.309700009121167377e-03
3.530000000000000000e+02 8.176269000000000453e-01 1.292654009002453365e-03
3.540000000000000000e+02 8.137436000000000114e-01 1.407734509803910787e-03
3.550000000000000000e+02 8.127904999999999713e-01 1.475178510273612159e-03
3.560000000000000000e+02 8.127986999999999851e-01 1.448026010084513347e-03
3.570000000000000000e+02 8.130477999999999872e-01 1.380430509613756991e-03
3.580000000000000000e+02 8.138935000000000475e-01 1.363566509496310676e-03
3.590000000000000000e+02 8.099644000000000288e-01 1.483706510333003938e-03
3.600000000000000000e+02 8.089496999999999938e-01 1.554851510828480100e-03
3.610000000000000000e+02 8.089218000000000242e-01 1.527256010636296370e-03
3.620000000000000000e+02 8.091525999999999996e-01 1.457242510148700062e-03
3.630000000000000000e+02 8.099342999999999959e-01 1.440695510033461729e-03
3.640000000000000000e+02 8.059553000000000411e-01 1.566305010908246136e-03
3.650000000000000000e+02 8.048741999999999841e-01 1.641462011431663558e-03
3.660000000000000000e+02 8.048070000000000501e-01 1.613436511236484780e-03
3.670000000000000000e+02 8.050161000000000122e-01 1.540916010731429014e-03
3.680000000000000000e+02 8.057271000000000294e-01 1.524854010619568125e-03
3.690000000000000000e+02 8.016938000000000120e-01 1.656391011535633673e-03
3.700000000000000000e+02 8.005411000000000055e-01 1.735906012089401479e-03
3.710000000000000000e+02 8.004308999999999452e-01 1.707472511891381306e-03
3.720000000000000000e+02 8.006143999999999483e-01 1.632368011368330032e-03
3.730000000000000000e+02 8.012470000000000425e-01 1.617000011261302168e-03
3.740000000000000000e+02 7.971544000000000407e-01 1.754978012222224888e-03
3.750000000000000000e+02 7.959241000000000232e-01 1.839237012809031473e-03
3.760000000000000000e+02 7.957665999999999906e-01 1.810430512608413641e-03
3.770000000000000000e+02 7.959197999999999551e-01 1.732679012066927525e-03
3.780000000000000000e+02 7.964649000000000312e-01 1.718263011966530019e-03
3.790000000000000000e+02 7.923076000000000008e-01 1.863261512976345600e-03
3.800000000000000000e+02 7.909931999999999519e-01 1.952696013599195847e-03
3.810000000000000000e+02 7.907832999999999668e-01 1.923569013396346289e-03
3.820000000000000000e+02 7.909003000000000005e-01 1.843131012836150351e-03
3.830000000000000000e+02 7.913478000000000456e-01 1.829988012744618352e-03
3.840000000000000000e+02 7.871194000000000246e-01 1.982659513807871580e-03
3.850000000000000000e+02 7.857132999999999479e-01 2.077752014470125603e-03
3.860000000000000000e+02 7.854448000000000540e-01 2.048379514265566241e-03
3.870000000000000000e+02 7.855187999999999615e-01 1.965247513686608268e-03
3.880000000000000000e+02 7.858564999999999579e-01 1.953778013606731392e-03
3.890000000000000000e+02 7.815499999999999670e-01 2.114863514728582052e-03
3.900000000000000000e+02 7.800437000000000065e-01 2.216159015434036091e-03
3.910000000000000000e+02 7.797095000000000553e-01 2.186650015228525958e-03
3.920000000000000000e+02 7.797319999999999807e-01 2.100867014631105974e-03
3.930000000000000000e+02 7.799460999999999755e-01 2.091574014566386416e-03
3.940000000000000000e+02 7.755533999999999484e-01 2.261919515752726373e-03
3.950000000000000000e+02 7.739369999999999861e-01 2.370035516505681044e-03
3.960000000000000000e+02 7.735284000000000049e-01 2.340541516300275338e-03
3.970000000000000000e+02 7.734891999999999879e-01 2.252218015685162212e-03
3.980000000000000000e+02 7.735632000000000064e-01 2.245734015640005448e-03
3.990000000000000000e+02 7.690749000000000057e-01 2.426309016897587687e-03
4.000000000000000000e+02 7.673370999999999942e-01 2.541949017702941054e-03
4.010000000000000000e+02 7.668437000000000170e-01 2.512682017499116328e-03
4.020000000000000000e+02 7.667300999999999700e-01 2.422026016867759226e-03
4.030000000000000000e+02 7.666446999999999568e-01 2.419150016847729928e-03
4.040000000000000000e+02 7.620497999999999994e-01 2.611073018184342700e-03
4.050000000000000000e+02 7.601774000000000031e-01 2.735043019047709092e-03
4.060000000000000000e+02 7.595863999999999949e-01 2.706298018847519676e-03
4.070000000000000000e+02 7.593828999999999718e-01 2.613654018202317235e-03
4.080000000000000000e+02 7.591149999999999842e-01 2.615403018214498138e-03
4.090000000000000000e+02 7.544005999999999768e-01 2.819972519639185431e-03
4.100000000000000000e+02 7.523779000000000439e-01 2.953203520567048400e-03
4.110000000000000000e+02 7.516734999999999944e-01 2.925388520373335688e-03
4.120000000000000000e+02 7.513604999999999867e-01 2.831290519718007107e-03
4.130000000000000000e+02 7.508827000000000140e-01 2.838961519771430846e-03
4.140000000000000000e+02 7.460331999999999519e-01 3.057691521294736078e-03
4.150000000000000000e+02 7.438413999999999859e-01 3.201267022294641655e-03
4.160000000000000000e+02 7.430040999999999451e-01 3.174953522111385699e-03
4.170000000000000000e+02 7.425574000000000341e-01 3.080208021451548081e-03
4.180000000000000000e+02 7.418363999999999514e-01 3.095472521557854784e-03
4.190000000000000000e+02 7.368331000000000186e-01 3.330148023192210094e-03
4.200000000000000000e+02 7.344494000000000300e-01 3.485344524273047313e-03
4.210000000000000000e+02 7.334545000000000092e-01 3.461334524105833758e-03
4.220000000000000000e+02 7.328434000000000337e-01 3.367132523449781461e-03
4.230000000000000000e+02 7.318388000000000115e-01 3.392160023624080957e-03
4.240000000000000000e+02 7.266586000000000434e-01 3.644901525384253334e-03
4.250000000000000000e+02 7.240550999999999515e-01 3.813246026556657651e-03
4.260000000000000000e+02 7.228712000000000470e-01 3.792675026413394601e-03
4.270000000000000000e+02 7.220564000000000426e-01 3.700754025773227845e-03
4.280000000000000000e+02 7.207183999999999813e-01 3.738381526035277225e-03
4.290000000000000000e+02 7.153323999999999794e-01 4.011730027938963453e-03
4.300000000000000000e+02 7.124738999999999933e-01 4.195072529215818948e-03
4.310000000000000000e+02 7.110604999999999842e-01 4.179560029107784458e-03
4.320000000000000000e+02 7.099910000000000387e-01 4.092449028501116137e-03
4.330000000000000000e+02 7.082578000000000484e-01 4.146419528876984020e-03
4.340000000000000000e+02 7.026289999999999480e-01 4.443456530945644363e-03
4.350000000000000000e+02 6.994704999999999950e-01 4.644091532342929651e-03
4.360000000000000000e+02 6.977744000000000169e-01 4.635978532286429143e-03
4.370000000000000000e+02 6.963835000000000441e-01 4.557352031738848286e-03
4.380000000000000000e+02 6.941772000000000498e-01 4.632653032263268911e-03
4.390000000000000000e+02 6.882572999999999608e-01 4.957164534523270279e-03
4.400000000000000000e+02 6.847402000000000211e-01 5.178005036061273172e-03
4.410000000000000000e+02 6.826902999999999722e-01 5.180725036080216679e-03
4.420000000000000000e+02 6.808891000000000249e-01 5.115945035629068487e-03
4.430000000000000000e+02 6.781099000000000432e-01 5.219285036348760530e-03
4.440000000000000000e+02 6.718342999999999954e-01 5.576000038833036840e-03
4.450000000000000000e+02 6.678800999999999766e-01 5.820875040538423840e-03
4.460000000000000000e+02 6.653791999999999485e-01 5.839535040668378252e-03
4.470000000000000000e+02 6.630477000000000176e-01 5.796470040368460058e-03
4.480000000000000000e+02 6.595655999999999741e-01 5.936995041347121506e-03
4.490000000000000000e+02 6.528456999999999733e-01 6.331925044097539389e-03
4.500000000000000000e+02 6.483463000000000420e-01 6.606055046006668527e-03
4.510000000000000000e+02 6.452588999999999686e-01 6.648390046301502244e-03
4.520000000000000000e+02 6.422303999999999791e-01 6.638675046233844142e-03
4.530000000000000000e+02 6.378724000000000061e-01 6.828915047558735234e-03
4.540000000000000000e+02 6.305823000000000400e-01 7.269880050629756729e-03
4.550000000000000000e+02 6.253836000000000395e-01 7.580660052794126191e-03
4.560000000000000000e+02 6.215150000000000396e-01 7.658585053336820943e-03
4.570000000000000000e+02 6.175540999999999947e-01 7.699500053621766496e-03
4.580000000000000000e+02 6.120841000000000198e-01 7.956740055413268065e-03
4.590000000000000000e+02 6.040379999999999638e-01 8.454115058877144373e-03
4.600000000000000000e+02 5.979130999999999752e-01 8.812490061372982297e-03
4.610000000000000000e+02 5.929750000000000298e-01 8.944530062292552208e-03
4.620000000000000000e+02 5.877390999999999588e-01 9.061760063108978414e-03
4.630000000000000000e+02 5.808242999999999601e-01 9.409695065532108424e-03
4.640000000000000000e+02 5.717371999999999455e-01 9.977415069485890894e-03
4.650000000000000000e+02 5.643369000000000302e-01 1.040002007242904654e-02
4.660000000000000000e+02 5.578870999999999691e-01 1.061502007392637476e-02
4.670000000000000000e+02 5.508625999999999800e-01 1.084606007553541064e-02
4.680000000000000000e+02 5.420158000000000476e-01 1.131605507880860742e-02
4.690000000000000000e+02 5.314286000000000287e-01 1.197253008338050595e-02
4.700000000000000000e+02 5.221892999999999674e-01 1.248464508694703892e-02
4.710000000000000000e+02 5.135205999999999937e-01 1.282613508932528221e-02
4.720000000000000000e+02 5.039097999999999633e-01 1.322251009208576418e-02
4.730000000000000000e+02 4.923796999999999757e-01 1.385198509646962811e-02
4.740000000000000000e+02 4.795095999999999803e-01 1.461958010181540341e-02
4.750000000000000000e+02 4.674679999999999946e-01 1.525786010626058870e-02
4.760000000000000000e+02 4.553956000000000115e-01 1.578614010993970029e-02
4.770000000000000000e+02 4.419062999999999741e-01 1.640863511427495189e-02
4.780000000000000000e+02 4.264472000000000262e-01 1.723184012000801221e-02
4.790000000000000000e+02 4.098549000000000220e-01 1.813455512629480806e-02
4.800000000000000000e+02 3.932376000000000205e-01 1.894782513195867810e-02
4.810000000000000000e+02 3.756498999999999810e-01 1.973021013740745844e-02
4.820000000000000000e+02 3.560332999999999970e-01 2.062049514360768387e-02
4.830000000000000000e+02 3.342890000000000028e-01 2.162750015062079104e-02
4.840000000000000000e+02 3.110044000000000142e-01 2.261433015749338832e-02
4.850000000000000000e+02 2.861920000000000019e-01 2.343201016318796973e-02
4.860000000000000000e+02 2.589288000000000145e-01 2.392614016662924711e-02
4.870000000000000000e+02 2.285721000000000003e-01 2.374909516539625010e-02
4.880000000000000000e+02 1.949954999999999883e-01 2.232807515549981373e-02
4.890000000000000000e+02 1.582401999999999975e-01 1.917003013350618637e-02
4.900000000000000000e+02 1.191086999999999979e-01 1.437296010009786462e-02
4.910000000000000000e+02 8.056215999999999378e-02 8.946565062306724089e-03
4.920000000000000000e+02 4.750225000000000281e-02 4.397136530623057052e-03
4.930000000000000000e+02 2.395144000000000092e-02 1.638445011410652030e-03
4.940000000000000000e+02 1.031141999999999996e-02 4.506784031386676685e-04
4.950000000000000000e+02 3.838411999999999814e-03 8.999865062677920647e-05
4.960000000000000000e+02 1.254895000000000012e-03 1.284596508946338569e-05
4.970000000000000000e+02 3.641304000000000264e-04 1.278648508904914857e-06
4.980000000000000000e+02 9.418905000000000582e-05 8.461035058925338582e-08
4.990000000000000000e+02 2.172944999999999911e-05 3.359087523393753664e-09
5.000000000000000000e+02 4.480152000000000266e-06 6.074465042304505587e-11
5.010000000000000000e+02 9.438508999999999539e-07 0.000000000000000000e+00
