1.000000000000000000e+00 9.090283999999999587e-01 1.496791451846675096e-06
2.000000000000000000e+00 9.095792000000000321e-01 1.393425230647899643e-06
3.000000000000000000e+00 9.114244999999999708e-01 1.308577409265770517e-06
4.000000000000000000e+00 9.095625999999999989e-01 1.453063807835185506e-06
5.000000000000000000e+00 9.090177000000000396e-01 1.612953228474314956e-06
6.000000000000000000e+00 9.090278999999999998e-01 1.657681228031455322e-06
7.000000000000000000e+00 9.095877999999999464e-01 1.585549673190086672e-06
8.000000000000000000e+00 9.113866000000000467e-01 1.532895984822531049e-06
9.000000000000000000e+00 9.095482999999999763e-01 1.740855271652379042e-06
1.000000000000000000e+01 9.090091000000000143e-01 1.961455980579284315e-06
1.100000000000000000e+01 9.090230000000000254e-01 2.038222202041430595e-06
1.200000000000000000e+01 9.095881000000000105e-01 1.969119980503401818e-06
1.300000000000000000e+01 9.113514999999999810e-01 1.922769758740100782e-06
1.400000000000000000e+01 9.095303999999999611e-01 2.196172422699760549e-06
1.500000000000000000e+01 9.089960000000000262e-01 2.480819530992531123e-06
1.600000000000000000e+01 9.090135000000000298e-01 2.580883530001780364e-06
1.700000000000000000e+01 9.095834999999999892e-01 2.495306641960202809e-06
1.800000000000000000e+01 9.113156000000000034e-01 2.438250642525124334e-06
1.900000000000000000e+01 9.095092999999999650e-01 2.779982194697136551e-06
2.000000000000000000e+01 9.089789000000000341e-01 3.132033746766968910e-06
2.100000000000000000e+01 9.090002000000000359e-01 3.249274634495034912e-06
2.200000000000000000e+01 9.095742999999999467e-01 3.132872857869771344e-06
2.300000000000000000e+01 9.112778999999999741e-01 3.052803525329218620e-06
2.400000000000000000e+01 9.094847999999999821e-01 3.465272854578621848e-06
2.500000000000000000e+01 9.089580999999999911e-01 3.887077294846707290e-06
2.600000000000000000e+01 9.089829999999999854e-01 4.016307515789398531e-06
2.700000000000000000e+01 9.095609000000000055e-01 3.857660406249080287e-06
2.800000000000000000e+01 9.112381999999999982e-01 3.744958185142741965e-06
2.900000000000000000e+01 9.094571000000000183e-01 4.229404402568378789e-06
3.000000000000000000e+01 9.089336000000000082e-01 4.721939508802814662e-06
3.100000000000000000e+01 9.089618999999999893e-01 4.858447951895664415e-06
3.200000000000000000e+01 9.095427000000000373e-01 4.648433731752829228e-06
3.300000000000000000e+01 9.111958000000000002e-01 4.495608844377086464e-06
3.400000000000000000e+01 9.094259000000000093e-01 5.052195505532891922e-06
3.500000000000000000e+01 9.089053999999999744e-01 5.615306611068542537e-06
3.600000000000000000e+01 9.089369999999999949e-01 5.754935054130501571e-06
3.700000000000000000e+01 9.095202999999999482e-01 5.486581279009741381e-06
3.800000000000000000e+01 9.111506999999999801e-01 5.288117280974767455e-06
3.900000000000000000e+01 9.093911999999999551e-01 5.916291496977327864e-06
4.000000000000000000e+01 9.088732999999999951e-01 6.549096824045146036e-06
4.100000000000000000e+01 9.089080999999999966e-01 6.688369711555070133e-06
4.200000000000000000e+01 9.094934000000000074e-01 6.356700381505652474e-06
4.300000000000000000e+01 9.111025000000000373e-01 6.108874606181639936e-06
4.400000000000000000e+01 9.093527999999999611e-01 6.807727932595505828e-06
4.500000000000000000e+01 9.088372999999999591e-01 7.508990147874408587e-06
4.600000000000000000e+01 9.088751000000000468e-01 7.645189257636989503e-06
4.700000000000000000e+01 9.094619000000000453e-01 7.246938594913470872e-06
4.800000000000000000e+01 9.110511000000000026e-01 6.947541264544522488e-06
4.900000000000000000e+01 9.093105000000000215e-01 7.716079923601755741e-06
5.000000000000000000e+01 9.087973000000000301e-01 8.484485249326974198e-06
5.100000000000000000e+01 9.088380999999999821e-01 8.615591025806650747e-06
5.200000000000000000e+01 9.094259999999999566e-01 8.148860363761165326e-06
5.300000000000000000e+01 9.109964999999999868e-01 7.796847922802056793e-06
5.400000000000000000e+01 9.092645999999999784e-01 8.634152803400643470e-06
5.500000000000000000e+01 9.087534000000000445e-01 9.468447906251255998e-06
5.600000000000000000e+01 9.087967999999999602e-01 9.593022127240047233e-06
5.700000000000000000e+01 9.093854999999999578e-01 9.056897688103863743e-06
5.800000000000000000e+01 9.109382000000000312e-01 8.652058581001135156e-06
5.900000000000000000e+01 9.092145000000000366e-01 9.557347460926601275e-06
6.000000000000000000e+01 9.087051999999999907e-01 1.045643189646905470e-05
6.100000000000000000e+01 9.087513999999999870e-01 1.057350033975438462e-05
6.200000000000000000e+01 9.093407000000000018e-01 9.967747456863160950e-06
6.300000000000000000e+01 9.108766000000000362e-01 9.510407016946922345e-06
6.400000000000000000e+01 9.091605999999999854e-01 1.048304878509440572e-05
6.500000000000000000e+01 9.086530000000000440e-01 1.144597144222700709e-05
6.600000000000000000e+01 9.087015999999999982e-01 1.155486744114881104e-05
6.700000000000000000e+01 9.092911000000000188e-01 1.087965322561200104e-05
6.800000000000000000e+01 9.108110999999999846e-01 1.037044611954263807e-05
6.900000000000000000e+01 9.091025999999999829e-01 1.140995188702808812e-05
7.000000000000000000e+01 9.085967000000000349e-01 1.243592165464756156e-05
7.100000000000000000e+01 9.086476999999999471e-01 1.253620254254355168e-05
7.200000000000000000e+01 9.092373999999999734e-01 1.179193232769047985e-05
7.300000000000000000e+01 9.107423000000000046e-01 1.123163544434918636e-05
7.400000000000000000e+01 9.090405999999999764e-01 1.233761943339864496e-05
7.500000000000000000e+01 9.085362000000000160e-01 1.342595008928956284e-05
7.600000000000000000e+01 9.085893999999999915e-01 1.351729586616291004e-05
7.700000000000000000e+01 9.091789000000000120e-01 1.270446387421090115e-05
7.800000000000000000e+01 9.106693999999999622e-01 1.209390210247840140e-05
7.900000000000000000e+01 9.089743999999999602e-01 1.326605853531712147e-05
8.000000000000000000e+01 9.084714000000000400e-01 1.441617407948518368e-05
8.100000000000000000e+01 9.085269999999999735e-01 1.449835363422706424e-05
8.200000000000000000e+01 9.091160999999999826e-01 1.361749497628193158e-05
8.300000000000000000e+01 9.105929000000000384e-01 1.295748076059462529e-05
8.400000000000000000e+01 9.089042000000000510e-01 1.419555897055842183e-05
8.500000000000000000e+01 9.084024000000000543e-01 1.540695095856421819e-05
8.600000000000000000e+01 9.084600999999999926e-01 1.547976873562101596e-05
8.700000000000000000e+01 9.090485999999999844e-01 1.453140074501097073e-05
8.800000000000000000e+01 9.105123000000000522e-01 1.382269852980573234e-05
8.900000000000000000e+01 9.088296000000000152e-01 1.512650473911874329e-05
9.000000000000000000e+01 9.083290000000000530e-01 1.639873761541103288e-05
9.100000000000000000e+01 9.083887999999999963e-01 1.646204783700640938e-05
9.200000000000000000e+01 9.089768999999999766e-01 1.544667362483758248e-05
9.300000000000000000e+01 9.104280000000000150e-01 1.469000341010728630e-05
9.400000000000000000e+01 9.087509999999999755e-01 1.605937939654885548e-05
9.500000000000000000e+01 9.082514999999999894e-01 1.739206738335368353e-05
9.600000000000000000e+01 9.083132000000000428e-01 1.744572071615578193e-05
9.700000000000000000e+01 9.089004000000000527e-01 1.636378294909045784e-05
9.800000000000000000e+01 9.103396000000000265e-01 1.555979540149532393e-05
9.900000000000000000e+01 9.086680999999999786e-01 1.699461494284448262e-05
1.000000000000000000e+02 9.081696000000000213e-01 1.838743092905397144e-05
1.010000000000000000e+02 9.082331999999999628e-01 1.843130648417510569e-05
1.020000000000000000e+02 9.088197000000000081e-01 1.728321938443140487e-05
1.030000000000000000e+02 9.102472999999999814e-01 1.643251005952109294e-05
1.040000000000000000e+02 9.085809000000000246e-01 1.793267537800102628e-05
1.050000000000000000e+02 9.080833000000000377e-01 1.938531536361818631e-05
1.060000000000000000e+02 9.081487000000000309e-01 1.941928869661514520e-05
1.070000000000000000e+02 9.087342000000000475e-01 1.820542204196718290e-05
1.080000000000000000e+02 9.101508000000000376e-01 1.730854205084734405e-05
1.090000000000000000e+02 9.084894000000000025e-01 1.887397314645885283e-05
1.100000000000000000e+02 9.079926000000000386e-01 2.038620424259710283e-05
1.110000000000000000e+02 9.080597999999999725e-01 2.041016868680427045e-05
1.120000000000000000e+02 9.086442999999999603e-01 1.913087981058184250e-05
1.130000000000000000e+02 9.100502999999999787e-01 1.818831981991429159e-05
1.140000000000000000e+02 9.083936000000000233e-01 1.981900424821304621e-05
1.150000000000000000e+02 9.078975000000000239e-01 2.139059534376356247e-05
1.160000000000000000e+02 9.079663000000000039e-01 2.140447978807053726e-05
1.170000000000000000e+02 9.085497000000000156e-01 2.006007091249286894e-05
1.180000000000000000e+02 9.099454000000000153e-01 1.907230203338405107e-05
1.190000000000000000e+02 9.082932999999999701e-01 2.076824868325885935e-05
1.200000000000000000e+02 9.077979000000000465e-01 2.239907533377842727e-05
1.210000000000000000e+02 9.078684000000000198e-01 2.240279088929719541e-05
1.220000000000000000e+02 9.084507000000000554e-01 2.099354645880592348e-05
1.230000000000000000e+02 9.098365999999999953e-01 1.996101313569588403e-05
1.240000000000000000e+02 9.081886999999999599e-01 2.172223978492433789e-05
1.250000000000000000e+02 9.076939000000000535e-01 2.341221310152495380e-05
1.260000000000000000e+02 9.077657999999999561e-01 2.340568865714510695e-05
1.270000000000000000e+02 9.083468999999999571e-01 2.193183978284905176e-05
1.280000000000000000e+02 9.097231999999999541e-01 2.085489757128981887e-05
1.290000000000000000e+02 9.080795999999999868e-01 2.268152866431514308e-05
1.300000000000000000e+02 9.075853000000000392e-01 2.443057753588639527e-05
1.310000000000000000e+02 9.076587999999999878e-01 2.441377753605273264e-05
1.320000000000000000e+02 9.082386000000000070e-01 2.287551977350551374e-05
1.330000000000000000e+02 9.096056999999999615e-01 2.175454200682673121e-05
1.340000000000000000e+02 9.079658000000000451e-01 2.364668421031452473e-05
1.350000000000000000e+02 9.074719999999999454e-01 2.545480863685641658e-05
1.360000000000000000e+02 9.075467999999999869e-01 2.542767974823613531e-05
1.370000000000000000e+02 9.081255000000000299e-01 2.382520865299136886e-05
1.380000000000000000e+02 9.094837000000000060e-01 2.266051533118986408e-05
1.390000000000000000e+02 9.078475999999999768e-01 2.461836420069375323e-05
1.400000000000000000e+02 9.073541999999999996e-01 2.648563529331668970e-05
1.410000000000000000e+02 9.074303000000000230e-01 2.644814196035458222e-05
1.420000000000000000e+02 9.080076999999999732e-01 2.478158197685548282e-05
1.430000000000000000e+02 9.093571999999999766e-01 2.357345754437288916e-05
1.440000000000000000e+02 9.077247000000000510e-01 2.559726196877929298e-05
1.450000000000000000e+02 9.072316000000000269e-01 2.752376861637128449e-05
1.460000000000000000e+02 9.073090000000000321e-01 2.747591083906735421e-05
1.470000000000000000e+02 9.078850000000000531e-01 2.574536863397953098e-05
1.480000000000000000e+02 9.092261000000000370e-01 2.449407975747986955e-05
1.490000000000000000e+02 9.075971999999999928e-01 2.658410640345281934e-05
1.500000000000000000e+02 9.071044000000000329e-01 2.857006193934508414e-05
1.510000000000000000e+02 9.071829999999999616e-01 2.851182193992172895e-05
1.520000000000000000e+02 9.077577000000000007e-01 2.671735084657798817e-05
1.530000000000000000e+02 9.090905999999999709e-01 2.542311085939248400e-05
1.540000000000000000e+02 9.074647999999999604e-01 2.757971528248401468e-05
1.550000000000000000e+02 9.069720999999999478e-01 2.962531526223017572e-05
1.560000000000000000e+02 9.070519000000000220e-01 2.955669304068739224e-05
1.570000000000000000e+02 9.076252999999999682e-01 2.769831083686533259e-05
1.580000000000000000e+02 9.089504000000000472e-01 2.636129751676999976e-05
1.590000000000000000e+02 9.073278000000000176e-01 2.858490638364255123e-05
1.600000000000000000e+02 9.068351999999999524e-01 3.069041747390663301e-05
1.610000000000000000e+02 9.069160000000000554e-01 3.061143080802203011e-05
1.620000000000000000e+02 9.074879000000000140e-01 2.868908416038884872e-05
1.630000000000000000e+02 9.088051000000000323e-01 2.730947528515970471e-05
1.640000000000000000e+02 9.071856000000000364e-01 2.960049748469812154e-05
1.650000000000000000e+02 9.066931000000000296e-01 3.176632857436496188e-05
1.660000000000000000e+02 9.067750999999999451e-01 3.167699524191613486e-05
1.670000000000000000e+02 9.073457000000000328e-01 2.969061303936142677e-05
1.680000000000000000e+02 9.086554000000000020e-01 2.826851527566408409e-05
1.690000000000000000e+02 9.070386999999999755e-01 3.062751969675161948e-05
1.700000000000000000e+02 9.065461999999999687e-01 3.285404411915085878e-05
1.710000000000000000e+02 9.066290000000000182e-01 3.275438189791540972e-05
1.720000000000000000e+02 9.071981000000000073e-01 3.070383969599595696e-05
1.730000000000000000e+02 9.085003999999999857e-01 2.923934193271842942e-05
1.740000000000000000e+02 9.068865000000000398e-01 3.166689746423833994e-05
1.750000000000000000e+02 9.063940000000000330e-01 3.395461299714281966e-05
1.760000000000000000e+02 9.064778000000000002e-01 3.384463966489835744e-05
1.770000000000000000e+02 9.070454999999999490e-01 3.172979524139335348e-05
1.780000000000000000e+02 9.083406000000000535e-01 3.022293303409083508e-05
1.790000000000000000e+02 9.067292999999999603e-01 3.271971523159197966e-05
1.800000000000000000e+02 9.062365999999999477e-01 3.506919076388497332e-05
1.810000000000000000e+02 9.063212999999999964e-01 3.494894187618668855e-05
1.820000000000000000e+02 9.068876999999999633e-01 3.276954634220971096e-05
1.830000000000000000e+02 9.081757000000000302e-01 3.122033746865980381e-05
1.840000000000000000e+02 9.065668999999999533e-01 3.378705744324626587e-05
1.850000000000000000e+02 9.060740000000000460e-01 3.619889741936622405e-05
1.860000000000000000e+02 9.061593999999999482e-01 3.606840853176932090e-05
1.870000000000000000e+02 9.067243000000000386e-01 3.382415966510113423e-05
1.880000000000000000e+02 9.080053000000000152e-01 3.223260412530384509e-05
1.890000000000000000e+02 9.063989000000000074e-01 3.487006187696769816e-05
1.900000000000000000e+02 9.059057999999999833e-01 3.734495963024108187e-05
1.910000000000000000e+02 9.059920000000000195e-01 3.720430185385598224e-05
1.920000000000000000e+02 9.065554999999999586e-01 3.489491521005495312e-05
1.930000000000000000e+02 9.078296999999999617e-01 3.326094189289987364e-05
1.940000000000000000e+02 9.062257000000000229e-01 3.597002631052120168e-05
1.950000000000000000e+02 9.057321999999999873e-01 3.850876406316249592e-05
1.960000000000000000e+02 9.058190999999999882e-01 3.835797295354439720e-05
1.970000000000000000e+02 9.063811000000000506e-01 3.598302186594808913e-05
1.980000000000000000e+02 9.076486000000000276e-01 3.430657743810240629e-05
1.990000000000000000e+02 9.060466999999999826e-01 3.708823074389411306e-05
2.000000000000000000e+02 9.055528999999999940e-01 3.969166182922819760e-05
2.010000000000000000e+02 9.056404999999999594e-01 3.953082627526509666e-05
2.020000000000000000e+02 9.062012000000000400e-01 3.708988407721107314e-05
2.030000000000000000e+02 9.074619999999999909e-01 3.537080853867638171e-05
2.040000000000000000e+02 9.058621999999999508e-01 3.822607962151695638e-05
2.050000000000000000e+02 9.053679000000000032e-01 4.089512848397913291e-05
2.060000000000000000e+02 9.054560000000000386e-01 4.072426626344865218e-05
2.070000000000000000e+02 9.060150999999999621e-01 3.821679962160884385e-05
2.080000000000000000e+02 9.072694000000000036e-01 3.645493297238672507e-05
2.090000000000000000e+02 9.056716000000000211e-01 3.938495961004268757e-05
2.100000000000000000e+02 9.051768999999999510e-01 4.212062180517864578e-05
2.110000000000000000e+02 9.052656000000000036e-01 4.193983958474637743e-05
2.120000000000000000e+02 9.058233999999999453e-01 3.936533294357035093e-05
2.130000000000000000e+02 9.070711000000000190e-01 3.756047962810717507e-05
2.140000000000000000e+02 9.054752999999999830e-01 4.056647070945545368e-05
2.150000000000000000e+02 9.049798999999999483e-01 4.336986623725410463e-05
2.160000000000000000e+02 9.050690000000000124e-01 4.317921735025286170e-05
2.170000000000000000e+02 9.056252999999999664e-01 4.053701293196934662e-05
2.180000000000000000e+02 9.068665999999999672e-01 3.868895961693390222e-05
2.190000000000000000e+02 9.052727000000000412e-01 4.177221291973940852e-05
2.200000000000000000e+02 9.047766999999999893e-01 4.464455066907767371e-05
2.210000000000000000e+02 9.048661999999999539e-01 4.444414178217306871e-05
2.220000000000000000e+02 9.054210999999999787e-01 4.173356403123319259e-05
2.230000000000000000e+02 9.066560000000000175e-01 3.984204404996145513e-05
2.240000000000000000e+02 9.050637999999999739e-01 4.300401735198754660e-05
2.250000000000000000e+02 9.045670999999999573e-01 4.594659510063035118e-05
2.260000000000000000e+02 9.046570000000000444e-01 4.573649732493279246e-05
2.270000000000000000e+02 9.052103999999999706e-01 4.295679957467728123e-05
2.280000000000000000e+02 9.064389000000000474e-01 4.102151070495002204e-05
2.290000000000000000e+02 9.048484999999999445e-01 4.426369733951523999e-05
2.300000000000000000e+02 9.043510000000000160e-01 4.727790175411551954e-05
2.310000000000000000e+02 9.044411999999999452e-01 4.705823953406821492e-05
2.320000000000000000e+02 9.049930000000000474e-01 4.420860400672739298e-05
2.330000000000000000e+02 9.062151999999999985e-01 4.222919069299257034e-05
2.340000000000000000e+02 9.046264000000000527e-01 4.555324399341387486e-05
2.350000000000000000e+02 9.041280999999999901e-01 4.864062174062299727e-05
2.360000000000000000e+02 9.042185000000000361e-01 4.841150174289155249e-05
2.370000000000000000e+02 9.047688999999999870e-01 4.549103954958532911e-05
2.380000000000000000e+02 9.059848000000000345e-01 4.346714623629091486e-05
2.390000000000000000e+02 9.043976000000000237e-01 4.687482620255088532e-05
2.400000000000000000e+02 9.038983999999999908e-01 5.003697728235299087e-05
2.410000000000000000e+02 9.039888000000000368e-01 4.979855950693583147e-05
2.420000000000000000e+02 9.045377000000000001e-01 4.680627509211851019e-05
2.430000000000000000e+02 9.057473000000000329e-01 4.473751066815726522e-05
2.440000000000000000e+02 9.041616000000000097e-01 4.823070174468168205e-05
2.450000000000000000e+02 9.036613999999999480e-01 5.146940393483695220e-05
2.460000000000000000e+02 9.037520999999999471e-01 5.122183060395488809e-05
2.470000000000000000e+02 9.042993999999999755e-01 4.815671063430317035e-05
2.480000000000000000e+02 9.055026000000000463e-01 4.604263065523504252e-05
2.490000000000000000e+02 9.039182999999999524e-01 4.962335950867050960e-05
2.500000000000000000e+02 9.034170000000000256e-01 5.294047947582713624e-05
2.510000000000000000e+02 9.035077000000000247e-01 5.268389281170097734e-05
2.520000000000000000e+02 9.040534999999999544e-01 4.954485284278115623e-05
2.530000000000000000e+02 9.052504000000000106e-01 4.738499508638850487e-05
2.540000000000000000e+02 9.036676000000000153e-01 5.105543060560244277e-05
2.550000000000000000e+02 9.031651000000000540e-01 5.445303057196221362e-05
2.560000000000000000e+02 9.032556999999999947e-01 5.418762613014558964e-05
2.570000000000000000e+02 9.037998999999999894e-01 5.097343949530314160e-05
2.580000000000000000e+02 9.049903000000000253e-01 4.876728840603551299e-05
2.590000000000000000e+02 9.034088000000000118e-01 5.252977725767134958e-05
2.600000000000000000e+02 9.029051999999999634e-01 5.601002611210168522e-05
2.610000000000000000e+02 9.029956999999999567e-01 5.573601722592581441e-05
2.620000000000000000e+02 9.035383000000000164e-01 5.244545725850620907e-05
2.630000000000000000e+02 9.047222000000000319e-01 5.019247950303555421e-05
2.640000000000000000e+02 9.031420999999999477e-01 5.404954613151274499e-05
2.650000000000000000e+02 9.026370999999999700e-01 5.761482609621228424e-05
2.660000000000000000e+02 9.027273999999999576e-01 5.733246165456358225e-05
2.670000000000000000e+02 9.032685000000000297e-01 5.396415946569149967e-05
2.680000000000000000e+02 9.044459000000000248e-01 5.166378615513456536e-05
2.690000000000000000e+02 9.028671000000000335e-01 5.561809722709335543e-05
2.700000000000000000e+02 9.023605999999999572e-01 5.927093274648155379e-05
2.710000000000000000e+02 9.024505999999999917e-01 5.898044386046884095e-05
2.720000000000000000e+02 9.029899000000000120e-01 5.553294167238094400e-05
2.730000000000000000e+02 9.041605999999999810e-01 5.318458614007686141e-05
2.740000000000000000e+02 9.025830999999999715e-01 5.723905721104395215e-05
2.750000000000000000e+02 9.020751999999999660e-01 6.098216828509386774e-05
2.760000000000000000e+02 9.021649000000000473e-01 6.068389273249159046e-05
2.770000000000000000e+02 9.027026000000000217e-01 5.715571498964691280e-05
2.780000000000000000e+02 9.038665999999999645e-01 5.475877279115723135e-05
2.790000000000000000e+02 9.022902999999999896e-01 5.891651497221292677e-05
2.800000000000000000e+02 9.017806999999999906e-01 6.275285271200645837e-05
2.810000000000000000e+02 9.018698000000000548e-01 6.244712827058904951e-05
2.820000000000000000e+02 9.024058000000000357e-01 5.883660386189302897e-05
2.830000000000000000e+02 9.035628999999999467e-01 5.639043499722408713e-05
2.840000000000000000e+02 9.019878999999999536e-01 6.065480828833511365e-05
2.850000000000000000e+02 9.014765999999999613e-01 6.458757269384057570e-05
2.860000000000000000e+02 9.015653000000000139e-01 6.427477269693767227e-05
2.870000000000000000e+02 9.020995000000000541e-01 6.058023051129574668e-05
2.880000000000000000e+02 9.032493999999999801e-01 5.808415942489866520e-05
2.890000000000000000e+02 9.016756000000000215e-01 6.245880827047339617e-05
2.900000000000000000e+02 9.011624999999999774e-01 6.649141267499032813e-05
2.910000000000000000e+02 9.012506000000000128e-01 6.617203490037477497e-05
2.920000000000000000e+02 9.017830999999999486e-01 6.239166160447155870e-05
2.930000000000000000e+02 9.029258000000000006e-01 5.984503051857508751e-05
2.940000000000000000e+02 9.013531999999999655e-01 6.433383047413070307e-05
2.950000000000000000e+02 9.008380000000000276e-01 6.846999043317785274e-05
2.960000000000000000e+02 9.009251999999999816e-01 6.814449710306729054e-05
2.970000000000000000e+02 9.014558000000000293e-01 6.427637269692181932e-05
2.980000000000000000e+02 9.025912000000000379e-01 6.167848827819947708e-05
2.990000000000000000e+02 9.010198999999999847e-01 6.628572378813800533e-05
3.000000000000000000e+02 9.005028000000000477e-01 7.052949263500859405e-05
3.010000000000000000e+02 9.005891999999999786e-01 7.019850597161908902e-05
3.020000000000000000e+02 9.011177999999999688e-01 6.624062156636234750e-05
3.030000000000000000e+02 9.022453999999999752e-01 6.359079048148767320e-05
3.040000000000000000e+02 9.006752000000000091e-01 6.832104821243034382e-05
3.050000000000000000e+02 9.001559000000000088e-01 7.267678150263680802e-05
3.060000000000000000e+02 9.002413999999999694e-01 7.234097706151722588e-05
3.070000000000000000e+02 9.007680999999999605e-01 6.829123487939220861e-05
3.080000000000000000e+02 9.018878999999999646e-01 6.558883490614912247e-05
3.090000000000000000e+02 9.003191000000000388e-01 7.044711041360206055e-05
3.100000000000000000e+02 8.997973000000000221e-01 7.491957259154165077e-05
3.110000000000000000e+02 8.998815999999999482e-01 7.457971481712887441e-05
3.120000000000000000e+02 9.004060999999999870e-01 7.043585708038015039e-05
3.130000000000000000e+02 9.015176999999999774e-01 6.768021266321981382e-05
3.140000000000000000e+02 8.999502000000000335e-01 7.267194594712913559e-05
3.150000000000000000e+02 8.994259999999999478e-01 7.726634590163917484e-05
3.160000000000000000e+02 8.995090999999999504e-01 7.692335923836848561e-05
3.170000000000000000e+02 9.000314000000000370e-01 7.268307483590783792e-05
3.180000000000000000e+02 9.011344999999999494e-01 6.987354597483657584e-05
3.190000000000000000e+02 8.995682999999999874e-01 7.500469259069886480e-05
3.200000000000000000e+02 8.990413999999999906e-01 7.972668365505672144e-05
3.210000000000000000e+02 8.991232000000000113e-01 7.938161699180662208e-05
3.220000000000000000e+02 8.996431999999999762e-01 7.504248814588020773e-05
3.230000000000000000e+02 9.007374999999999687e-01 7.217854150756997111e-05
3.240000000000000000e+02 8.991727000000000469e-01 7.745564367754268636e-05
3.250000000000000000e+02 8.986429999999999696e-01 8.231144807390896841e-05
3.260000000000000000e+02 8.987230999999999970e-01 8.196551029955638718e-05
3.270000000000000000e+02 8.992407999999999513e-01 7.752501256574473711e-05
3.280000000000000000e+02 9.003257999999999539e-01 7.460616815020027642e-05
3.290000000000000000e+02 8.987625000000000197e-01 8.003639031865692974e-05
3.300000000000000000e+02 8.982297999999999671e-01 8.503285249140832497e-05
3.310000000000000000e+02 8.983082999999999485e-01 8.468748360593898337e-05
3.320000000000000000e+02 8.988232999999999917e-01 8.014296809537946136e-05
3.330000000000000000e+02 8.998985999999999930e-01 7.716885256927115313e-05
3.340000000000000000e+02 8.983368000000000464e-01 8.276007029168931260e-05
3.350000000000000000e+02 8.978009000000000128e-01 8.790474579630653802e-05
3.360000000000000000e+02 8.978774999999999951e-01 8.756158135525982794e-05
3.370000000000000000e+02 8.983898000000000161e-01 8.291036362353456648e-05
3.380000000000000000e+02 8.994548999999999461e-01 7.988076365353115858e-05
3.390000000000000000e+02 8.978947999999999929e-01 8.564175915204610544e-05
3.400000000000000000e+02 8.973556000000000310e-01 9.094298576622439692e-05
3.410000000000000000e+02 8.974301000000000084e-01 9.060401688069169774e-05
3.420000000000000000e+02 8.979394000000000542e-01 8.584332359449482568e-05
3.430000000000000000e+02 8.989937999999999541e-01 8.275823918059633166e-05
3.440000000000000000e+02 8.974355000000000526e-01 8.869871912177860140e-05
3.450000000000000000e+02 8.968926000000000398e-01 9.416581240098130274e-05
3.460000000000000000e+02 8.969648000000000065e-01 9.383333240427324962e-05
3.470000000000000000e+02 8.974710999999999661e-01 8.896035467474366454e-05
3.480000000000000000e+02 8.985140000000000349e-01 8.582005248361412246e-05
3.490000000000000000e+02 8.969574999999999632e-01 9.195089686735600175e-05
3.500000000000000000e+02 8.964107999999999521e-01 9.759422125592491883e-05
3.510000000000000000e+02 8.964803999999999551e-01 9.727103903690257356e-05
3.520000000000000000e+02 8.969833999999999863e-01 9.228300353073443140e-05
3.530000000000000000e+02 8.980141999999999847e-01 8.908815911792269341e-05
3.540000000000000000e+02 8.964598999999999762e-01 9.542168794410221756e-05
3.550000000000000000e+02 8.959091000000000138e-01 1.012530123308097007e-04
3.560000000000000000e+02 8.959759000000000473e-01 1.009424878894398100e-04
3.570000000000000000e+02 8.964752000000000276e-01 9.583667460666002555e-05
3.580000000000000000e+02 8.974929999999999852e-01 9.258846130548782931e-05
3.590000000000000000e+02 8.959409999999999874e-01 9.913861235174474887e-05
3.600000000000000000e+02 8.953858999999999568e-01 1.051712878475697408e-04
3.610000000000000000e+02 8.954495999999999567e-01 1.048775456282559072e-04
3.620000000000000000e+02 8.959449999999999914e-01 9.965150123555543331e-05
3.630000000000000000e+02 8.969491000000000547e-01 9.635185682378134516e-05
3.640000000000000000e+02 8.953995000000000148e-01 1.031347367566228651e-04
3.650000000000000000e+02 8.948397000000000157e-01 1.093841589169684874e-04
3.660000000000000000e+02 8.948998999999999704e-01 1.091123366974376121e-04
3.670000000000000000e+02 8.953910000000000480e-01 1.037638745281714396e-04
3.680000000000000000e+02 8.963801999999999603e-01 1.004157501168773651e-04
3.690000000000000000e+02 8.948334000000000010e-01 1.074501856027837486e-04
3.700000000000000000e+02 8.942685999999999691e-01 1.139344344274709632e-04
3.710000000000000000e+02 8.943250999999999840e-01 1.136911277632133318e-04
3.720000000000000000e+02 8.948116000000000403e-01 1.082187900396181169e-04
3.730000000000000000e+02 8.957846999999999893e-01 1.048266478509820779e-04
3.740000000000000000e+02 8.942409999999999526e-01 1.121350566675091416e-04
3.750000000000000000e+02 8.936707999999999874e-01 1.188756788229912968e-04
3.760000000000000000e+02 8.937230000000000452e-01 1.186694032694781119e-04
3.770000000000000000e+02 8.942044000000000104e-01 1.130726566582258055e-04
3.780000000000000000e+02 8.951601000000000141e-01 1.096429678032948663e-04
3.790000000000000000e+02 8.936197999999999642e-01 1.172526566168388988e-04
3.800000000000000000e+02 8.930439999999999490e-01 1.242760698806321925e-04
3.810000000000000000e+02 8.930915999999999855e-01 1.241182565488614122e-04
3.820000000000000000e+02 8.935672999999999533e-01 1.183981854943857076e-04
3.830000000000000000e+02 8.945041999999999716e-01 1.149404610841767876e-04
3.840000000000000000e+02 8.929675999999999725e-01 1.228854743388451797e-04
3.850000000000000000e+02 8.923856000000000011e-01 1.302246564884008777e-04
3.860000000000000000e+02 8.924279999999999990e-01 1.301307364893307872e-04
3.870000000000000000e+02 8.928973999999999522e-01 1.242907721027088530e-04
3.880000000000000000e+02 8.938137000000000443e-01 1.208188788037513350e-04
3.890000000000000000e+02 8.922814999999999497e-01 1.291427720546683565e-04
3.900000000000000000e+02 8.916929000000000105e-01 1.368402119784546710e-04
3.910000000000000000e+02 8.917294999999999527e-01 1.368315186452074205e-04
3.920000000000000000e+02 8.921917000000000320e-01 1.308787364819247244e-04
3.930000000000000000e+02 8.930854000000000292e-01 1.274126920717981773e-04
3.940000000000000000e+02 8.915579000000000143e-01 1.361724608739550712e-04
3.950000000000000000e+02 8.909622000000000375e-01 1.442840874603071202e-04
3.960000000000000000e+02 8.909922999999999593e-01 1.443906652370296518e-04
3.970000000000000000e+02 8.914467000000000363e-01 1.383376341858506581e-04
3.980000000000000000e+02 8.923155000000000392e-01 1.349067542198203996e-04
3.990000000000000000e+02 8.907935000000000159e-01 1.441788430169047247e-04
4.000000000000000000e+02 8.901900000000000368e-01 1.527799984872987512e-04
4.010000000000000000e+02 8.902128999999999737e-01 1.530445495957904751e-04
4.020000000000000000e+02 8.906581000000000081e-01 1.469119985453988498e-04
4.030000000000000000e+02 8.914992999999999945e-01 1.435589141341538544e-04
4.040000000000000000e+02 8.899835000000000385e-01 1.534476962584655380e-04
4.050000000000000000e+02 8.893716000000000399e-01 1.626418650563213515e-04
4.060000000000000000e+02 8.893862999999999630e-01 1.631258294959739914e-04
4.070000000000000000e+02 8.898211999999999788e-01 1.569471095571505696e-04
4.080000000000000000e+02 8.906317999999999735e-01 1.537344340334042582e-04
4.090000000000000000e+02 8.891231000000000551e-01 1.643850472612840442e-04
4.100000000000000000e+02 8.885018999999999556e-01 1.743167804962815536e-04
4.110000000000000000e+02 8.885072000000000525e-01 1.751094915995439027e-04
4.120000000000000000e+02 8.889302000000000037e-01 1.689370294384363066e-04
4.130000000000000000e+02 8.897064000000000084e-01 1.659572428012730076e-04
4.140000000000000000e+02 8.882056000000000395e-01 1.775744160195826926e-04
4.150000000000000000e+02 8.875745999999999913e-01 1.884487092452477597e-04
4.160000000000000000e+02 8.875693000000000055e-01 1.896814203441536109e-04
4.170000000000000000e+02 8.879783999999999455e-01 1.835980426266083923e-04
4.180000000000000000e+02 8.887159999999999505e-01 1.809895093191025972e-04
4.190000000000000000e+02 8.872244000000000241e-01 1.938661314138311552e-04
4.200000000000000000e+02 8.865823000000000453e-01 2.059775979605800954e-04
4.210000000000000000e+02 8.865646999999999833e-01 2.078462201643007463e-04
4.220000000000000000e+02 8.869574999999999543e-01 2.019825757779132678e-04
4.230000000000000000e+02 8.876513000000000320e-01 1.999551980202089328e-04
4.240000000000000000e+02 8.861702999999999664e-01 2.145173312093600476e-04
4.250000000000000000e+02 8.855161999999999756e-01 2.282963532951538040e-04
4.260000000000000000e+02 8.854843000000000020e-01 2.310970643785345536e-04
4.270000000000000000e+02 8.858578999999999759e-01 2.256641755434376552e-04
4.280000000000000000e+02 8.865016999999999481e-01 2.245439977767509597e-04
4.290000000000000000e+02 8.850327000000000055e-01 2.414207976096508282e-04
4.300000000000000000e+02 8.843651999999999624e-01 2.575077307837046270e-04
4.310000000000000000e+02 8.843166999999999556e-01 2.616991974088708826e-04
4.320000000000000000e+02 8.846673000000000453e-01 2.570444418994028671e-04
4.330000000000000000e+02 8.852537000000000322e-01 2.573495085630490191e-04
4.340000000000000000e+02 8.837987000000000481e-01 2.774917305858395911e-04
4.350000000000000000e+02 8.831162999999999652e-01 2.968597303940736848e-04
4.360000000000000000e+02 8.830483000000000082e-01 3.031701303315932953e-04
4.370000000000000000e+02 8.833710000000000173e-01 2.998810636974922651e-04
4.380000000000000000e+02 8.838907999999999765e-01 3.024604414497311547e-04
4.390000000000000000e+02 8.824520000000000142e-01 3.273402634256139705e-04
4.400000000000000000e+02 8.817530000000000090e-01 3.515079076307703267e-04
4.410000000000000000e+02 8.816616999999999926e-01 3.611295964243932898e-04
4.420000000000000000e+02 8.819502999999999648e-01 3.602321742110565399e-04
4.430000000000000000e+02 8.823923999999999657e-01 3.665237297043183462e-04
4.440000000000000000e+02 8.809721999999999831e-01 3.984901293878134938e-04
4.450000000000000000e+02 8.802548000000000039e-01 4.299023957434618365e-04
4.460000000000000000e+02 8.801354999999999595e-01 4.448568844842837582e-04
4.470000000000000000e+02 8.803819000000000505e-01 4.482015955622782729e-04
4.480000000000000000e+02 8.807323000000000235e-01 4.607294176604603613e-04
4.490000000000000000e+02 8.793336999999999959e-01 5.036622172353752945e-04
4.500000000000000000e+02 8.785956000000000321e-01 5.463957279233745473e-04
4.510000000000000000e+02 8.784421999999999509e-01 5.702439054650272924e-04
4.520000000000000000e+02 8.786353999999999553e-01 5.812933275778473137e-04
4.530000000000000000e+02 8.788768999999999609e-01 6.046641717908929087e-04
4.540000000000000000e+02 8.775032000000000387e-01 6.652209711913096690e-04
4.550000000000000000e+02 8.767418999999999629e-01 7.263509261416069372e-04
4.560000000000000000e+02 8.765465999999999536e-01 7.656382146415055415e-04
4.570000000000000000e+02 8.766717000000000537e-01 7.911310143890969409e-04
4.580000000000000000e+02 8.767827000000000259e-01 8.341162584079369561e-04
4.590000000000000000e+02 8.754372000000000265e-01 9.242357241823152738e-04
4.600000000000000000e+02 8.746498000000000328e-01 1.016619189934277146e-03
4.610000000000000000e+02 8.744018000000000068e-01 1.083982033711750450e-03
4.620000000000000000e+02 8.744383000000000017e-01 1.137659010958063299e-03
4.630000000000000000e+02 8.743921000000000054e-01 1.217826832386529907e-03
4.640000000000000000e+02 8.730782999999999738e-01 1.360162475421684489e-03
4.650000000000000000e+02 8.722613999999999645e-01 1.508703807284284470e-03
4.660000000000000000e+02 8.719455999999999873e-01 1.630369761635204126e-03
4.670000000000000000e+02 8.718639999999999723e-01 1.742457049414297297e-03
4.680000000000000000e+02 8.716277999999999526e-01 1.898156425650468666e-03
4.690000000000000000e+02 8.703482000000000163e-01 2.140369756585605836e-03
4.700000000000000000e+02 8.694969000000000170e-01 2.399326198466077576e-03
4.710000000000000000e+02 8.690908999999999995e-01 2.636732418337699689e-03
4.720000000000000000e+02 8.688493000000000466e-01 2.881530638136132680e-03
4.730000000000000000e+02 8.683868999999999616e-01 3.206613301584098925e-03
4.740000000000000000e+02 8.671415999999999569e-01 3.664408852606941720e-03
4.750000000000000000e+02 8.662488000000000410e-01 4.176183069761998240e-03
4.760000000000000000e+02 8.657183000000000517e-01 4.717116397739457186e-03
4.770000000000000000e+02 8.652558999999999667e-01 5.368590169066879761e-03
4.780000000000000000e+02 8.645294000000000034e-01 6.291690604371547556e-03
4.790000000000000000e+02 8.633072999999999997e-01 7.662533257465263536e-03
4.800000000000000000e+02 8.623317999999999817e-01 9.597432793863042502e-03
4.810000000000000000e+02 8.615808000000000355e-01 1.242355365477001983e-02
4.820000000000000000e+02 8.607886000000000148e-01 1.681969938902079520e-02
4.830000000000000000e+02 8.597671000000000063e-01 2.381944865304839662e-02
4.840000000000000000e+02 8.585483000000000420e-01 3.459372410192598779e-02
4.850000000000000000e+02 8.575207999999999720e-01 4.989363506155002764e-02
4.860000000000000000e+02 8.566407000000000327e-01 6.964499486598839384e-02
4.870000000000000000e+02 8.556897999999999449e-01 9.205955464405794764e-02
4.880000000000000000e+02 8.545717999999999925e-01 1.125358033302079480e-01
4.890000000000000000e+02 8.532908000000000159e-01 1.240612609938701733e-01
4.900000000000000000e+02 8.517968999999999680e-01 1.204357854742110767e-01
4.910000000000000000e+02 8.499938999999999689e-01 1.006170123371068481e-01
4.920000000000000000e+02 8.479590999999999656e-01 7.053343930163619158e-02
4.930000000000000000e+02 8.458345000000000447e-01 4.040405293328579867e-02
4.940000000000000000e+02 8.436614000000000058e-01 1.842958203974773626e-02
4.950000000000000000e+02 8.414013000000000186e-01 6.516028379928117710e-03
4.960000000000000000e+02 8.390058999999999712e-01 1.729653493985512051e-03
4.970000000000000000e+02 8.364424000000000303e-01 3.301829300641348562e-04
4.980000000000000000e+02 8.337052999999999825e-01 4.244316402420732275e-05
4.990000000000000000e+02 8.308733000000000368e-01 3.262398189920651954e-06
5.000000000000000000e+02 8.282694999999999919e-01 1.122161944444835494e-07
5.010000000000000000e+02 8.266000999999999488e-01 0.000000000000000000e+00
