1.000000000000000000e+00 5.528461999999999543e-01 8.922793742574590620e-06
2.000000000000000000e+00 5.552757000000000387e-01 8.656844938325077718e-06
3.000000000000000000e+00 5.612593999999999639e-01 8.707510539134648029e-06
4.000000000000000000e+00 5.548952999999999802e-01 9.990294559631861319e-06
5.000000000000000000e+00 5.525965999999999934e-01 1.149654738369981396e-05
6.000000000000000000e+00 5.528629000000000460e-01 1.248676499952219858e-05
7.000000000000000000e+00 5.553398999999999974e-01 1.295538260701009556e-05
8.000000000000000000e+00 5.606468999999999481e-01 1.372824341935940134e-05
9.000000000000000000e+00 5.547239000000000475e-01 1.610055065726577237e-05
1.000000000000000000e+01 5.526248000000000271e-01 1.857557789681347598e-05
1.100000000000000000e+01 5.529218000000000188e-01 2.005118112039168973e-05
1.200000000000000000e+01 5.553145999999999916e-01 2.056590432861629474e-05
1.300000000000000000e+01 5.602945999999999760e-01 2.141500834218386791e-05
1.400000000000000000e+01 5.546164999999999567e-01 2.450732519159505460e-05
1.500000000000000000e+01 5.526318999999999537e-01 2.761178284120023051e-05
1.600000000000000000e+01 5.529475000000000362e-01 2.918115566627676137e-05
1.700000000000000000e+01 5.552764999999999507e-01 2.934087726882890376e-05
1.800000000000000000e+01 5.600260000000000238e-01 2.993018607824528705e-05
1.900000000000000000e+01 5.545208000000000359e-01 3.350022453528984413e-05
2.000000000000000000e+01 5.526117999999999864e-01 3.703625659179101651e-05
2.100000000000000000e+01 5.529378000000000348e-01 3.854406461588381964e-05
2.200000000000000000e+01 5.552137000000000322e-01 3.824281661107027262e-05
2.300000000000000000e+01 5.597843999999999598e-01 3.850153661520428074e-05
2.400000000000000000e+01 5.544143999999999739e-01 4.247673667872278220e-05
2.500000000000000000e+01 5.525617000000000445e-01 4.638886474123348435e-05
2.600000000000000000e+01 5.528952000000000311e-01 4.781446476401270959e-05
2.700000000000000000e+01 5.551258000000000026e-01 4.706457675203047490e-05
2.800000000000000000e+01 5.595495999999999803e-01 4.701244875119754100e-05
2.900000000000000000e+01 5.542909000000000308e-01 5.138460882105894400e-05
3.000000000000000000e+01 5.524841000000000335e-01 5.566390488943651272e-05
3.100000000000000000e+01 5.528237000000000290e-01 5.701548891103305289e-05
3.200000000000000000e+01 5.550142999999999605e-01 5.584224089228609057e-05
3.300000000000000000e+01 5.593129999999999491e-01 5.550371288687685670e-05
3.400000000000000000e+01 5.541492000000000084e-01 6.027196896306736125e-05
3.500000000000000000e+01 5.523810999999999582e-01 6.491334503723048324e-05
3.600000000000000000e+01 5.527256000000000391e-01 6.619596905772513577e-05
3.700000000000000000e+01 5.548800999999999872e-01 6.461593703247829287e-05
3.800000000000000000e+01 5.590697999999999501e-01 6.400627302273665829e-05
3.900000000000000000e+01 5.539887000000000006e-01 6.916649710519031226e-05
4.000000000000000000e+01 5.522540999999999700e-01 7.416259318502139237e-05
4.100000000000000000e+01 5.526026000000000549e-01 7.537724920443002077e-05
4.200000000000000000e+01 5.547237000000000418e-01 7.340112117285406954e-05
4.300000000000000000e+01 5.588168999999999498e-01 7.253020915893802474e-05
4.400000000000000000e+01 5.538091000000000541e-01 7.807676924756480586e-05
4.500000000000000000e+01 5.521036999999999750e-01 8.341977733293910117e-05
4.600000000000000000e+01 5.524554000000000409e-01 8.456627335125862371e-05
4.700000000000000000e+01 5.545455999999999719e-01 8.220246531348805459e-05
4.800000000000000000e+01 5.585520000000000485e-01 8.107811329552237637e-05
4.900000000000000000e+01 5.536100999999999939e-01 8.700540939023282568e-05
5.000000000000000000e+01 5.519306999999999963e-01 9.268822548103681385e-05
5.100000000000000000e+01 5.522846999999999618e-01 9.376640149826464437e-05
5.200000000000000000e+01 5.543457999999999997e-01 9.102236945441860691e-05
5.300000000000000000e+01 5.582738000000000422e-01 8.965139343251219502e-05
5.400000000000000000e+01 5.533913999999999778e-01 9.595440153322603097e-05
5.500000000000000000e+01 5.517351999999999812e-01 1.019707856293599897e-04
5.600000000000000000e+01 5.520909000000000511e-01 1.029807056454972006e-04
5.700000000000000000e+01 5.541245999999999672e-01 9.986329759568509008e-05
5.800000000000000000e+01 5.579809000000000019e-01 9.825168156993356692e-05
5.900000000000000000e+01 5.531528999999999474e-01 1.049259216765792034e-04
6.000000000000000000e+01 5.515176000000000522e-01 1.112704337779562327e-04
6.100000000000000000e+01 5.518743999999999872e-01 1.122124177930079015e-04
6.200000000000000000e+01 5.538819999999999855e-01 1.087279057373299494e-04
6.300000000000000000e+01 5.576723999999999570e-01 1.068810257078192102e-04
6.400000000000000000e+01 5.528944999999999554e-01 1.139224658203322427e-04
6.500000000000000000e+01 5.512780999999999931e-01 1.205903379268761204e-04
6.600000000000000000e+01 5.516353999999999980e-01 1.214647699408483969e-04
6.700000000000000000e+01 5.536181999999999492e-01 1.176188818793961392e-04
6.800000000000000000e+01 5.573476000000000541e-01 1.155415378462028883e-04
6.900000000000000000e+01 5.526159000000000487e-01 1.229465299645250080e-04
7.000000000000000000e+01 5.510165999999999675e-01 1.299336020761692931e-04
7.100000000000000000e+01 5.513738999999999724e-01 1.307410580890713684e-04
7.200000000000000000e+01 5.533331000000000222e-01 1.265390420219286640e-04
7.300000000000000000e+01 5.570057999999999954e-01 1.242355539851219283e-04
7.400000000000000000e+01 5.523169999999999469e-01 1.320008341092009357e-04
7.500000000000000000e+01 5.507332999999999812e-01 1.393034902258878693e-04
7.600000000000000000e+01 5.510901999999999745e-01 1.400446742377310248e-04
7.700000000000000000e+01 5.530266999999999822e-01 1.354913621649750464e-04
7.800000000000000000e+01 5.566465000000000440e-01 1.329656341246171806e-04
7.900000000000000000e+01 5.519977000000000356e-01 1.410883862544081661e-04
8.000000000000000000e+01 5.504282000000000341e-01 1.487035543760886031e-04
8.100000000000000000e+01 5.507843000000000044e-01 1.493792663868856072e-04
8.200000000000000000e+01 5.526990999999999987e-01 1.444791063085874589e-04
8.300000000000000000e+01 5.562692000000000192e-01 1.417347542647362762e-04
8.400000000000000000e+01 5.516579000000000343e-01 1.502124824001993130e-04
8.500000000000000000e+01 5.501011999999999569e-01 1.581375705268318671e-04
8.600000000000000000e+01 5.504561000000000037e-01 1.587487385365975244e-04
8.700000000000000000e+01 5.523502000000000134e-01 1.535057944528221468e-04
8.800000000000000000e+01 5.558735000000000204e-01 1.505460504055292970e-04
8.900000000000000000e+01 5.512972999999999901e-01 1.593766745466311443e-04
9.000000000000000000e+01 5.497524999999999773e-01 1.676095706781820520e-04
9.100000000000000000e+01 5.501057999999999781e-01 1.681571546869317440e-04
9.200000000000000000e+01 5.519798999999999678e-01 1.625752665977404736e-04
9.300000000000000000e+01 5.554590999999999834e-01 1.594031065470535066e-04
9.400000000000000000e+01 5.509159000000000139e-01 1.685848986937665372e-04
9.500000000000000000e+01 5.493818000000000312e-01 1.771238748302081986e-04
9.600000000000000000e+01 5.497332000000000329e-01 1.776090268379603072e-04
9.700000000000000000e+01 5.515881999999999730e-01 1.716915867434073528e-04
9.800000000000000000e+01 5.550256000000000078e-01 1.683097946893707367e-04
9.900000000000000000e+01 5.505134000000000416e-01 1.778414108416735142e-04
1.000000000000000000e+02 5.489891999999999550e-01 1.866852829829870517e-04
1.010000000000000000e+02 5.493384000000000045e-01 1.871091549897599589e-04
1.020000000000000000e+02 5.511749999999999705e-01 1.808593628898964476e-04
1.030000000000000000e+02 5.545725999999999711e-01 1.772704668325505778e-04
1.040000000000000000e+02 5.500897999999999621e-01 1.871509469904277206e-04
1.050000000000000000e+02 5.485744999999999649e-01 1.962989471366008345e-04
1.060000000000000000e+02 5.489212999999999454e-01 1.966628191424150398e-04
1.070000000000000000e+02 5.507400999999999547e-01 1.900835550372869808e-04
1.080000000000000000e+02 5.540998999999999786e-01 1.862899229766696934e-04
1.090000000000000000e+02 5.496448000000000444e-01 1.965187231401125604e-04
1.100000000000000000e+02 5.481376999999999500e-01 2.059704672911390872e-04
1.110000000000000000e+02 5.484816999999999609e-01 2.062757472960170726e-04
1.120000000000000000e+02 5.502833999999999781e-01 1.993695711856654108e-04
1.130000000000000000e+02 5.536071000000000186e-01 1.953733791218114605e-04
1.140000000000000000e+02 5.491783000000000081e-01 2.059503072908169699e-04
1.150000000000000000e+02 5.476786000000000154e-01 2.157059234466989731e-04
1.160000000000000000e+02 5.480196999999999985e-01 2.159539874506627248e-04
1.170000000000000000e+02 5.498049000000000408e-01 2.087232353351247468e-04
1.180000000000000000e+02 5.530939999999999745e-01 2.045264992680663832e-04
1.190000000000000000e+02 5.486900999999999584e-01 2.154517794426380852e-04
1.200000000000000000e+02 5.471970000000000445e-01 2.255118116033842874e-04
1.210000000000000000e+02 5.475349000000000466e-01 2.257040996064567557e-04
1.220000000000000000e+02 5.493042000000000202e-01 2.181508194857652337e-04
1.230000000000000000e+02 5.525601999999999459e-01 2.137553634155315706e-04
1.240000000000000000e+02 5.481799000000000532e-01 2.250296355956797286e-04
1.250000000000000000e+02 5.466929000000000372e-01 2.353949797613043846e-04
1.260000000000000000e+02 5.470274000000000525e-01 2.355330917635112416e-04
1.270000000000000000e+02 5.487813999999999748e-01 2.276589796376931988e-04
1.280000000000000000e+02 5.520053999999999794e-01 2.230664995643113677e-04
1.290000000000000000e+02 5.476476000000000122e-01 2.346907557500518045e-04
1.300000000000000000e+02 5.461660000000000403e-01 2.453628199205774504e-04
1.310000000000000000e+02 5.464968999999999522e-01 2.454482919219431601e-04
1.320000000000000000e+02 5.482359999999999456e-01 2.372548197910222050e-04
1.330000000000000000e+02 5.514293999999999585e-01 2.324668197145162286e-04
1.340000000000000000e+02 5.470930000000000515e-01 2.444425639058729399e-04
1.350000000000000000e+02 5.456159999999999899e-01 2.554231080813276983e-04
1.360000000000000000e+02 5.459431999999999618e-01 2.554575720818784011e-04
1.370000000000000000e+02 5.476680000000000437e-01 2.469459239458734112e-04
1.380000000000000000e+02 5.508317000000000352e-01 2.419638438662662398e-04
1.390000000000000000e+02 5.465155999999999903e-01 2.542929320632689974e-04
1.400000000000000000e+02 5.450428999999999968e-01 2.655841642436881185e-04
1.410000000000000000e+02 5.453660999999999648e-01 2.655693802434519100e-04
1.420000000000000000e+02 5.470770999999999828e-01 2.567404521023771671e-04
1.430000000000000000e+02 5.502120999999999817e-01 2.515655400196888320e-04
1.440000000000000000e+02 5.459154000000000506e-01 2.642502762223743456e-04
1.450000000000000000e+02 5.444463000000000497e-01 2.758549164078013334e-04
1.460000000000000000e+02 5.447653999999999552e-01 2.757925484068047954e-04
1.470000000000000000e+02 5.464630000000000321e-01 2.666469802606705360e-04
1.480000000000000000e+02 5.495702000000000087e-01 2.612803881749194189e-04
1.490000000000000000e+02 5.452919999999999989e-01 2.743235243833317153e-04
1.500000000000000000e+02 5.438260000000000316e-01 2.862446445738156065e-04
1.510000000000000000e+02 5.441409000000000384e-01 2.861365165720878797e-04
1.520000000000000000e+02 5.458254999999999635e-01 2.766746284208992219e-04
1.530000000000000000e+02 5.489055999999999935e-01 2.711173163321006774e-04
1.540000000000000000e+02 5.446450999999999931e-01 2.845220205462903069e-04
1.550000000000000000e+02 5.431816999999999895e-01 2.967632047418884461e-04
1.560000000000000000e+02 5.434921000000000335e-01 2.966111087394581488e-04
1.570000000000000000e+02 5.451641999999999877e-01 2.868329005832152010e-04
1.580000000000000000e+02 5.482179999999999831e-01 2.810857324913829613e-04
1.590000000000000000e+02 5.439743999999999691e-01 2.948557167114093051e-04
1.600000000000000000e+02 5.425130000000000230e-01 3.074209649121855607e-04
1.610000000000000000e+02 5.428188000000000457e-01 3.072267249090818880e-04
1.620000000000000000e+02 5.444788000000000405e-01 2.971320047477814057e-04
1.630000000000000000e+02 5.475069000000000186e-01 2.911957486529277977e-04
1.640000000000000000e+02 5.432793999999999679e-01 3.053351408788568147e-04
1.650000000000000000e+02 5.418197000000000152e-01 3.182289330848827864e-04
1.660000000000000000e+02 5.421207000000000109e-01 3.179945330811373839e-04
1.670000000000000000e+02 5.437688999999999995e-01 3.075827249147702848e-04
1.680000000000000000e+02 5.467720000000000358e-01 3.014580848169065358e-04
1.690000000000000000e+02 5.425598000000000365e-01 3.159715250488123305e-04
1.700000000000000000e+02 5.411011999999999489e-01 3.291987252601657273e-04
1.710000000000000000e+02 5.413974000000000286e-01 3.289264052558144220e-04
1.720000000000000000e+02 5.430342000000000224e-01 3.181965810843658741e-04
1.730000000000000000e+02 5.460127999999999648e-01 3.118840369834996072e-04
1.740000000000000000e+02 5.418152999999999997e-01 3.267766452214640699e-04
1.750000000000000000e+02 5.403573000000000404e-01 3.403430454382374323e-04
1.760000000000000000e+02 5.406484999999999763e-01 3.400342454333032016e-04
1.770000000000000000e+02 5.422742000000000395e-01 3.289856052567603556e-04
1.780000000000000000e+02 5.452287999999999579e-01 3.224857651529014469e-04
1.790000000000000000e+02 5.410452999999999513e-01 3.377632053970149734e-04
1.800000000000000000e+02 5.395875999999999451e-01 3.516745656193003195e-04
1.810000000000000000e+02 5.398735999999999535e-01 3.513318456138241085e-04
1.820000000000000000e+02 5.414885000000000392e-01 3.399625654321578776e-04
1.830000000000000000e+02 5.444193999999999978e-01 3.332755253253076783e-04
1.840000000000000000e+02 5.402493000000000434e-01 3.489443255756746135e-04
1.850000000000000000e+02 5.387914000000000314e-01 3.632070458035743061e-04
1.860000000000000000e+02 5.390721000000000540e-01 3.628323257975867694e-04
1.870000000000000000e+02 5.406765999999999517e-01 3.511408056107715630e-04
1.880000000000000000e+02 5.435843000000000202e-01 3.442668855009352455e-04
1.890000000000000000e+02 5.394269000000000425e-01 3.603334457576578978e-04
1.900000000000000000e+02 5.379684000000000133e-01 3.749552059912945553e-04
1.910000000000000000e+02 5.382436999999999916e-01 3.745504059848264017e-04
1.920000000000000000e+02 5.398380000000000400e-01 3.625347257928315109e-04
1.930000000000000000e+02 5.427227000000000023e-01 3.554739256800091294e-04
1.940000000000000000e+02 5.385775999999999897e-01 3.719462459432153439e-04
1.950000000000000000e+02 5.371179000000000370e-01 3.869340861827014568e-04
1.960000000000000000e+02 5.373877000000000237e-01 3.865020861757986412e-04
1.970000000000000000e+02 5.389720999999999540e-01 3.741596859785831751e-04
1.980000000000000000e+02 5.418340999999999852e-01 3.669120058627747295e-04
1.990000000000000000e+02 5.377007000000000314e-01 3.837977661325871247e-04
2.000000000000000000e+02 5.362394999999999801e-01 3.991603263780607743e-04
2.010000000000000000e+02 5.365035999999999694e-01 3.987033663707591777e-04
2.020000000000000000e+02 5.380783000000000094e-01 3.860313661682771274e-04
2.030000000000000000e+02 5.409178000000000042e-01 3.785974460494927999e-04
2.040000000000000000e+02 5.367956000000000394e-01 3.959052863260495111e-04
2.050000000000000000e+02 5.353324999999999889e-01 4.116515265776538425e-04
2.060000000000000000e+02 5.355906999999999751e-01 4.111718465699891836e-04
2.070000000000000000e+02 5.371559999999999668e-01 3.981676863621996581e-04
2.080000000000000000e+02 5.399732999999999894e-01 3.905468862404292123e-04
2.090000000000000000e+02 5.358616999999999964e-01 4.082867265238887392e-04
2.100000000000000000e+02 5.343961999999999879e-01 4.244259267817720701e-04
2.110000000000000000e+02 5.346484000000000236e-01 4.239260867737852396e-04
2.120000000000000000e+02 5.362044999999999728e-01 4.105865665606371661e-04
2.130000000000000000e+02 5.389996000000000231e-01 4.027788864358806563e-04
2.140000000000000000e+02 5.348981999999999903e-01 4.209603267263962718e-04
2.150000000000000000e+02 5.334299000000000124e-01 4.375033669907324560e-04
2.160000000000000000e+02 5.336760000000000392e-01 4.369859269824644533e-04
2.170000000000000000e+02 5.352230999999999517e-01 4.233072067638964141e-04
2.180000000000000000e+02 5.379960999999999771e-01 4.153126466361537318e-04
2.190000000000000000e+02 5.339045000000000041e-01 4.339472069339097432e-04
2.200000000000000000e+02 5.324328999999999867e-01 4.509046472048674624e-04
2.210000000000000000e+02 5.326726999999999990e-01 4.503728071963693062e-04
2.220000000000000000e+02 5.342109999999999914e-01 4.363507269723148198e-04
2.230000000000000000e+02 5.369620000000000504e-01 4.281692868415860735e-04
2.240000000000000000e+02 5.328796000000000088e-01 4.472681671467612901e-04
2.250000000000000000e+02 5.314043999999999990e-01 4.646521674245348709e-04
2.260000000000000000e+02 5.316378000000000492e-01 4.641091274158577968e-04
2.270000000000000000e+02 5.331673999999999580e-01 4.497395271862503273e-04
2.280000000000000000e+02 5.358962999999999921e-01 4.413708870525304530e-04
2.290000000000000000e+02 5.318228000000000399e-01 4.609472073653344474e-04
2.300000000000000000e+02 5.303434999999999677e-01 4.787702476501233886e-04
2.310000000000000000e+02 5.305701999999999918e-01 4.782185676413082333e-04
2.320000000000000000e+02 5.320913999999999922e-01 4.634972874060814076e-04
2.330000000000000000e+02 5.347982000000000014e-01 4.549411272693651247e-04
2.340000000000000000e+02 5.307330000000000103e-01 4.750083275900127502e-04
2.350000000000000000e+02 5.292491999999999752e-01 4.932841678820368064e-04
2.360000000000000000e+02 5.294691999999999732e-01 4.927276878731450416e-04
2.370000000000000000e+02 5.309819000000000067e-01 4.776492876322118515e-04
2.380000000000000000e+02 5.336665000000000436e-01 4.689056074924993225e-04
2.390000000000000000e+02 5.296094000000000079e-01 4.894784078212257965e-04
2.400000000000000000e+02 5.281206999999999985e-01 5.082217681207202393e-04
2.410000000000000000e+02 5.283335999999999588e-01 5.076636881118027755e-04
2.420000000000000000e+02 5.298380999999999785e-01 4.922230478650815476e-04
2.430000000000000000e+02 5.325003999999999849e-01 4.832918477223726098e-04
2.440000000000000000e+02 5.284507999999999983e-01 5.043862480594335680e-04
2.450000000000000000e+02 5.269566999999999446e-01 5.236124883666437970e-04
2.460000000000000000e+02 5.271624999999999783e-01 5.230566483577621601e-04
2.470000000000000000e+02 5.286587999999999843e-01 5.072483281051658318e-04
2.480000000000000000e+02 5.312985000000000069e-01 4.981296079594607022e-04
2.490000000000000000e+02 5.272561999999999527e-01 5.197619283051168985e-04
2.500000000000000000e+02 5.257562000000000069e-01 5.394880086203138496e-04
2.510000000000000000e+02 5.259546000000000499e-01 5.389388886115396935e-04
2.520000000000000000e+02 5.274429000000000478e-01 5.227564883529660106e-04
2.530000000000000000e+02 5.300597000000000225e-01 5.134505682042695904e-04
2.540000000000000000e+02 5.260243000000000002e-01 5.356393685588176599e-04
2.550000000000000000e+02 5.245178999999999814e-01 5.558832088822878402e-04
2.560000000000000000e+02 5.247087999999999752e-01 5.553446488736822574e-04
2.570000000000000000e+02 5.261890000000000178e-01 5.387824086090394187e-04
2.580000000000000000e+02 5.287825999999999915e-01 5.292896084573568260e-04
2.590000000000000000e+02 5.247538000000000480e-01 5.520540888211034232e-04
2.600000000000000000e+02 5.232405999999999446e-01 5.728348891531534872e-04
2.610000000000000000e+02 5.234237000000000473e-01 5.723116891447934665e-04
2.620000000000000000e+02 5.248958999999999708e-01 5.553628888739736659e-04
2.630000000000000000e+02 5.274659999999999904e-01 5.456838487193153538e-04
2.640000000000000000e+02 5.234432999999999447e-01 5.690451290925980588e-04
2.650000000000000000e+02 5.219228000000000200e-01 5.903833694335552419e-04
2.660000000000000000e+02 5.220979999999999510e-01 5.898806494255224566e-04
2.670000000000000000e+02 5.235621000000000302e-01 5.725385691484186470e-04
2.680000000000000000e+02 5.261082000000000258e-01 5.626739289907946350e-04
2.690000000000000000e+02 5.220913999999999833e-01 5.866544093739712836e-04
2.700000000000000000e+02 5.205630999999999453e-01 6.085724897241936385e-04
2.710000000000000000e+02 5.207300000000000262e-01 6.080956897165749886e-04
2.720000000000000000e+02 5.221860000000000390e-01 5.903529694330695611e-04
2.730000000000000000e+02 5.247076999999999991e-01 5.803040092725003218e-04
2.740000000000000000e+02 5.206963999999999482e-01 6.049283296659647936e-04
2.750000000000000000e+02 5.191597999999999491e-01 6.274496100258254022e-04
2.760000000000000000e+02 5.193181999999999521e-01 6.270048100187180238e-04
2.770000000000000000e+02 5.207661000000000096e-01 6.088540897286933698e-04
2.780000000000000000e+02 5.232626999999999695e-01 5.986220895651993756e-04
2.790000000000000000e+02 5.192565999999999571e-01 6.239161699693655892e-04
2.800000000000000000e+02 5.177110999999999796e-01 6.470662503392736855e-04
2.810000000000000000e+02 5.178606999999999516e-01 6.466601703327850593e-04
2.820000000000000000e+02 5.193005000000000537e-01 6.280937700361182352e-04
2.830000000000000000e+02 5.217713999999999963e-01 6.176806498697301950e-04
2.840000000000000000e+02 5.177701000000000109e-01 6.436726502850484378e-04
2.850000000000000000e+02 5.162153000000000436e-01 6.674793706654486491e-04
2.860000000000000000e+02 5.163558000000000314e-01 6.671187306596861478e-04
2.870000000000000000e+02 5.177872000000000030e-01 6.481286503562495253e-04
2.880000000000000000e+02 5.202316999999999636e-01 6.375372901870133939e-04
2.890000000000000000e+02 5.162349999999999994e-01 6.642576106139692384e-04
2.900000000000000000e+02 5.146701999999999666e-01 6.887500910053270982e-04
2.910000000000000000e+02 5.148013000000000172e-01 6.884432110004235763e-04
2.920000000000000000e+02 5.162242000000000219e-01 6.690214506900890937e-04
2.930000000000000000e+02 5.186414000000000302e-01 6.582550505180561609e-04
2.940000000000000000e+02 5.146490999999999705e-01 6.857363309571710063e-04
2.950000000000000000e+02 5.130736999999999659e-01 7.109468913600029043e-04
2.960000000000000000e+02 5.131949999999999568e-01 7.107024113560965516e-04
2.970000000000000000e+02 5.146093000000000472e-01 6.908403310387263444e-04
2.980000000000000000e+02 5.169983999999999691e-01 6.799030508639629291e-04
2.990000000000000000e+02 5.130101000000000244e-01 7.081811313158096815e-04
3.000000000000000000e+02 5.114233999999999725e-01 7.341440117306627161e-04
3.010000000000000000e+02 5.115347000000000088e-01 7.339715317279066429e-04
3.020000000000000000e+02 5.129399999999999515e-01 7.136611314033729746e-04
3.030000000000000000e+02 5.152999000000000329e-01 7.025580912259608585e-04
3.040000000000000000e+02 5.113153999999999755e-01 7.316716916911581619e-04
3.050000000000000000e+02 5.097169000000000283e-01 7.584240121186252778e-04
3.060000000000000000e+02 5.098175999999999819e-01 7.583337721171834814e-04
3.070000000000000000e+02 5.112136999999999931e-01 7.375670517853582901e-04
3.080000000000000000e+02 5.135431999999999775e-01 7.263046516053999445e-04
3.090000000000000000e+02 5.095621999999999652e-01 7.562953720846123974e-04
3.100000000000000000e+02 5.079512000000000471e-01 7.838774525253380462e-04
3.110000000000000000e+02 5.080409000000000175e-01 7.838819325254095917e-04
3.120000000000000000e+02 5.094275000000000331e-01 7.626502521861551216e-04
3.130000000000000000e+02 5.117255000000000553e-01 7.512361720037729479e-04
3.140000000000000000e+02 5.077477000000000240e-01 7.821497724977320102e-04
3.150000000000000000e+02 5.061234000000000011e-01 8.106054529524166176e-04
3.160000000000000000e+02 5.062018000000000351e-01 8.107177729542113485e-04
3.170000000000000000e+02 5.075783999999999851e-01 7.890134526074045473e-04
3.180000000000000000e+02 5.098433999999999466e-01 7.774572924227523066e-04
3.190000000000000000e+02 5.058686000000000016e-01 8.093433729322502051e-04
3.200000000000000000e+02 5.042303000000000202e-01 8.387203334016556143e-04
3.210000000000000000e+02 5.042967000000000422e-01 8.389552134054087482e-04
3.220000000000000000e+02 5.056627999999999679e-01 8.167705730509272144e-04
3.230000000000000000e+02 5.078932999999999920e-01 8.050838528641886174e-04
3.240000000000000000e+02 5.039213000000000164e-01 8.379971333900999029e-04
3.250000000000000000e+02 5.022682000000000535e-01 8.683468938750494833e-04
3.260000000000000000e+02 5.023220999999999936e-01 8.687212938810318476e-04
3.270000000000000000e+02 5.036772999999999945e-01 8.460496135187679919e-04
3.280000000000000000e+02 5.058715000000000295e-01 8.342467333301734631e-04
3.290000000000000000e+02 5.019019999999999593e-01 8.682464138734437981e-04
3.300000000000000000e+02 5.002332999999999918e-01 8.996256143748425924e-04
3.310000000000000000e+02 5.002741000000000549e-01 9.001584143833559403e-04
3.320000000000000000e+02 5.016175999999999968e-01 8.769936140132127350e-04
3.330000000000000000e+02 5.037736999999999910e-01 8.650912138230278754e-04
3.340000000000000000e+02 4.998064999999999869e-01 9.002428943847059356e-04
3.350000000000000000e+02 4.981211999999999862e-01 9.327132949035404430e-04
3.360000000000000000e+02 4.981482999999999883e-01 9.334262549149326994e-04
3.370000000000000000e+02 4.994794000000000178e-01 9.097638545368383822e-04
3.380000000000000000e+02 5.015952999999999662e-01 8.977827343453957621e-04
3.390000000000000000e+02 4.976301000000000196e-01 9.341580949266264922e-04
3.400000000000000000e+02 4.959274000000000182e-01 9.677878554639861167e-04
3.410000000000000000e+02 4.959399999999999920e-01 9.687049754786404912e-04
3.420000000000000000e+02 4.972578000000000276e-01 9.445420950925493241e-04
3.430000000000000000e+02 4.993311999999999751e-01 9.325072149002476161e-04
3.440000000000000000e+02 4.953678000000000248e-01 9.701862555023093573e-04
3.450000000000000000e+02 4.936465999999999910e-01 1.005049616059380422e-03
3.460000000000000000e+02 4.936439000000000243e-01 1.006199376077751995e-03
3.470000000000000000e+02 4.949474999999999847e-01 9.815350556836484070e-04
3.480000000000000000e+02 4.969756000000000173e-01 9.694768154909735088e-04
3.490000000000000000e+02 4.930139000000000049e-01 1.008547216115267438e-03
3.500000000000000000e+02 4.912732000000000210e-01 1.044727056693374023e-03
3.510000000000000000e+02 4.912543999999999800e-01 1.046141456715974282e-03
3.520000000000000000e+02 4.925424999999999942e-01 1.020978256313899218e-03
3.530000000000000000e+02 4.945225999999999789e-01 1.008932816121428828e-03
3.540000000000000000e+02 4.905622000000000038e-01 1.049492816769524803e-03
3.550000000000000000e+02 4.888008999999999826e-01 1.087080017370119049e-03
3.560000000000000000e+02 4.887649000000000021e-01 1.088796817397551285e-03
3.570000000000000000e+02 4.900362999999999802e-01 1.063140496987596871e-03
3.580000000000000000e+02 4.919649999999999856e-01 1.051152976796051889e-03
3.590000000000000000e+02 4.880058999999999925e-01 1.093311697469693134e-03
3.600000000000000000e+02 4.862226000000000048e-01 1.132408018094401307e-03
3.610000000000000000e+02 4.861684000000000005e-01 1.134470098127350699e-03
3.620000000000000000e+02 4.874215000000000075e-01 1.108332497709706198e-03
3.630000000000000000e+02 4.892952999999999886e-01 1.096456337519940375e-03
3.640000000000000000e+02 4.853372000000000241e-01 1.140336658221090737e-03
3.650000000000000000e+02 4.835306999999999800e-01 1.181055058871717479e-03
3.660000000000000000e+02 4.834569000000000227e-01 1.183513618911002062e-03
3.670000000000000000e+02 4.846901000000000126e-01 1.156912018485943203e-03
3.680000000000000000e+02 4.865047000000000121e-01 1.145213458299015451e-03
3.690000000000000000e+02 4.825475000000000181e-01 1.190953619029883580e-03
3.700000000000000000e+02 4.807162999999999853e-01 1.233421139708458947e-03
3.710000000000000000e+02 4.806217999999999879e-01 1.236335379755024817e-03
3.720000000000000000e+02 4.818327000000000027e-01 1.209296659322981306e-03
3.730000000000000000e+02 4.835838000000000081e-01 1.197855699140169860e-03
3.740000000000000000e+02 4.796271999999999758e-01 1.245612499903261039e-03
3.750000000000000000e+02 4.777699000000000251e-01 1.289972180612070779e-03
3.760000000000000000e+02 4.776528999999999914e-01 1.293413140667052860e-03
3.770000000000000000e+02 4.788393000000000232e-01 1.265975060228628204e-03
3.780000000000000000e+02 4.805215999999999932e-01 1.254890580051512723e-03
3.790000000000000000e+02 4.765654999999999752e-01 1.304842580849680488e-03
3.800000000000000000e+02 4.746802999999999995e-01 1.351256341591311775e-03
3.810000000000000000e+02 4.745389999999999886e-01 1.355308821656065182e-03
3.820000000000000000e+02 4.756982000000000155e-01 1.327523541212092661e-03
3.830000000000000000e+02 4.773059000000000052e-01 1.316917461042621529e-03
3.840000000000000000e+02 4.733499999999999930e-01 1.369268821879127563e-03
3.850000000000000000e+02 4.714350999999999958e-01 1.417922262656546098e-03
3.860000000000000000e+02 4.712676000000000087e-01 1.422688342732701889e-03
3.870000000000000000e+02 4.723960999999999855e-01 1.394627862284332108e-03
3.880000000000000000e+02 4.739226000000000272e-01 1.384650902124913256e-03
3.890000000000000000e+02 4.699667000000000150e-01 1.439638743003547171e-03
3.900000000000000000e+02 4.680200999999999945e-01 1.490744343820147927e-03
3.910000000000000000e+02 4.678241000000000205e-01 1.496348503909695213e-03
3.920000000000000000e+02 4.689181000000000044e-01 1.468110423458487360e-03
3.930000000000000000e+02 4.703558999999999934e-01 1.458950743312127651e-03
3.940000000000000000e+02 4.663997999999999755e-01 1.516851224237301737e-03
3.950000000000000000e+02 4.644192999999999794e-01 1.570656345097037236e-03
3.960000000000000000e+02 4.641919999999999935e-01 1.577251865202425113e-03
3.970000000000000000e+02 4.652469000000000188e-01 1.548968344750491352e-03
3.980000000000000000e+02 4.665872999999999826e-01 1.540861784620959057e-03
3.990000000000000000e+02 4.626308000000000087e-01 1.601999705597863342e-03
4.000000000000000000e+02 4.606139000000000205e-01 1.658794586505371290e-03
4.010000000000000000e+02 4.603521999999999892e-01 1.666572826629657365e-03
4.020000000000000000e+02 4.613624000000000058e-01 1.638421786179840561e-03
4.030000000000000000e+02 4.625955999999999957e-01 1.631667546071916691e-03
4.040000000000000000e+02 4.586384000000000016e-01 1.696430107106737832e-03
4.050000000000000000e+02 4.565823999999999994e-01 1.756559388067525365e-03
4.060000000000000000e+02 4.562825999999999826e-01 1.765761948214570037e-03
4.070000000000000000e+02 4.572416000000000258e-01 1.737984667770725361e-03
4.080000000000000000e+02 4.583560999999999885e-01 1.732965147690519910e-03
4.090000000000000000e+02 4.543979000000000212e-01 1.801818908790713209e-03
4.100000000000000000e+02 4.522997000000000267e-01 1.865697309811406492e-03
4.110000000000000000e+02 4.519573000000000063e-01 1.876634589986170233e-03
4.120000000000000000e+02 4.528571000000000124e-01 1.849559069553538678e-03
4.130000000000000000e+02 4.538398000000000154e-01 1.846767389508931429e-03
4.140000000000000000e+02 4.498800000000000021e-01 1.920283550683623544e-03
4.150000000000000000e+02 4.477362999999999760e-01 1.988419871772353041e-03
4.160000000000000000e+02 4.473460000000000214e-01 2.001496351981298452e-03
4.170000000000000000e+02 4.481767999999999863e-01 1.975571551567053500e-03
4.180000000000000000e+02 4.490122999999999753e-01 1.975652191568341969e-03
4.190000000000000000e+02 4.450505000000000155e-01 2.054540192828869290e-03
4.200000000000000000e+02 4.428572000000000064e-01 2.127568353995763946e-03
4.210000000000000000e+02 4.424123999999999834e-01 2.143321634247480605e-03
4.220000000000000000e+02 4.431623000000000090e-01 2.119167393861527519e-03
4.230000000000000000e+02 4.438327000000000244e-01 2.122973793922348657e-03
4.240000000000000000e+02 4.398679999999999812e-01 2.208133155283084278e-03
4.250000000000000000e+02 4.376206999999999736e-01 2.286861156541054700e-03
4.260000000000000000e+02 4.371133999999999853e-01 2.306019236847175850e-03
4.270000000000000000e+02 4.377675999999999790e-01 2.284501796503355438e-03
4.280000000000000000e+02 4.382516000000000189e-01 2.293181476642045316e-03
4.290000000000000000e+02 4.342829999999999746e-01 2.385775718121580565e-03
4.300000000000000000e+02 4.319762999999999797e-01 2.471260839487521028e-03
4.310000000000000000e+02 4.313964000000000132e-01 2.494832679864168214e-03
4.320000000000000000e+02 4.319362999999999952e-01 2.477182119582135508e-03
4.330000000000000000e+02 4.322090000000000098e-01 2.492306919823810123e-03
4.340000000000000000e+02 4.282349999999999768e-01 2.593881961446846320e-03
4.350000000000000000e+02 4.258623999999999743e-01 2.687548522943515854e-03
4.360000000000000000e+02 4.251970999999999945e-01 2.716970923413647172e-03
4.370000000000000000e+02 4.255994000000000166e-01 2.704968683221866971e-03
4.380000000000000000e+02 4.256308999999999787e-01 2.728742763601745783e-03
4.390000000000000000e+02 4.216493000000000047e-01 2.841416365402122876e-03
4.400000000000000000e+02 4.192031999999999980e-01 2.945254767061325062e-03
4.410000000000000000e+02 4.184358000000000244e-01 2.982638127658661983e-03
4.420000000000000000e+02 4.186703999999999981e-01 2.978923887599314001e-03
4.430000000000000000e+02 4.184250999999999943e-01 3.014521968168124271e-03
4.440000000000000000e+02 4.144327999999999901e-01 3.141300850193885427e-03
4.450000000000000000e+02 4.119034999999999780e-01 3.258208052061909756e-03
4.460000000000000000e+02 4.110119999999999885e-01 3.306752052837579840e-03
4.470000000000000000e+02 4.110401000000000193e-01 3.315344052974868432e-03
4.480000000000000000e+02 4.104753999999999903e-01 3.367468853807754729e-03
4.490000000000000000e+02 4.064674999999999816e-01 3.512780856129650749e-03
4.500000000000000000e+02 4.038424999999999931e-01 3.647129658276369434e-03
4.510000000000000000e+02 4.027973000000000248e-01 3.711846459310459440e-03
4.520000000000000000e+02 4.025679999999999814e-01 3.738995259744261421e-03
4.530000000000000000e+02 4.016327000000000091e-01 3.814784060955267626e-03
4.540000000000000000e+02 3.976018000000000052e-01 3.985334463680440496e-03
4.550000000000000000e+02 3.948643000000000014e-01 4.143910466214277902e-03
4.560000000000000000e+02 3.936246999999999940e-01 4.232748867633799594e-03
4.570000000000000000e+02 3.930709000000000009e-01 4.288304068521498966e-03
4.580000000000000000e+02 3.917034999999999823e-01 4.398710470285649085e-03
4.590000000000000000e+02 3.876379999999999826e-01 4.604720073577412906e-03
4.600000000000000000e+02 3.847643000000000035e-01 4.798073676666951559e-03
4.610000000000000000e+02 3.832730999999999777e-01 4.923648078673467134e-03
4.620000000000000000e+02 3.823056000000000232e-01 5.023068880262081433e-03
4.630000000000000000e+02 3.804334999999999800e-01 5.184800082846334653e-03
4.640000000000000000e+02 3.763143999999999934e-01 5.441772886952424802e-03
4.650000000000000000e+02 3.732691000000000203e-01 5.686364890860684876e-03
4.660000000000000000e+02 3.714439999999999964e-01 5.868992093778829279e-03
4.670000000000000000e+02 3.699443000000000037e-01 6.037152096465806320e-03
4.680000000000000000e+02 3.674836000000000213e-01 6.276764900294506261e-03
4.690000000000000000e+02 3.632793999999999746e-01 6.610032105619681464e-03
4.700000000000000000e+02 3.600061999999999984e-01 6.934464110803681761e-03
4.710000000000000000e+02 3.577268000000000114e-01 7.210985715222135474e-03
4.720000000000000000e+02 3.555415000000000103e-01 7.494169719747045995e-03
4.730000000000000000e+02 3.524029000000000189e-01 7.865251325676444333e-03
4.740000000000000000e+02 3.480595000000000216e-01 8.339324933251523325e-03
4.750000000000000000e+02 3.444613999999999732e-01 8.839244941239591050e-03
4.760000000000000000e+02 3.415434999999999999e-01 9.365340949645918969e-03
4.770000000000000000e+02 3.384692999999999730e-01 1.001726096006274984e-02
4.780000000000000000e+02 3.345478000000000063e-01 1.093122257466666060e-02
4.790000000000000000e+02 3.299288000000000221e-01 1.221774739522364824e-02
4.800000000000000000e+02 3.257684000000000135e-01 1.397679702333096477e-02
4.810000000000000000e+02 3.218908999999999798e-01 1.643926106267792550e-02
4.820000000000000000e+02 3.176946999999999965e-01 1.997290271914090379e-02
4.830000000000000000e+02 3.129437999999999942e-01 2.496912359897398778e-02
4.840000000000000000e+02 3.079779999999999740e-01 3.164469170564084693e-02
4.850000000000000000e+02 3.032675000000000232e-01 3.980464063602617841e-02
4.860000000000000000e+02 2.985304999999999764e-01 4.862819277701502241e-02
4.870000000000000000e+02 2.933102000000000209e-01 5.641232090139522426e-02
4.880000000000000000e+02 2.874145000000000172e-01 6.065705696922055884e-02
4.890000000000000000e+02 2.807854000000000183e-01 5.897878494240396674e-02
4.900000000000000000e+02 2.733336000000000099e-01 5.062611280893917348e-02
4.910000000000000000e+02 2.650780999999999832e-01 3.746585659865546425e-02
4.920000000000000000e+02 2.562532000000000143e-01 2.334240997298122830e-02
4.930000000000000000e+02 2.470534000000000063e-01 1.195632339104643442e-02
4.940000000000000000e+02 2.374774000000000052e-01 4.914544078527996462e-03
4.950000000000000000e+02 2.274100000000000010e-01 1.578506265222468907e-03
4.960000000000000000e+02 2.167257999999999962e-01 3.835641661288544634e-04
4.970000000000000000e+02 2.053378999999999899e-01 6.749766507852454189e-05
4.980000000000000000e+02 1.932829000000000075e-01 8.048233728600265815e-06
4.990000000000000000e+02 1.810184999999999989e-01 5.768912092179681706e-07
5.000000000000000000e+02 1.700386999999999871e-01 1.858610589698170146e-08
5.010000000000000000e+02 1.631868999999999958e-01 0.000000000000000000e+00
