1.000000000000000000e+00 9.682762000000000313e-01 1.562275721978541689e-05
2.000000000000000000e+00 9.643488999999999534e-01 2.498294298016177543e-05
3.000000000000000000e+00 9.649299999999999544e-01 3.115682872484842718e-05
4.000000000000000000e+00 9.650153000000000203e-01 3.640558589355105635e-05
5.000000000000000000e+00 9.650518999999999625e-01 4.112651448822603504e-05
6.000000000000000000e+00 9.650672999999999613e-01 4.555140022430039491e-05
7.000000000000000000e+00 9.650714999999999710e-01 4.981678595958936135e-05
8.000000000000000000e+00 9.650689999999999547e-01 5.401035740881043277e-05
9.000000000000000000e+00 9.650627000000000510e-01 5.819011457224918644e-05
1.000000000000000000e+01 9.650535000000000085e-01 6.239444316438035466e-05
1.100000000000000000e+01 9.650421000000000138e-01 6.664818604246913931e-05
1.200000000000000000e+01 9.650288000000000199e-01 7.096647177801859968e-05
1.300000000000000000e+01 9.650140999999999858e-01 7.535748608535475094e-05
1.400000000000000000e+01 9.649980000000000224e-01 7.982444325020771037e-05
1.500000000000000000e+01 9.649807000000000246e-01 8.436702898686164465e-05
1.600000000000000000e+01 9.649623000000000506e-01 8.898258615244631915e-05
1.700000000000000000e+01 9.649429000000000478e-01 9.366705760408463861e-05
1.800000000000000000e+01 9.649227000000000221e-01 9.841551477032375113e-05
1.900000000000000000e+01 9.649014999999999675e-01 1.032227719368523797e-04
2.000000000000000000e+01 9.648792999999999953e-01 1.080836005322162284e-04
2.100000000000000000e+01 9.648560999999999943e-01 1.129931005563911833e-04
2.200000000000000000e+01 9.648320000000000229e-01 1.179467005807832719e-04
2.300000000000000000e+01 9.648067999999999644e-01 1.229403720339441368e-04
2.400000000000000000e+01 9.647807999999999939e-01 1.279704863444272784e-04
2.500000000000000000e+01 9.647537999999999947e-01 1.330338292265026336e-04
2.600000000000000000e+01 9.647259000000000251e-01 1.381275149658702536e-04
2.700000000000000000e+01 9.646968999999999683e-01 1.432490007053747474e-04
2.800000000000000000e+01 9.646668000000000465e-01 1.483961435878627575e-04
2.900000000000000000e+01 9.646358000000000432e-01 1.535668578990382401e-04
3.000000000000000000e+01 9.646036999999999528e-01 1.587597150674656236e-04
3.100000000000000000e+01 9.645707000000000031e-01 1.639732865217092823e-04
3.200000000000000000e+01 9.645365999999999662e-01 1.692058579760464816e-04
3.300000000000000000e+01 9.645015000000000116e-01 1.744567151447594627e-04
3.400000000000000000e+01 9.644652999999999698e-01 1.797244294564126000e-04
3.500000000000000000e+01 9.644279999999999520e-01 1.850081437681444854e-04
3.600000000000000000e+01 9.643897000000000164e-01 1.903074295085244963e-04
3.700000000000000000e+01 9.643504000000000520e-01 1.956212866775476839e-04
3.800000000000000000e+01 9.643100000000000005e-01 2.009492867037833712e-04
3.900000000000000000e+01 9.642684999999999729e-01 2.062908581586573404e-04
4.000000000000000000e+01 9.642258999999999691e-01 2.116457153278824286e-04
4.100000000000000000e+01 9.641823000000000476e-01 2.170131439257408498e-04
4.200000000000000000e+01 9.641374999999999806e-01 2.223932868093761450e-04
4.300000000000000000e+01 9.640916999999999959e-01 2.277855725502140965e-04
4.400000000000000000e+01 9.640446999999999766e-01 2.331898582911111632e-04
4.500000000000000000e+01 9.639967000000000397e-01 2.386061440320673183e-04
4.600000000000000000e+01 9.639474999999999572e-01 2.440342869159389664e-04
4.700000000000000000e+01 9.638972000000000095e-01 2.494741440855825667e-04
4.800000000000000000e+01 9.638457999999999748e-01 2.549257155409981736e-04
4.900000000000000000e+01 9.637932999999999639e-01 2.603890012821857597e-04
5.000000000000000000e+01 9.637396000000000296e-01 2.658640013091453252e-04
5.100000000000000000e+01 9.636848000000000081e-01 2.713508584790203567e-04
5.200000000000000000e+01 9.636287999999999521e-01 2.768494299346673676e-04
5.300000000000000000e+01 9.635717000000000310e-01 2.823598585332299528e-04
5.400000000000000000e+01 9.635135000000000227e-01 2.878824299889951943e-04
5.500000000000000000e+01 9.634540999999999800e-01 2.934171443019630379e-04
5.600000000000000000e+01 9.633935000000000137e-01 2.989641443292770785e-04
5.700000000000000000e+01 9.633317000000000130e-01 3.045234300709374247e-04
5.800000000000000000e+01 9.632686999999999777e-01 3.100954300983745906e-04
5.900000000000000000e+01 9.632045999999999664e-01 3.156801444115886306e-04
6.000000000000000000e+01 9.631391999999999731e-01 3.212778587248667347e-04
6.100000000000000000e+01 9.630727000000000038e-01 3.268885730382087946e-04
6.200000000000000000e+01 9.630049000000000525e-01 3.325127159230455956e-04
6.300000000000000000e+01 9.629360000000000142e-01 3.381502873793770835e-04
6.400000000000000000e+01 9.628657999999999939e-01 3.438017159786339351e-04
6.500000000000000000e+01 9.627944000000000502e-01 3.494671445779597456e-04
6.600000000000000000e+01 9.627217000000000136e-01 3.551467160344981100e-04
6.700000000000000000e+01 9.626478000000000534e-01 3.608407160625359475e-04
6.800000000000000000e+01 9.625726999999999478e-01 3.665492875192170701e-04
6.900000000000000000e+01 9.624962999999999713e-01 3.722728589759720461e-04
7.000000000000000000e+01 9.624186000000000130e-01 3.780117161470880117e-04
7.100000000000000000e+01 9.623397000000000201e-01 3.837658590325648583e-04
7.200000000000000000e+01 9.622593999999999870e-01 3.895357162038334798e-04
7.300000000000000000e+01 9.621779000000000304e-01 3.953215733751808494e-04
7.400000000000000000e+01 9.620950999999999809e-01 4.011235734037506165e-04
7.500000000000000000e+01 9.620109999999999495e-01 4.069421448609733495e-04
7.600000000000000000e+01 9.619254999999999889e-01 4.127775734611362928e-04
7.700000000000000000e+01 9.618387999999999938e-01 4.186298592042392839e-04
7.800000000000000000e+01 9.617506999999999584e-01 4.244997163760003524e-04
7.900000000000000000e+01 9.616613000000000522e-01 4.303870021192756864e-04
8.000000000000000000e+01 9.615704999999999947e-01 4.362921450054961796e-04
8.100000000000000000e+01 9.614783000000000079e-01 4.422155736060924005e-04
8.200000000000000000e+01 9.613848000000000393e-01 4.481575736353515392e-04
8.300000000000000000e+01 9.612899000000000305e-01 4.541184308075605692e-04
8.400000000000000000e+01 9.611937000000000397e-01 4.600985736941503841e-04
8.500000000000000000e+01 9.610959999999999503e-01 4.660981451522644165e-04
8.600000000000000000e+01 9.609969999999999901e-01 4.721172880390461530e-04
8.700000000000000000e+01 9.608965000000000423e-01 4.781565737830700824e-04
8.800000000000000000e+01 9.607944000000000484e-01 4.842160023843359879e-04
8.900000000000000000e+01 9.606911000000000200e-01 4.902964309857053317e-04
9.000000000000000000e+01 9.605863000000000040e-01 4.963978595871780053e-04
9.100000000000000000e+01 9.604800000000000004e-01 5.025208596173283892e-04
9.200000000000000000e+01 9.603722999999999566e-01 5.086655739332999158e-04
9.300000000000000000e+01 9.602631000000000361e-01 5.148324311065234247e-04
9.400000000000000000e+01 9.601522999999999586e-01 5.210212882798552665e-04
9.500000000000000000e+01 9.600400999999999518e-01 5.272331454533002275e-04
9.600000000000000000e+01 9.599263000000000101e-01 5.334680026268585245e-04
9.700000000000000000e+01 9.598109999999999697e-01 5.397265740862479703e-04
9.800000000000000000e+01 9.596943000000000001e-01 5.460091455457554300e-04
9.900000000000000000e+01 9.595759999999999845e-01 5.523158598625247696e-04
1.000000000000000000e+02 9.594559999999999755e-01 5.586468598936993133e-04
1.010000000000000000e+02 9.593344000000000316e-01 5.650028599249969823e-04
1.020000000000000000e+02 9.592112999999999889e-01 5.713840028135613175e-04
1.030000000000000000e+02 9.590866000000000113e-01 5.777912885593973220e-04
1.040000000000000000e+02 9.589602999999999877e-01 5.842247171625047789e-04
1.050000000000000000e+02 9.588324000000000291e-01 5.906845743371709869e-04
1.060000000000000000e+02 9.587027999999999661e-01 5.971711457976831361e-04
1.070000000000000000e+02 9.585713999999999624e-01 6.036848601154716325e-04
1.080000000000000000e+02 9.584384000000000237e-01 6.102262887191109647e-04
1.090000000000000000e+02 9.583038000000000389e-01 6.167958601800317556e-04
1.100000000000000000e+02 9.581674999999999498e-01 6.233940030696646277e-04
1.110000000000000000e+02 9.580294000000000310e-01 6.300211459594403122e-04
1.120000000000000000e+02 9.578896000000000077e-01 6.366775745636458908e-04
1.130000000000000000e+02 9.577480999999999911e-01 6.433637174537122031e-04
1.140000000000000000e+02 9.576046999999999754e-01 6.500800032010696549e-04
1.150000000000000000e+02 9.574595999999999663e-01 6.568270032342926265e-04
1.160000000000000000e+02 9.573127000000000164e-01 6.636048604105247673e-04
1.170000000000000000e+02 9.571640000000000148e-01 6.704144318726273227e-04
1.180000000000000000e+02 9.570134999999999614e-01 6.772558604777438335e-04
1.190000000000000000e+02 9.568611000000000200e-01 6.841297176544486802e-04
1.200000000000000000e+02 9.567067999999999683e-01 6.910365748313159178e-04
1.210000000000000000e+02 9.565506999999999760e-01 6.979765748654893041e-04
1.220000000000000000e+02 9.563926000000000371e-01 7.049505748998301929e-04
1.230000000000000000e+02 9.562325999999999881e-01 7.119587177914819083e-04
1.240000000000000000e+02 9.560707000000000511e-01 7.190015749690188305e-04
1.250000000000000000e+02 9.559067999999999454e-01 7.260797178610154485e-04
1.260000000000000000e+02 9.557409999999999517e-01 7.331937178960454922e-04
1.270000000000000000e+02 9.555730999999999531e-01 7.403438607883964769e-04
1.280000000000000000e+02 9.554032000000000080e-01 7.475305751094990254e-04
1.290000000000000000e+02 9.552313999999999528e-01 7.547550037165014648e-04
1.300000000000000000e+02 9.550573999999999453e-01 7.620167180379733892e-04
1.310000000000000000e+02 9.548813000000000439e-01 7.693170037882065583e-04
1.320000000000000000e+02 9.547031999999999741e-01 7.766561466814881623e-04
1.330000000000000000e+02 9.545228999999999520e-01 7.840344324321053913e-04
1.340000000000000000e+02 9.543405999999999834e-01 7.914527181829197075e-04
1.350000000000000000e+02 9.541560000000000041e-01 7.989112896482178676e-04
1.360000000000000000e+02 9.539691999999999616e-01 8.064108611137181179e-04
1.370000000000000000e+02 9.537803000000000253e-01 8.139522897222814871e-04
1.380000000000000000e+02 9.535890000000000200e-01 8.215352897596211101e-04
1.390000000000000000e+02 9.533956000000000097e-01 8.291612897971723959e-04
1.400000000000000000e+02 9.531998000000000415e-01 8.368305755492225348e-04
1.410000000000000000e+02 9.530016999999999516e-01 8.445435755872023661e-04
1.420000000000000000e+02 9.528014000000000205e-01 8.523011470539729184e-04
1.430000000000000000e+02 9.525987000000000204e-01 8.601038613781086806e-04
1.440000000000000000e+02 9.523935999999999513e-01 8.679522899881838161e-04
1.450000000000000000e+02 9.521859999999999769e-01 8.758468614556290562e-04
1.460000000000000000e+02 9.519760999999999918e-01 8.837881472090186727e-04
1.470000000000000000e+02 9.517636000000000429e-01 8.917770043912138025e-04
1.480000000000000000e+02 9.515487000000000251e-01 8.998138615736453938e-04
1.490000000000000000e+02 9.513312999999999908e-01 9.078995758991746916e-04
1.500000000000000000e+02 9.511112999999999928e-01 9.160347187963758598e-04
1.510000000000000000e+02 9.508887000000000311e-01 9.242200045509669278e-04
1.520000000000000000e+02 9.506636000000000530e-01 9.324561474486653834e-04
1.530000000000000000e+02 9.504358000000000528e-01 9.407438617751894732e-04
1.540000000000000000e+02 9.502053999999999778e-01 9.490838618162565762e-04
1.550000000000000000e+02 9.499722999999999917e-01 9.574767190004411814e-04
1.560000000000000000e+02 9.497364000000000361e-01 9.659230047563173438e-04
1.570000000000000000e+02 9.494977999999999474e-01 9.744232905124594439e-04
1.580000000000000000e+02 9.492563000000000528e-01 9.829785762688722679e-04
1.590000000000000000e+02 9.490121000000000251e-01 9.915894334541304131e-04
1.600000000000000000e+02 9.487649999999999695e-01 1.000256719211094908e-03
1.610000000000000000e+02 9.485149999999999970e-01 1.008981433539770647e-03
1.620000000000000000e+02 9.482620999999999967e-01 1.017764290725875443e-03
1.630000000000000000e+02 9.480062999999999684e-01 1.026606005055127543e-03
1.640000000000000000e+02 9.477474000000000176e-01 1.035507147956100677e-03
1.650000000000000000e+02 9.474856000000000389e-01 1.044468576571656307e-03
1.660000000000000000e+02 9.472205999999999682e-01 1.053490862330368812e-03
1.670000000000000000e+02 9.469524999999999748e-01 1.062575005232242872e-03
1.680000000000000000e+02 9.466812999999999478e-01 1.071721862420140382e-03
1.690000000000000000e+02 9.464069000000000509e-01 1.080932148179778503e-03
1.700000000000000000e+02 9.461292999999999509e-01 1.090207005368306215e-03
1.710000000000000000e+02 9.458484000000000336e-01 1.099547148271440896e-03
1.720000000000000000e+02 9.455643000000000242e-01 1.108953576889188091e-03
1.730000000000000000e+02 9.452768000000000281e-01 1.118427148364408395e-03
1.740000000000000000e+02 9.449859000000000453e-01 1.127968576982820055e-03
1.750000000000000000e+02 9.446915999999999647e-01 1.137578719887284316e-03
1.760000000000000000e+02 9.443937999999999500e-01 1.147258434220662640e-03
1.770000000000000000e+02 9.440925000000000011e-01 1.157008577125816272e-03
1.780000000000000000e+02 9.437875999999999488e-01 1.166830291459893974e-03
1.790000000000000000e+02 9.434791000000000150e-01 1.176724434365756774e-03
1.800000000000000000e+02 9.431669000000000302e-01 1.186692291557696647e-03
1.810000000000000000e+02 9.428511000000000530e-01 1.196734577321431842e-03
1.820000000000000000e+02 9.425314999999999666e-01 1.206852291656966818e-03
1.830000000000000000e+02 9.422080999999999928e-01 1.217046577421450554e-03
1.840000000000000000e+02 9.418809000000000209e-01 1.227318148900600429e-03
1.850000000000000000e+02 9.415497000000000449e-01 1.237668291808708418e-03
1.860000000000000000e+02 9.412146000000000123e-01 1.248097863288636419e-03
1.870000000000000000e+02 9.408754999999999757e-01 1.258608006197532323e-03
1.880000000000000000e+02 9.405324000000000462e-01 1.269199863392544893e-03
1.890000000000000000e+02 9.401850999999999958e-01 1.279874434873679457e-03
1.900000000000000000e+02 9.398336000000000467e-01 1.290632863498083474e-03
1.910000000000000000e+02 9.394778999999999769e-01 1.301476149265762923e-03
1.920000000000000000e+02 9.391180000000000083e-01 1.312405720748152779e-03
1.930000000000000000e+02 9.387537000000000242e-01 1.323422435088114722e-03
1.940000000000000000e+02 9.383850000000000247e-01 1.334527577999940510e-03
1.950000000000000000e+02 9.380117999999999512e-01 1.345722292340778906e-03
1.960000000000000000e+02 9.376341000000000259e-01 1.357007863824921884e-03
1.970000000000000000e+02 9.372517999999999683e-01 1.368385435309517773e-03
1.980000000000000000e+02 9.368648000000000531e-01 1.379856149651715116e-03
1.990000000000000000e+02 9.364732000000000056e-01 1.391421578280093189e-03
2.000000000000000000e+02 9.360766999999999838e-01 1.403082578337513453e-03
2.010000000000000000e+02 9.356754000000000460e-01 1.414840721252554750e-03
2.020000000000000000e+02 9.352692000000000228e-01 1.426697292739509274e-03
2.030000000000000000e+02 9.348579999999999668e-01 1.438652864226951404e-03
2.040000000000000000e+02 9.344417000000000417e-01 1.450711435714900719e-03
2.050000000000000000e+02 9.340203000000000255e-01 1.462870007203342102e-03
2.060000000000000000e+02 9.335936000000000234e-01 1.475134292978018706e-03
2.070000000000000000e+02 9.331616999999999829e-01 1.487502864467494471e-03
2.080000000000000000e+02 9.327244000000000090e-01 1.499978578814640650e-03
2.090000000000000000e+02 9.322816000000000436e-01 1.512561436019457025e-03
2.100000000000000000e+02 9.318334000000000339e-01 1.525254293224815498e-03
2.110000000000000000e+02 9.313795000000000268e-01 1.538058579002150828e-03
2.120000000000000000e+02 9.309199000000000224e-01 1.550974293351463666e-03
2.130000000000000000e+02 9.304546000000000205e-01 1.564005721987060454e-03
2.140000000000000000e+02 9.299834000000000156e-01 1.577151436337506001e-03
2.150000000000000000e+02 9.295061999999999491e-01 1.590414293545670908e-03
2.160000000000000000e+02 9.290230000000000432e-01 1.603797150754426642e-03
2.170000000000000000e+02 9.285337000000000174e-01 1.617300007963773422e-03
2.180000000000000000e+02 9.280382000000000353e-01 1.630924293745146872e-03
2.190000000000000000e+02 9.275362999999999802e-01 1.644672865241417811e-03
2.200000000000000000e+02 9.270279999999999632e-01 1.658547151024022080e-03
2.210000000000000000e+02 9.265132000000000367e-01 1.672548579664395307e-03
2.220000000000000000e+02 9.259918000000000315e-01 1.686680008305408741e-03
2.230000000000000000e+02 9.254636000000000529e-01 1.700940008375626759e-03
2.240000000000000000e+02 9.249287000000000480e-01 1.715334294160791428e-03
2.250000000000000000e+02 9.243867999999999530e-01 1.729862865660903399e-03
2.260000000000000000e+02 9.238378999999999897e-01 1.744527151447397648e-03
2.270000000000000000e+02 9.232818000000000414e-01 1.759330008663145643e-03
2.280000000000000000e+02 9.227184000000000497e-01 1.774272865879583227e-03
2.290000000000000000e+02 9.221477000000000146e-01 1.789357151668145808e-03
2.300000000000000000e+02 9.215693999999999830e-01 1.804585723171704638e-03
2.310000000000000000e+02 9.209836000000000134e-01 1.819961437533130751e-03
2.320000000000000000e+02 9.203900000000000414e-01 1.835484294752424148e-03
2.330000000000000000e+02 9.197885000000000089e-01 1.851157151972456297e-03
2.340000000000000000e+02 9.191789999999999683e-01 1.866982866336098015e-03
2.350000000000000000e+02 9.185615000000000308e-01 1.882962866414785580e-03
2.360000000000000000e+02 9.179355999999999627e-01 1.899100009351389591e-03
2.370000000000000000e+02 9.173014000000000445e-01 1.915394295145910050e-03
2.380000000000000000e+02 9.166585999999999901e-01 1.931851438084089892e-03
2.390000000000000000e+02 9.160070999999999630e-01 1.948471438165928684e-03
2.400000000000000000e+02 9.153468000000000160e-01 1.965257152534297894e-03
2.410000000000000000e+02 9.146775999999999796e-01 1.982211438332068341e-03
2.420000000000000000e+02 9.139992000000000116e-01 1.999334295559240457e-03
2.430000000000000000e+02 9.133115000000000538e-01 2.016631438501556746e-03
2.440000000000000000e+02 9.126144000000000478e-01 2.034104295730451966e-03
2.450000000000000000e+02 9.119076999999999877e-01 2.051754295817362610e-03
2.460000000000000000e+02 9.111913000000000373e-01 2.069585724476595123e-03
2.470000000000000000e+02 9.104649000000000214e-01 2.087598581708149936e-03
2.480000000000000000e+02 9.097285000000000510e-01 2.105798581797768687e-03
2.490000000000000000e+02 9.089817000000000036e-01 2.124185724745452242e-03
2.500000000000000000e+02 9.082244999999999902e-01 2.142764296265506612e-03
2.510000000000000000e+02 9.074567000000000050e-01 2.161535724929367856e-03
2.520000000000000000e+02 9.066781000000000423e-01 2.180505725022778042e-03
2.530000000000000000e+02 9.058884000000000380e-01 2.199672867974302413e-03
2.540000000000000000e+02 9.050875999999999921e-01 2.219044296641118231e-03
2.550000000000000000e+02 9.042753000000000041e-01 2.238620011023225494e-03
2.560000000000000000e+02 9.034514000000000156e-01 2.258402868263495889e-03
2.570000000000000000e+02 9.026157000000000208e-01 2.278398582647671484e-03
2.580000000000000000e+02 9.017680000000000140e-01 2.298608582747187472e-03
2.590000000000000000e+02 9.009080000000000421e-01 2.319035725704915972e-03
2.600000000000000000e+02 9.000354999999999883e-01 2.339682868663728234e-03
2.610000000000000000e+02 8.991504000000000163e-01 2.360554297337929836e-03
2.620000000000000000e+02 8.982523000000000035e-01 2.381652868870393330e-03
2.630000000000000000e+02 8.973410000000000553e-01 2.402982868975424725e-03
2.640000000000000000e+02 8.964164000000000021e-01 2.424545726224459647e-03
2.650000000000000000e+02 8.954779999999999962e-01 2.446345726331805408e-03
2.660000000000000000e+02 8.945258000000000376e-01 2.468387155011768450e-03
2.670000000000000000e+02 8.935592999999999453e-01 2.490672869407220026e-03
2.680000000000000000e+02 8.925783999999999940e-01 2.513207155232467446e-03
2.690000000000000000e+02 8.915828000000000086e-01 2.535991441058945469e-03
2.700000000000000000e+02 8.905722000000000360e-01 2.559032869743833091e-03
2.710000000000000000e+02 8.895463000000000120e-01 2.582331441287129010e-03
2.720000000000000000e+02 8.885047999999999835e-01 2.605894298546012657e-03
2.730000000000000000e+02 8.874474999999999447e-01 2.629724298663354415e-03
2.740000000000000000e+02 8.863739000000000479e-01 2.653824298782025536e-03
2.750000000000000000e+02 8.852839000000000125e-01 2.678200013187768524e-03
2.760000000000000000e+02 8.841769999999999907e-01 2.702854299023455063e-03
2.770000000000000000e+02 8.830529000000000295e-01 2.727791442003391163e-03
2.780000000000000000e+02 8.819114000000000120e-01 2.753015727841884135e-03
2.790000000000000000e+02 8.807519999999999794e-01 2.778532870824676482e-03
2.800000000000000000e+02 8.795743999999999785e-01 2.804344299523203396e-03
2.810000000000000000e+02 8.783782999999999452e-01 2.830457156794643440e-03
2.820000000000000000e+02 8.771632000000000318e-01 2.856874299781867431e-03
2.830000000000000000e+02 8.759287999999999519e-01 2.883601442770617872e-03
2.840000000000000000e+02 8.746747000000000272e-01 2.910641442903766016e-03
2.850000000000000000e+02 8.734005000000000241e-01 2.938001443038489556e-03
2.860000000000000000e+02 8.721058000000000421e-01 2.965682871746224986e-03
2.870000000000000000e+02 8.707901000000000113e-01 2.993694300455584760e-03
2.880000000000000000e+02 8.694530000000000314e-01 3.022038586309441430e-03
2.890000000000000000e+02 8.680940999999999796e-01 3.050720015022100138e-03
2.900000000000000000e+02 8.667129999999999557e-01 3.079744300879305122e-03
2.910000000000000000e+02 8.653089999999999948e-01 3.109117158166798019e-03
2.920000000000000000e+02 8.638818999999999804e-01 3.138844301170320029e-03
2.930000000000000000e+02 8.624311000000000060e-01 3.168928587032745006e-03
2.940000000000000000e+02 8.609560000000000546e-01 3.199377158611248478e-03
2.950000000000000000e+02 8.594562000000000035e-01 3.230194301620138621e-03
2.960000000000000000e+02 8.579310999999999465e-01 3.261387158916592699e-03
2.970000000000000000e+02 8.563802000000000358e-01 3.292958587643482829e-03
2.980000000000000000e+02 8.548029000000000321e-01 3.324917159229421899e-03
2.990000000000000000e+02 8.531986000000000292e-01 3.357265730817281593e-03
3.000000000000000000e+02 8.515667999999999571e-01 3.390012873835675233e-03
3.010000000000000000e+02 8.499069000000000207e-01 3.423161445427474071e-03
3.020000000000000000e+02 8.482180999999999749e-01 3.456718588449856234e-03
3.030000000000000000e+02 8.465000000000000302e-01 3.490691445759999852e-03
3.040000000000000000e+02 8.447516999999999943e-01 3.525084303072210934e-03
3.050000000000000000e+02 8.429727000000000192e-01 3.559902874672233285e-03
3.060000000000000000e+02 8.411623000000000294e-01 3.595154303417244165e-03
3.070000000000000000e+02 8.393197000000000019e-01 3.630844303592986079e-03
3.080000000000000000e+02 8.374441999999999720e-01 3.666978589485201095e-03
3.090000000000000000e+02 8.355350000000000277e-01 3.703565732522503401e-03
3.100000000000000000e+02 8.335913999999999824e-01 3.740608589847763815e-03
3.110000000000000000e+02 8.316124999999999767e-01 3.778114304318160466e-03
3.120000000000000000e+02 8.295976000000000461e-01 3.816091447362307109e-03
3.130000000000000000e+02 8.275457999999999981e-01 3.854544304694510620e-03
3.140000000000000000e+02 8.254561999999999733e-01 3.893480019171948695e-03
3.150000000000000000e+02 8.233279000000000014e-01 3.932904305080364704e-03
3.160000000000000000e+02 8.211600000000000010e-01 3.972825733848370233e-03
3.170000000000000000e+02 8.189516000000000018e-01 4.013247162618839570e-03
3.180000000000000000e+02 8.167016000000000275e-01 4.054178591391818624e-03
3.190000000000000000e+02 8.144092000000000553e-01 4.095624305881616876e-03
3.200000000000000000e+02 8.120730999999999922e-01 4.137590020373975094e-03
3.210000000000000000e+02 8.096923999999999788e-01 4.180084306297507032e-03
3.220000000000000000e+02 8.072658999999999807e-01 4.223112877937956929e-03
3.230000000000000000e+02 8.047925999999999691e-01 4.266681449581064683e-03
3.240000000000000000e+02 8.022713000000000205e-01 4.310797164084010161e-03
3.250000000000000000e+02 7.997005999999999837e-01 4.355464307161098503e-03
3.260000000000000000e+02 7.970795000000000519e-01 4.400690021669510441e-03
3.270000000000000000e+02 7.944065999999999628e-01 4.446481450466420633e-03
3.280000000000000000e+02 7.916807000000000150e-01 4.492842879266138560e-03
3.290000000000000000e+02 7.889002000000000514e-01 4.539781450925841483e-03
3.300000000000000000e+02 7.860639000000000376e-01 4.587300022588399785e-03
3.310000000000000000e+02 7.831702999999999859e-01 4.635405737110991596e-03
3.320000000000000000e+02 7.802177999999999614e-01 4.684104308779360286e-03
3.330000000000000000e+02 7.772050000000000347e-01 4.733400023307812732e-03
3.340000000000000000e+02 7.741303000000000489e-01 4.783295737839219318e-03
3.350000000000000000e+02 7.709918999999999523e-01 4.833798595230758173e-03
3.360000000000000000e+02 7.677882000000000318e-01 4.884910024053865790e-03
3.370000000000000000e+02 7.645174999999999610e-01 4.936635738594282938e-03
3.380000000000000000e+02 7.611778999999999629e-01 4.988977167423446976e-03
3.390000000000000000e+02 7.577675000000000383e-01 5.041937167684228289e-03
3.400000000000000000e+02 7.542845000000000244e-01 5.095518596519498129e-03
3.410000000000000000e+02 7.507266999999999690e-01 5.149722882500692121e-03
3.420000000000000000e+02 7.470921999999999841e-01 5.204551454199245891e-03
3.430000000000000000e+02 7.433788000000000062e-01 5.260002883043723813e-03
3.440000000000000000e+02 7.395842000000000249e-01 5.316077169034125020e-03
3.450000000000000000e+02 7.357061999999999768e-01 5.372774312170452114e-03
3.460000000000000000e+02 7.317424000000000150e-01 5.430090026738395616e-03
3.470000000000000000e+02 7.276903999999999595e-01 5.488022884166520766e-03
3.480000000000000000e+02 7.235475000000000101e-01 5.546567170169085063e-03
3.490000000000000000e+02 7.193112000000000394e-01 5.605718599031781629e-03
3.500000000000000000e+02 7.149788000000000254e-01 5.665468599325998444e-03
3.510000000000000000e+02 7.105474000000000512e-01 5.725810028194554778e-03
3.520000000000000000e+02 7.060140999999999778e-01 5.786731457065967359e-03
3.530000000000000000e+02 7.013759000000000521e-01 5.848222885940186806e-03
3.540000000000000000e+02 6.966295999999999600e-01 5.910270029102857731e-03
3.550000000000000000e+02 6.917718999999999951e-01 5.972857172268186514e-03
3.560000000000000000e+02 6.867995999999999546e-01 6.035967172578948249e-03
3.570000000000000000e+02 6.817090000000000094e-01 6.099577172892171190e-03
3.580000000000000000e+02 6.764966000000000035e-01 6.163665744636321817e-03
3.590000000000000000e+02 6.711586000000000496e-01 6.228207173525559734e-03
3.600000000000000000e+02 6.656910000000000327e-01 6.293171459559736801e-03
3.610000000000000000e+02 6.600899000000000072e-01 6.358525745595834493e-03
3.620000000000000000e+02 6.543508999999999576e-01 6.424234317347963033e-03
3.630000000000000000e+02 6.484697999999999851e-01 6.490252889101618024e-03
3.640000000000000000e+02 6.424419000000000102e-01 6.556538603713730692e-03
3.650000000000000000e+02 6.362626000000000115e-01 6.623038604041184621e-03
3.660000000000000000e+02 6.299270000000000147e-01 6.689697175797991273e-03
3.670000000000000000e+02 6.234298000000000339e-01 6.756451461840981380e-03
3.680000000000000000e+02 6.167660000000000364e-01 6.823231462169814486e-03
3.690000000000000000e+02 6.099297999999999664e-01 6.889961462498401558e-03
3.700000000000000000e+02 6.029157000000000544e-01 6.956554319969169425e-03
3.710000000000000000e+02 5.957175999999999583e-01 7.022915748867369391e-03
3.720000000000000000e+02 5.883293000000000550e-01 7.088942892049636402e-03
3.730000000000000000e+02 5.807444000000000495e-01 7.154520035229689108e-03
3.740000000000000000e+02 5.729562000000000266e-01 7.219518606978321193e-03
3.750000000000000000e+02 5.649577000000000071e-01 7.283798607294843935e-03
3.760000000000000000e+02 5.567417000000000060e-01 7.347202893321338503e-03
3.770000000000000000e+02 5.483006000000000268e-01 7.409560036485535878e-03
3.780000000000000000e+02 5.396263999999999506e-01 7.470678608215062209e-03
3.790000000000000000e+02 5.307110999999999912e-01 7.530347179937449224e-03
3.800000000000000000e+02 5.215461999999999598e-01 7.588331465937256035e-03
3.810000000000000000e+02 5.121227000000000418e-01 7.644372894784638717e-03
3.820000000000000000e+02 5.024313999999999725e-01 7.698182895049605207e-03
3.830000000000000000e+02 4.924627999999999783e-01 7.749441466730581408e-03
3.840000000000000000e+02 4.822068999999999939e-01 7.797791466968660885e-03
3.850000000000000000e+02 4.716534000000000004e-01 7.842837181476184846e-03
3.860000000000000000e+02 4.607916000000000234e-01 7.884135753108116249e-03
3.870000000000000000e+02 4.496103000000000183e-01 7.921192896147732920e-03
3.880000000000000000e+02 4.380978999999999846e-01 7.953455753449455504e-03
3.890000000000000000e+02 4.262426000000000270e-01 7.980302896438798074e-03
3.900000000000000000e+02 4.140321000000000140e-01 8.001037182255182206e-03
3.910000000000000000e+02 4.014538000000000273e-01 8.014867182323283379e-03
3.920000000000000000e+02 3.884946000000000232e-01 8.020905753781587544e-03
3.930000000000000000e+02 3.751413000000000109e-01 8.018141468053690754e-03
3.940000000000000000e+02 3.613804999999999934e-01 8.005424325133927294e-03
3.950000000000000000e+02 3.471987000000000267e-01 7.981440039301540557e-03
3.960000000000000000e+02 3.325825000000000031e-01 7.944680039120530571e-03
3.970000000000000000e+02 3.175187999999999899e-01 7.893405753153764220e-03
3.980000000000000000e+02 3.019951000000000163e-01 7.825602895677036958e-03
3.990000000000000000e+02 2.860001999999999822e-01 7.738932895250264128e-03
4.000000000000000000e+02 2.695243999999999973e-01 7.630652894717080727e-03
4.010000000000000000e+02 2.525607999999999742e-01 7.497545751204502673e-03
4.020000000000000000e+02 2.351068000000000047e-01 7.335821464693867769e-03
4.030000000000000000e+02 2.171658999999999951e-01 7.141002892305986505e-03
4.040000000000000000e+02 1.987509000000000081e-01 6.907822891157781343e-03
4.050000000000000000e+02 1.798887999999999876e-01 6.630138604076146573e-03
4.060000000000000000e+02 1.606283000000000016e-01 6.300961459598096448e-03
4.070000000000000000e+02 1.410517000000000021e-01 5.912737171972149569e-03
4.080000000000000000e+02 1.212939999999999990e-01 5.458164312590922489e-03
4.090000000000000000e+02 1.015724999999999961e-01 4.931975738571336802e-03
4.100000000000000000e+02 8.222880000000000467e-02 4.334144307056116488e-03
4.110000000000000000e+02 6.377143999999999868e-02 3.674551446665347797e-03
4.120000000000000000e+02 4.688345000000000012e-02 2.977751443234223031e-03
4.130000000000000000e+02 3.232966000000000312e-02 2.284358582677018835e-03
4.140000000000000000e+02 2.073227999999999877e-02 1.644757150956118645e-03
4.150000000000000000e+02 1.230914999999999961e-02 1.104765291154278595e-03
4.160000000000000000e+02 6.770014000000000413e-03 6.903864319709717692e-04
4.170000000000000000e+02 3.465377999999999861e-03 4.015672876916497719e-04
4.180000000000000000e+02 1.661874999999999941e-03 2.179774296447748122e-04
4.190000000000000000e+02 7.516416999999999630e-04 1.108322576886080807e-04
4.200000000000000000e+02 3.223726000000000109e-04 5.299555740381343727e-05
4.210000000000000000e+02 1.316404000000000077e-04 2.391905726063736244e-05
4.220000000000000000e+02 5.132611999999999776e-05 1.022360433605650249e-05
4.230000000000000000e+02 1.914641000000000089e-05 4.149940020434787705e-06
4.240000000000000000e+02 6.843790999999999982e-06 1.603601436467748647e-06
4.250000000000000000e+02 2.346892999999999944e-06 5.910858600534327422e-07
4.260000000000000000e+02 7.728915000000000225e-07 2.081895724537211087e-07
4.270000000000000000e+02 2.446557999999999798e-07 7.017311463125486980e-08
4.280000000000000000e+02 7.449752000000000229e-08 2.266455725446006202e-08
4.290000000000000000e+02 2.183628000000000103e-08 7.022274320292781612e-09
4.300000000000000000e+02 6.165034000000000199e-09 2.089254296002017024e-09
4.310000000000000000e+02 1.677463999999999947e-09 5.973987172273751765e-10
4.320000000000000000e+02 4.400969000000000046e-10 1.642967150947304438e-10
4.330000000000000000e+02 1.113816000000000003e-10 4.348894307128747249e-11
4.340000000000000000e+02 2.720324999999999922e-11 1.108595434030281438e-11
4.350000000000000000e+02 6.413915999999999910e-12 2.722957156265301342e-12
4.360000000000000000e+02 1.460346000000000046e-12 6.447387174604827832e-13
4.370000000000000000e+02 3.211712999999999767e-13 1.472244292963787850e-13
4.380000000000000000e+02 6.824466999999999985e-14 3.243275730255981515e-14
4.390000000000000000e+02 1.401327999999999960e-14 6.894952891094408056e-15
4.400000000000000000e+02 2.781149000000000022e-15 1.414939864110185702e-15
4.410000000000000000e+02 5.335591000000000007e-16 2.803512870947680939e-16
4.420000000000000000e+02 9.896076999999999423e-17 5.364228597842657466e-17
4.430000000000000000e+02 1.774605000000000119e-17 9.913312905957163663e-18
4.440000000000000000e+02 3.076962999999999841e-18 1.769657151571140477e-18
4.450000000000000000e+02 5.158665999999999980e-19 3.051804300741725473e-19
4.460000000000000000e+02 8.362733000000000547e-20 5.084465739322215626e-20
4.470000000000000000e+02 1.310825000000000038e-20 8.184022897441938487e-21
4.480000000000000000e+02 1.986579999999999869e-21 1.272681291981116643e-21
4.490000000000000000e+02 2.910718999999999872e-22 1.912008580843524508e-22
4.500000000000000000e+02 4.122724999999999921e-23 2.774925727949771467e-23
4.510000000000000000e+02 5.644228000000000259e-24 3.890141447726938229e-24
4.520000000000000000e+02 7.467854000000000402e-25 5.267220025936405290e-25
4.530000000000000000e+02 9.547328999999999726e-26 6.887098605341446442e-26
4.540000000000000000e+02 1.179165999999999966e-26 8.694698614242279085e-27
4.550000000000000000e+02 1.406616999999999931e-27 1.059614862360524058e-27
4.560000000000000000e+02 1.620215000000000064e-28 1.246280863279689248e-28
4.570000000000000000e+02 1.801531000000000133e-29 1.414308435535648135e-29
4.580000000000000000e+02 1.933060999999999990e-30 1.548121436194558845e-30
4.590000000000000000e+02 2.000941000000000126e-31 1.634017150903233478e-31
4.600000000000000000e+02 1.997297999999999906e-32 1.662427151043127572e-32
4.610000000000000000e+02 1.921728999999999840e-33 1.629638579453101453e-33
4.620000000000000000e+02 1.781505999999999977e-34 1.538561436147484302e-34
4.630000000000000000e+02 1.590438999999999946e-35 1.398328578314103957e-35
4.640000000000000000e+02 1.366633000000000000e-36 1.222788434592581205e-36
4.650000000000000000e+02 1.129653000000000087e-37 1.028252576491806789e-37
4.660000000000000000e+02 8.976941000000000526e-39 8.309844326632926046e-39
4.670000000000000000e+02 6.853515000000000144e-40 6.449811460331051024e-40
4.680000000000000000e+02 5.023286999999999513e-41 4.804580023658311430e-41
4.690000000000000000e+02 3.531957000000000186e-42 3.432305731186787177e-42
4.700000000000000000e+02 2.380298999999999867e-43 2.349521440140745585e-43
4.710000000000000000e+02 1.536184000000000051e-44 1.539737150438987709e-44
4.720000000000000000e+02 9.484722999999999674e-46 9.650862904664828420e-46
4.730000000000000000e+02 5.596478000000000153e-47 5.779374314172597974e-47
4.740000000000000000e+02 3.152198999999999778e-48 3.302891444835250196e-48
4.750000000000000000e+02 1.692691000000000067e-49 1.799147151716352670e-49
4.760000000000000000e+02 8.653979000000000200e-51 9.328464331648729446e-51
4.770000000000000000e+02 4.206129000000000244e-52 4.597085736922299823e-52
4.780000000000000000e+02 1.940316000000000063e-53 2.149718582014035660e-53
4.790000000000000000e+02 8.480300999999999293e-55 9.522167189745402365e-55
4.800000000000000000e+02 3.504673999999999931e-56 3.987462876777588364e-56
4.810000000000000000e+02 1.366598999999999861e-57 1.575167150613449231e-57
4.820000000000000000e+02 5.015900999999999866e-59 5.855787171691721137e-59
4.830000000000000000e+02 1.728263999999999886e-60 2.043215724346746433e-60
4.840000000000000000e+02 5.573454999999999689e-62 6.671378604279215581e-62
4.850000000000000000e+02 1.676595000000000083e-63 2.031551438575024364e-63
4.860000000000000000e+02 4.686646000000000321e-65 5.747697171159473192e-65
4.870000000000000000e+02 1.212079999999999920e-66 1.504254293121409083e-66
4.880000000000000000e+02 2.885715999999999798e-68 3.623505732128278203e-68
4.890000000000000000e+02 6.287658999999999782e-70 7.986927182185702517e-70
4.900000000000000000e+02 1.245227000000000018e-71 1.599875722163688728e-71
4.910000000000000000e+02 2.223127999999999870e-73 2.888567157080783652e-73
4.920000000000000000e+02 3.542482999999999865e-75 4.654157165774754675e-75
4.930000000000000000e+02 4.976433999999999665e-77 6.610030032548557171e-77
4.940000000000000000e+02 6.067234000000000336e-79 8.146408611542435478e-79
4.950000000000000000e+02 6.289325000000000092e-81 8.535117184885053635e-81
4.960000000000000000e+02 5.389600000000000243e-83 7.391510036396655321e-83
4.970000000000000000e+02 3.665655999999999950e-85 5.079748596441844760e-85
4.980000000000000000e+02 1.855206999999999948e-87 2.597412869932820253e-87
4.990000000000000000e+02 6.210937999999999662e-90 8.784341471826548175e-90
5.000000000000000000e+02 1.031663000000000039e-92 1.473804292971469600e-92
5.010000000000000000e+02 0.000000000000000000e+00 0.000000000000000000e+00
