1.000000000000000000e+00 6.042631000000000530e-01 1.509646500856994509e-04
2.000000000000000000e+00 5.746267000000000458e-01 2.086946501184716075e-04
3.000000000000000000e+00 5.773188000000000208e-01 2.534984001439056990e-04
4.000000000000000000e+00 5.781129000000000406e-01 2.923280001659484830e-04
5.000000000000000000e+00 5.784453000000000511e-01 3.277800001860738219e-04
6.000000000000000000e+00 5.785751000000000088e-01 3.613148502051108531e-04
7.000000000000000000e+00 5.785981999999999514e-01 3.938379502235735629e-04
8.000000000000000000e+00 5.785559000000000118e-01 4.259394502417969321e-04
9.000000000000000000e+00 5.784690999999999583e-01 4.580126502600041999e-04
1.000000000000000000e+01 5.783500999999999781e-01 4.903186502783436545e-04
1.100000000000000000e+01 5.782059999999999977e-01 5.230250002969103786e-04
1.200000000000000000e+01 5.780414999999999859e-01 5.562320003157612347e-04
1.300000000000000000e+01 5.778596999999999761e-01 5.899910003349255515e-04
1.400000000000000000e+01 5.776628000000000318e-01 6.243185003544125334e-04
1.500000000000000000e+01 5.774521000000000237e-01 6.592075003742182754e-04
1.600000000000000000e+01 5.772287999999999863e-01 6.946335003943288934e-04
1.700000000000000000e+01 5.769933999999999896e-01 7.305630004147252660e-04
1.800000000000000000e+01 5.767463000000000450e-01 7.669575004353856992e-04
1.900000000000000000e+01 5.764877999999999947e-01 8.037750004562862214e-04
2.000000000000000000e+01 5.762178999999999496e-01 8.409760004774044723e-04
2.100000000000000000e+01 5.759366000000000207e-01 8.785215004987181539e-04
2.200000000000000000e+01 5.756438999999999862e-01 9.163775005202082994e-04
2.300000000000000000e+01 5.753395000000000037e-01 9.545105005418555704e-04
2.400000000000000000e+01 5.750235000000000207e-01 9.928930005636445177e-04
2.500000000000000000e+01 5.746957999999999789e-01 1.031498500585560033e-03
2.600000000000000000e+01 5.743561999999999834e-01 1.070305000607589844e-03
2.700000000000000000e+01 5.740045999999999760e-01 1.109291500629721585e-03
2.800000000000000000e+01 5.736409000000000091e-01 1.148440500651945603e-03
2.900000000000000000e+01 5.732650999999999719e-01 1.187736500674253142e-03
3.000000000000000000e+01 5.728769999999999696e-01 1.227164500696635617e-03
3.100000000000000000e+01 5.724766000000000021e-01 1.266712500719086119e-03
3.200000000000000000e+01 5.720636999999999528e-01 1.306368000741597781e-03
3.300000000000000000e+01 5.716383999999999910e-01 1.346121500764164763e-03
3.400000000000000000e+01 5.712004999999999999e-01 1.385963500786782524e-03
3.500000000000000000e+01 5.707499000000000322e-01 1.425886000809445733e-03
3.600000000000000000e+01 5.702867000000000353e-01 1.465881000832149929e-03
3.700000000000000000e+01 5.698105999999999449e-01 1.505942500854891980e-03
3.800000000000000000e+01 5.693217999999999890e-01 1.546064000877668152e-03
3.900000000000000000e+01 5.688199999999999923e-01 1.586240500900475440e-03
4.000000000000000000e+01 5.683053000000000132e-01 1.626466500923310883e-03
4.100000000000000000e+01 5.677775000000000460e-01 1.666738500946172421e-03
4.200000000000000000e+01 5.672365999999999797e-01 1.707052500969058039e-03
4.300000000000000000e+01 5.666824999999999779e-01 1.747404000991964685e-03
4.400000000000000000e+01 5.661152000000000406e-01 1.787791001014891676e-03
4.500000000000000000e+01 5.655345999999999984e-01 1.828210501037836689e-03
4.600000000000000000e+01 5.649406000000000150e-01 1.868659501060798917e-03
4.700000000000000000e+01 5.643331999999999793e-01 1.909136001083776594e-03
4.800000000000000000e+01 5.637123000000000550e-01 1.949637501106768218e-03
4.900000000000000000e+01 5.630777999999999617e-01 1.990163001129773880e-03
5.000000000000000000e+01 5.624297000000000324e-01 2.030710501152791815e-03
5.100000000000000000e+01 5.617678000000000393e-01 2.071278501175821511e-03
5.200000000000000000e+01 5.610922000000000409e-01 2.111865001198861419e-03
5.300000000000000000e+01 5.604027000000000314e-01 2.152470001221911972e-03
5.400000000000000000e+01 5.596993000000000107e-01 2.193091001244971885e-03
5.500000000000000000e+01 5.589819999999999789e-01 2.233728001268040723e-03
5.600000000000000000e+01 5.582504999999999828e-01 2.274379501291117541e-03
5.700000000000000000e+01 5.575048999999999699e-01 2.315044501314201999e-03
5.800000000000000000e+01 5.567450999999999928e-01 2.355722501337294359e-03
5.900000000000000000e+01 5.559709999999999930e-01 2.396413001360393584e-03
6.000000000000000000e+01 5.551825000000000232e-01 2.437114501383498728e-03
6.100000000000000000e+01 5.543795999999999724e-01 2.477826501406610055e-03
6.200000000000000000e+01 5.535620999999999459e-01 2.518549001429727565e-03
6.300000000000000000e+01 5.527301000000000020e-01 2.559280501452849878e-03
6.400000000000000000e+01 5.518832999999999656e-01 2.600021001475977429e-03
6.500000000000000000e+01 5.510216999999999477e-01 2.640769501499109877e-03
6.600000000000000000e+01 5.501452999999999482e-01 2.681525501522245749e-03
6.700000000000000000e+01 5.492540000000000200e-01 2.722289001545386347e-03
6.800000000000000000e+01 5.483476000000000461e-01 2.763058501568530292e-03
6.900000000000000000e+01 5.474259999999999682e-01 2.803833501591677414e-03
7.000000000000000000e+01 5.464892999999999557e-01 2.844614001614827713e-03
7.100000000000000000e+01 5.455372000000000554e-01 2.885399001637980847e-03
7.200000000000000000e+01 5.445697000000000454e-01 2.926188001661135778e-03
7.300000000000000000e+01 5.435866000000000309e-01 2.966980501684292337e-03
7.400000000000000000e+01 5.425879999999999592e-01 3.007775001707450879e-03
7.500000000000000000e+01 5.415737000000000467e-01 3.048572001730610707e-03
7.600000000000000000e+01 5.405434999999999546e-01 3.089370001753770877e-03
7.700000000000000000e+01 5.394974999999999632e-01 3.130169001776930953e-03
7.800000000000000000e+01 5.384354000000000084e-01 3.170968001800091897e-03
7.900000000000000000e+01 5.373571999999999793e-01 3.211765501823251896e-03
8.000000000000000000e+01 5.362628000000000394e-01 3.252562001846411553e-03
8.100000000000000000e+01 5.351519999999999611e-01 3.293355501869568887e-03
8.200000000000000000e+01 5.340247999999999662e-01 3.334146001892725197e-03
8.300000000000000000e+01 5.328810000000000491e-01 3.374932501915878409e-03
8.400000000000000000e+01 5.317205000000000403e-01 3.415713501939028878e-03
8.500000000000000000e+01 5.305431999999999926e-01 3.456489001962176170e-03
8.600000000000000000e+01 5.293489999999999585e-01 3.497257501985319775e-03
8.700000000000000000e+01 5.281377999999999906e-01 3.538018002008458483e-03
8.800000000000000000e+01 5.269093000000000249e-01 3.578769502031592820e-03
8.900000000000000000e+01 5.256636000000000086e-01 3.619510502054720542e-03
9.000000000000000000e+01 5.244005000000000472e-01 3.660240502077841910e-03
9.100000000000000000e+01 5.231198000000000237e-01 3.700957002100955639e-03
9.200000000000000000e+01 5.218213999999999908e-01 3.741660002124061728e-03
9.300000000000000000e+01 5.205052000000000012e-01 3.782347502147159497e-03
9.400000000000000000e+01 5.191710000000000491e-01 3.823018502170247301e-03
9.500000000000000000e+01 5.178188000000000235e-01 3.863671502193325065e-03
9.600000000000000000e+01 5.164482999999999713e-01 3.904305502216392446e-03
9.700000000000000000e+01 5.150593999999999451e-01 3.944918002239447725e-03
9.800000000000000000e+01 5.136520999999999448e-01 3.985508002262489261e-03
9.900000000000000000e+01 5.122259999999999591e-01 4.026073502285517670e-03
1.000000000000000000e+02 5.107810999999999879e-01 4.066612502308530538e-03
1.010000000000000000e+02 5.093172000000000255e-01 4.107123502331527787e-03
1.020000000000000000e+02 5.078342000000000134e-01 4.147604002354508129e-03
1.030000000000000000e+02 5.063318999999999459e-01 4.188052502377469753e-03
1.040000000000000000e+02 5.048101000000000393e-01 4.228467002400411977e-03
1.050000000000000000e+02 5.032687000000000133e-01 4.268845502423334118e-03
1.060000000000000000e+02 5.017076000000000313e-01 4.309186002446234627e-03
1.070000000000000000e+02 5.001265000000000294e-01 4.349485502469111614e-03
1.080000000000000000e+02 4.985252000000000017e-01 4.389741502491964660e-03
1.090000000000000000e+02 4.969037000000000037e-01 4.429951502514790744e-03
1.100000000000000000e+02 4.952617000000000269e-01 4.470113002537589447e-03
1.110000000000000000e+02 4.935990000000000100e-01 4.510223502560359483e-03
1.120000000000000000e+02 4.919155000000000055e-01 4.550280502583098699e-03
1.130000000000000000e+02 4.902110000000000078e-01 4.590280002605805730e-03
1.140000000000000000e+02 4.884853000000000112e-01 4.630220002628479027e-03
1.150000000000000000e+02 4.867381000000000069e-01 4.670097002651116096e-03
1.160000000000000000e+02 4.849693999999999949e-01 4.709907002673715572e-03
1.170000000000000000e+02 4.831789000000000223e-01 4.749647502696275302e-03
1.180000000000000000e+02 4.813664000000000276e-01 4.789314502718793054e-03
1.190000000000000000e+02 4.795317000000000052e-01 4.828904502741268069e-03
1.200000000000000000e+02 4.776745000000000019e-01 4.868414002763696118e-03
1.210000000000000000e+02 4.757948000000000177e-01 4.907838002786077229e-03
1.220000000000000000e+02 4.738921999999999857e-01 4.947172502808405703e-03
1.230000000000000000e+02 4.719666000000000139e-01 4.986413502830681910e-03
1.240000000000000000e+02 4.700176999999999827e-01 5.025555002852902069e-03
1.250000000000000000e+02 4.680452999999999975e-01 5.064600002875067203e-03
1.260000000000000000e+02 4.660492999999999997e-01 5.103530002897166233e-03
1.270000000000000000e+02 4.640292999999999779e-01 5.142355002919206906e-03
1.280000000000000000e+02 4.619850999999999819e-01 5.181060002941178903e-03
1.290000000000000000e+02 4.599164000000000030e-01 5.219640002963079652e-03
1.300000000000000000e+02 4.578230999999999828e-01 5.258095002984910019e-03
1.310000000000000000e+02 4.557048000000000210e-01 5.296415003006663992e-03
1.320000000000000000e+02 4.535614000000000035e-01 5.334590003028334693e-03
1.330000000000000000e+02 4.513925999999999772e-01 5.372625003049926427e-03
1.340000000000000000e+02 4.491981999999999919e-01 5.410505003071430612e-03
1.350000000000000000e+02 4.469777999999999807e-01 5.448225003092842939e-03
1.360000000000000000e+02 4.447310999999999903e-01 5.485780003114161703e-03
1.370000000000000000e+02 4.424581000000000208e-01 5.523160003135381760e-03
1.380000000000000000e+02 4.401581999999999995e-01 5.560360003156499670e-03
1.390000000000000000e+02 4.378312999999999788e-01 5.597375003177511993e-03
1.400000000000000000e+02 4.354772000000000087e-01 5.634185003198409307e-03
1.410000000000000000e+02 4.330954000000000192e-01 5.670795003219191582e-03
1.420000000000000000e+02 4.306857000000000046e-01 5.707190003239851969e-03
1.430000000000000000e+02 4.282478000000000118e-01 5.743365003260387895e-03
1.440000000000000000e+02 4.257814999999999794e-01 5.779305003280789908e-03
1.450000000000000000e+02 4.232863000000000042e-01 5.815000003301053731e-03
1.460000000000000000e+02 4.207621000000000278e-01 5.850450003321177629e-03
1.470000000000000000e+02 4.182083999999999802e-01 5.885630003341148740e-03
1.480000000000000000e+02 4.156250000000000222e-01 5.920545003360969637e-03
1.490000000000000000e+02 4.130114999999999759e-01 5.955170003380625722e-03
1.500000000000000000e+02 4.103677000000000019e-01 5.989505003400116129e-03
1.510000000000000000e+02 4.076930999999999750e-01 6.023525003419428862e-03
1.520000000000000000e+02 4.049873999999999974e-01 6.057230003438562188e-03
1.530000000000000000e+02 4.022503000000000051e-01 6.090600003457505816e-03
1.540000000000000000e+02 3.994813999999999865e-01 6.123625003476253735e-03
1.550000000000000000e+02 3.966803999999999886e-01 6.156285003494793920e-03
1.560000000000000000e+02 3.938468999999999998e-01 6.188570003513121226e-03
1.570000000000000000e+02 3.909805000000000086e-01 6.220465003531227069e-03
1.580000000000000000e+02 3.880809000000000064e-01 6.251955003549103732e-03
1.590000000000000000e+02 3.851476999999999817e-01 6.283020003566738322e-03
1.600000000000000000e+02 3.821804999999999786e-01 6.313645003584123991e-03
1.610000000000000000e+02 3.791787999999999825e-01 6.343815003601251286e-03
1.620000000000000000e+02 3.761423999999999879e-01 6.373505003618105610e-03
1.630000000000000000e+02 3.730706999999999773e-01 6.402700003634678380e-03
1.640000000000000000e+02 3.699635000000000007e-01 6.431375003650956733e-03
1.650000000000000000e+02 3.668201999999999852e-01 6.459520003666933789e-03
1.660000000000000000e+02 3.636403999999999748e-01 6.487105003682593247e-03
1.670000000000000000e+02 3.604238000000000164e-01 6.514105003697921378e-03
1.680000000000000000e+02 3.571697999999999817e-01 6.540505003712907862e-03
1.690000000000000000e+02 3.538780999999999732e-01 6.566275003727536398e-03
1.700000000000000000e+02 3.505481999999999765e-01 6.591395003741796696e-03
1.710000000000000000e+02 3.471796999999999800e-01 6.615830003755668147e-03
1.720000000000000000e+02 3.437720000000000220e-01 6.639555003769136154e-03
1.730000000000000000e+02 3.403246999999999800e-01 6.662550003782190429e-03
1.740000000000000000e+02 3.368373000000000062e-01 6.684775003794806054e-03
1.750000000000000000e+02 3.333093999999999779e-01 6.706200003806969331e-03
1.760000000000000000e+02 3.297404999999999919e-01 6.726795003818660489e-03
1.770000000000000000e+02 3.261299999999999755e-01 6.746525003829861519e-03
1.780000000000000000e+02 3.224774999999999725e-01 6.765355003840550080e-03
1.790000000000000000e+02 3.187824000000000213e-01 6.783245003850705591e-03
1.800000000000000000e+02 3.150442999999999993e-01 6.800155003860305740e-03
1.810000000000000000e+02 3.112626000000000004e-01 6.816045003869325609e-03
1.820000000000000000e+02 3.074367000000000072e-01 6.830880003877747193e-03
1.830000000000000000e+02 3.035661000000000054e-01 6.844600003885536153e-03
1.840000000000000000e+02 2.996503999999999834e-01 6.857170003892671013e-03
1.850000000000000000e+02 2.956888999999999768e-01 6.868535003899123477e-03
1.860000000000000000e+02 2.916810000000000236e-01 6.878645003904862616e-03
1.870000000000000000e+02 2.876263000000000014e-01 6.887450003909861840e-03
1.880000000000000000e+02 2.835241000000000011e-01 6.894880003914079063e-03
1.890000000000000000e+02 2.793738000000000055e-01 6.900885003917487694e-03
1.900000000000000000e+02 2.751750000000000029e-01 6.905405003920053394e-03
1.910000000000000000e+02 2.709269999999999734e-01 6.908365003921734110e-03
1.920000000000000000e+02 2.666292000000000106e-01 6.909695003922488622e-03
1.930000000000000000e+02 2.622809999999999864e-01 6.909330003922281756e-03
1.940000000000000000e+02 2.578817999999999944e-01 6.907185003921063708e-03
1.950000000000000000e+02 2.534311000000000202e-01 6.903175003918788147e-03
1.960000000000000000e+02 2.489281000000000132e-01 6.897225003915409547e-03
1.970000000000000000e+02 2.443723999999999896e-01 6.889230003910872153e-03
1.980000000000000000e+02 2.397633000000000125e-01 6.879100003905120990e-03
1.990000000000000000e+02 2.351002000000000092e-01 6.866725003898095994e-03
2.000000000000000000e+02 2.303824999999999901e-01 6.852000003889736207e-03
2.010000000000000000e+02 2.256094999999999906e-01 6.834805003879976422e-03
2.020000000000000000e+02 2.207807999999999993e-01 6.815015003868741053e-03
2.030000000000000000e+02 2.158955999999999931e-01 6.792500003855959749e-03
2.040000000000000000e+02 2.109534999999999882e-01 6.767110003841546664e-03
2.050000000000000000e+02 2.059538999999999953e-01 6.738700003825419393e-03
2.060000000000000000e+02 2.008961999999999970e-01 6.707105003807482639e-03
2.070000000000000000e+02 1.957799000000000067e-01 6.672145003787636856e-03
2.080000000000000000e+02 1.906046000000000129e-01 6.633640003765778163e-03
2.090000000000000000e+02 1.853696999999999984e-01 6.591380003741788111e-03
2.100000000000000000e+02 1.800750000000000128e-01 6.545145003715541372e-03
2.110000000000000000e+02 1.747199999999999864e-01 6.494700003686904900e-03
2.120000000000000000e+02 1.693044999999999967e-01 6.439790003655734493e-03
2.130000000000000000e+02 1.638282000000000072e-01 6.380125003621863605e-03
2.140000000000000000e+02 1.582909999999999873e-01 6.315410003585125720e-03
2.150000000000000000e+02 1.526928999999999925e-01 6.245300003545325995e-03
2.160000000000000000e+02 1.470339999999999980e-01 6.169435003502258402e-03
2.170000000000000000e+02 1.413146999999999875e-01 6.087405003455692923e-03
2.180000000000000000e+02 1.355354000000000003e-01 5.998760003405369419e-03
2.190000000000000000e+02 1.296969000000000038e-01 5.903015003351017552e-03
2.200000000000000000e+02 1.238001999999999991e-01 5.799620003292322266e-03
2.210000000000000000e+02 1.178469999999999934e-01 5.687975003228943650e-03
2.220000000000000000e+02 1.118391999999999997e-01 5.567410003160502309e-03
2.230000000000000000e+02 1.057794999999999985e-01 5.437175003086570750e-03
2.240000000000000000e+02 9.967131999999999381e-02 5.296445003006680294e-03
2.250000000000000000e+02 9.351906999999999581e-02 5.144315002920320234e-03
2.260000000000000000e+02 8.732853999999999617e-02 4.979778502826916198e-03
2.270000000000000000e+02 8.110718999999999568e-02 4.801753002725854882e-03
2.280000000000000000e+02 7.486473999999999906e-02 4.609091502616484946e-03
2.290000000000000000e+02 6.861390000000000544e-02 4.400622002498140450e-03
2.300000000000000000e+02 6.237133000000000260e-02 4.175221502370185175e-03
2.310000000000000000e+02 5.615902999999999867e-02 3.931934502232076883e-03
2.320000000000000000e+02 5.000600999999999657e-02 3.670155502083470751e-03
2.330000000000000000e+02 4.395044000000000034e-02 3.389895001924372528e-03
2.340000000000000000e+02 3.804202000000000278e-02 3.092120001755331842e-03
2.350000000000000000e+02 3.234394000000000158e-02 2.779156501577668796e-03
2.360000000000000000e+02 2.693339000000000150e-02 2.455069501393691584e-03
2.370000000000000000e+02 2.189875000000000155e-02 2.125894001206825572e-03
2.380000000000000000e+02 1.733205999999999983e-02 1.799545501021564131e-03
2.390000000000000000e+02 1.331636999999999925e-02 1.485265000843153608e-03
2.400000000000000000e+02 9.910346000000000433e-03 1.192573000676998545e-03
2.410000000000000000e+02 7.134905000000000413e-03 9.299155005278935630e-04
2.420000000000000000e+02 4.967484000000000309e-03 7.033680003992872709e-04
2.430000000000000000e+02 3.346519999999999963e-03 5.158010002928093730e-04
2.440000000000000000e+02 2.184464000000000111e-03 3.667522502081975596e-04
2.450000000000000000e+02 1.384149000000000100e-03 2.529806501436117783e-04
2.460000000000000000e+02 8.530608999999999761e-04 1.694334500961838233e-04
2.470000000000000000e+02 5.123731000000000292e-04 1.102972500626134430e-04
2.480000000000000000e+02 3.004441000000000056e-04 6.986755003966234985e-05
2.490000000000000000e+02 1.722487000000000031e-04 4.311457502447524110e-05
2.500000000000000000e+02 9.666922999999999467e-05 2.594678001472944449e-05
2.510000000000000000e+02 5.315938000000000331e-05 1.524383500865360577e-05
2.520000000000000000e+02 2.866594999999999953e-05 8.751060004967792873e-06
2.530000000000000000e+02 1.516768999999999979e-05 4.913038502789028474e-06
2.540000000000000000e+02 7.878880000000000364e-06 2.699572001532490576e-06
2.550000000000000000e+02 4.019702000000000295e-06 1.452764000824703833e-06
2.560000000000000000e+02 2.015003999999999876e-06 7.661650004349358065e-07
2.570000000000000000e+02 9.927993000000000509e-07 3.962078002249188382e-07
2.580000000000000000e+02 4.809371000000000324e-07 2.010117501141101544e-07
2.590000000000000000e+02 2.291308000000000045e-07 1.000973500568231642e-07
2.600000000000000000e+02 1.073904000000000059e-07 4.894565002778541494e-08
2.610000000000000000e+02 4.952735000000000310e-08 2.351089001334664114e-08
2.620000000000000000e+02 2.248157000000000098e-08 1.109806000630013721e-08
2.630000000000000000e+02 1.004636000000000004e-08 5.149870002923472718e-09
2.640000000000000000e+02 4.420631999999999671e-09 2.349922501334001679e-09
2.650000000000000000e+02 1.915761999999999821e-09 1.054744500598756348e-09
2.660000000000000000e+02 8.178322000000000371e-10 4.657974502644233770e-10
2.670000000000000000e+02 3.439786999999999839e-10 2.024486501149258559e-10
2.680000000000000000e+02 1.425670000000000051e-10 8.661750004917093567e-11
2.690000000000000000e+02 5.823692000000000304e-11 3.648951002071433090e-11
2.700000000000000000e+02 2.344975000000000153e-11 1.513893000859405275e-11
2.710000000000000000e+02 9.309011999999999674e-12 6.186925003512187590e-12
2.720000000000000000e+02 3.643818999999999945e-12 2.491090501414139904e-12
2.730000000000000000e+02 1.406556999999999900e-12 9.883665005610749911e-13
2.740000000000000000e+02 5.355027999999999909e-13 3.864863502194001814e-13
2.750000000000000000e+02 2.011057000000000051e-13 1.489734000845690840e-13
2.760000000000000000e+02 7.450701999999999639e-14 5.661200003213744632e-14
2.770000000000000000e+02 2.723514999999999843e-14 2.121274001204202565e-14
2.780000000000000000e+02 9.823580000000000170e-15 7.838525004449765676e-15
2.790000000000000000e+02 3.496734999999999814e-15 2.856792001621740700e-15
2.800000000000000000e+02 1.228435000000000012e-15 1.027033000583025104e-15
2.810000000000000000e+02 4.259713000000000100e-16 3.642539002067793171e-16
2.820000000000000000e+02 1.458098999999999902e-16 1.274641000723586913e-16
2.830000000000000000e+02 4.927323999999999960e-17 4.401320002498537201e-17
2.840000000000000000e+02 1.643953000000000022e-17 1.499806000851408468e-17
2.850000000000000000e+02 5.415732999999999685e-18 5.044150002863458239e-18
2.860000000000000000e+02 1.761768999999999858e-18 1.674492000950573811e-18
2.870000000000000000e+02 5.659748999999999589e-19 5.487320003115036582e-19
2.880000000000000000e+02 1.795697999999999922e-19 1.775243501007768406e-19
2.890000000000000000e+02 5.627139000000000211e-20 5.670380003218955323e-20
2.900000000000000000e+02 1.741762999999999981e-20 1.788374501015222800e-20
2.910000000000000000e+02 5.325561999999999890e-21 5.569675003161787668e-21
2.920000000000000000e+02 1.608582999999999940e-21 1.713005000972436775e-21
2.930000000000000000e+02 4.800086000000000043e-22 5.203260002953781178e-22
2.940000000000000000e+02 1.415162999999999886e-22 1.561026000886161681e-22
2.950000000000000000e+02 4.122301999999999795e-23 4.625839502625992310e-23
2.960000000000000000e+02 1.186510000000000011e-23 1.354078500768681990e-23
2.970000000000000000e+02 3.374607999999999835e-24 3.915579002222792057e-24
2.980000000000000000e+02 9.484541999999999159e-25 1.118592500635001547e-24
2.990000000000000000e+02 2.634332999999999933e-25 3.157150001792247966e-25
3.000000000000000000e+02 7.231117000000000465e-26 8.804180004997947959e-26
3.010000000000000000e+02 1.961729000000000036e-26 2.425909501377138020e-26
3.020000000000000000e+02 5.260040000000000226e-27 6.605005003749523200e-27
3.030000000000000000e+02 1.394031999999999926e-27 1.777072001008806310e-27
3.040000000000000000e+02 3.651789000000000191e-28 4.724859002682203574e-28
3.050000000000000000e+02 9.455919000000000384e-29 1.241489500704767522e-28
3.060000000000000000e+02 2.420369000000000132e-29 3.223926501830155792e-29
3.070000000000000000e+02 6.124254000000000262e-30 8.274310004697151819e-30
3.080000000000000000e+02 1.531906000000000051e-30 2.098933501191520690e-30
3.090000000000000000e+02 3.788182000000000165e-31 5.262610002987472667e-31
3.100000000000000000e+02 9.261082000000000370e-32 1.304228500740383271e-31
3.110000000000000000e+02 2.238392999999999880e-32 3.194993001813730772e-32
3.120000000000000000e+02 5.348910999999999823e-33 7.736825004392032733e-33
3.130000000000000000e+02 1.263745000000000063e-33 1.852016501051351087e-33
3.140000000000000000e+02 2.952078999999999876e-34 4.382558002487885696e-34
3.150000000000000000e+02 6.818369000000000462e-35 1.025232500582002905e-34
3.160000000000000000e+02 1.557131999999999888e-35 2.371043501345991889e-35
3.170000000000000000e+02 3.516179999999999730e-36 5.421115003077452959e-36
3.180000000000000000e+02 7.851000999999999339e-37 1.225405000695636634e-36
3.190000000000000000e+02 1.733381999999999999e-37 2.738549501554617313e-37
3.200000000000000000e+02 3.784297000000000125e-38 6.050900003434969021e-38
3.210000000000000000e+02 8.169662000000000455e-39 1.321858500750391386e-38
3.220000000000000000e+02 1.744040000000000128e-39 2.855110001620786159e-39
3.230000000000000000e+02 3.681690999999999859e-40 6.097335003461329359e-40
3.240000000000000000e+02 7.685662000000000183e-41 1.287486000730878900e-40
3.250000000000000000e+02 1.586581999999999946e-41 2.688039501525943969e-41
3.260000000000000000e+02 3.238877999999999710e-42 5.549125003150122133e-42
3.270000000000000000e+02 6.538541000000000314e-43 1.132695500643007412e-42
3.280000000000000000e+02 1.305340999999999959e-43 2.286156001297802759e-43
3.290000000000000000e+02 2.577067999999999781e-44 4.562531502590053502e-44
3.300000000000000000e+02 5.031401000000000043e-45 9.003600005111154835e-45
3.310000000000000000e+02 9.714360000000000141e-46 1.756868500997337233e-45
3.320000000000000000e+02 1.854824000000000075e-46 3.389822501924331073e-46
3.330000000000000000e+02 3.502315000000000158e-47 6.467420003671418102e-47
3.340000000000000000e+02 6.539904999999999999e-48 1.220119500692636152e-47
3.350000000000000000e+02 1.207678000000000018e-48 2.276102001292095653e-48
3.360000000000000000e+02 2.205432999999999982e-49 4.198548502383427828e-49
3.370000000000000000e+02 3.982888000000000036e-50 7.658160004347376625e-50
3.380000000000000000e+02 7.113154000000000220e-51 1.381232000784096696e-50
3.390000000000000000e+02 1.256274000000000042e-51 2.463342001398387658e-51
3.400000000000000000e+02 2.194128000000000037e-52 4.344073002466038956e-52
3.410000000000000000e+02 3.789591000000000085e-53 7.574980004300157675e-53
3.420000000000000000e+02 6.472500000000000563e-54 1.306098000741444435e-53
3.430000000000000000e+02 1.093194999999999945e-54 2.226777001264094955e-54
3.440000000000000000e+02 1.825846999999999925e-55 3.753885002131001882e-55
3.450000000000000000e+02 3.015564000000000134e-56 6.257270003552120391e-56
3.460000000000000000e+02 4.924983999999999791e-57 1.031297000585445677e-56
3.470000000000000000e+02 7.953674999999999444e-58 1.680635500954061728e-57
3.480000000000000000e+02 1.270141000000000014e-58 2.708000501537274943e-58
3.490000000000000000e+02 2.005631000000000111e-59 4.314236502449101460e-59
3.500000000000000000e+02 3.131542999999999943e-60 6.795685003857767603e-60
3.510000000000000000e+02 4.834672000000000301e-61 1.058352000600804376e-60
3.520000000000000000e+02 7.380224999999999841e-62 1.629625000925103915e-61
3.530000000000000000e+02 1.113931000000000070e-62 2.480840501408320915e-62
3.540000000000000000e+02 1.662359000000000047e-63 3.733841502119623456e-63
3.550000000000000000e+02 2.452790000000000051e-64 5.555850003153939714e-64
3.560000000000000000e+02 3.578128999999999949e-65 8.172865004639564429e-65
3.570000000000000000e+02 5.160621999999999567e-66 1.188552000674716152e-65
3.580000000000000000e+02 7.358489999999999593e-67 1.708727000970008347e-66
3.590000000000000000e+02 1.037303000000000081e-67 2.428443001378576158e-67
3.600000000000000000e+02 1.445577999999999908e-68 3.411720501936761903e-68
3.610000000000000000e+02 1.991524999999999955e-69 4.738038502689684790e-69
3.620000000000000000e+02 2.712227000000000010e-70 6.504170003692281159e-70
3.630000000000000000e+02 3.651326000000000360e-71 8.825555005010082114e-71
3.640000000000000000e+02 4.858996999999999870e-72 1.183685000671953116e-71
3.650000000000000000e+02 6.391475000000000345e-73 1.569142000890769144e-72
3.660000000000000000e+02 8.309989000000000148e-74 2.055922501167104281e-73
3.670000000000000000e+02 1.067899999999999955e-74 2.662295501511329615e-74
3.680000000000000000e+02 1.356367000000000054e-75 3.407192001934191506e-75
3.690000000000000000e+02 1.702648999999999926e-76 4.309364502446335922e-76
3.700000000000000000e+02 2.112315999999999970e-77 5.386305003057692215e-77
3.710000000000000000e+02 2.589780000000000007e-78 6.652955003776743701e-78
3.720000000000000000e+02 3.137763999999999877e-79 8.120215004609675213e-79
3.730000000000000000e+02 3.756766000000000334e-80 9.793395005559503969e-80
3.740000000000000000e+02 4.444545000000000327e-81 1.167065000662518382e-80
3.750000000000000000e+02 5.195670000000000053e-82 1.374152000780077332e-81
3.760000000000000000e+02 6.001204000000000049e-83 1.598581000907480936e-82
3.770000000000000000e+02 6.848552000000000055e-84 1.837281001042985993e-83
3.780000000000000000e+02 7.721524999999999475e-85 2.086116001184244342e-84
3.790000000000000000e+02 8.600648000000000255e-86 2.339933501328331160e-85
3.800000000000000000e+02 9.463730000000000428e-87 2.592687001471814208e-86
3.810000000000000000e+02 1.028667999999999999e-87 2.837640501610868642e-87
3.820000000000000000e+02 1.104455000000000056e-88 3.067635001741432408e-88
3.830000000000000000e+02 1.171273000000000074e-89 3.275418501859386321e-89
3.840000000000000000e+02 1.226824000000000003e-90 3.454013001960770805e-90
3.850000000000000000e+02 1.269104000000000015e-91 3.597093002041994669e-91
3.860000000000000000e+02 1.296517000000000028e-92 3.699353002100044752e-92
3.870000000000000000e+02 1.307978000000000069e-93 3.756831002132674271e-93
3.880000000000000000e+02 1.302982000000000099e-94 3.767158502138537157e-94
3.890000000000000000e+02 1.281637000000000053e-95 3.729720502117284436e-95
3.900000000000000000e+02 1.244669999999999970e-96 3.645710502069593308e-96
3.910000000000000000e+02 1.193377000000000008e-97 3.518066501997132485e-97
3.920000000000000000e+02 1.129554000000000001e-98 3.351302501902463891e-98
3.930000000000000000e+02 1.055391000000000056e-99 3.151244001788894997e-99
3.940000000000000000e+02 9.733436000000000148e-101 2.924687501660283521e-100
3.950000000000000000e+02 8.860031000000000341e-102 2.679017501520822074e-101
3.960000000000000000e+02 7.959558000000000046e-103 2.421803501374807227e-102
3.970000000000000000e+02 7.056591000000000476e-104 2.160416001226422725e-103
3.980000000000000000e+02 6.173337999999999962e-105 1.901683501079546016e-104
3.990000000000000000e+02 5.328810000000000247e-106 1.651610000937584478e-105
4.000000000000000000e+02 4.538274000000000196e-107 1.415176500803365855e-106
4.010000000000000000e+02 3.812991000000000309e-108 1.196222000679070096e-107
4.020000000000000000e+02 3.160228999999999846e-109 9.974125005662102560e-109
4.030000000000000000e+02 2.583518000000000042e-110 8.202800004656558314e-110
4.040000000000000000e+02 2.083080000000000020e-111 6.653275003776925201e-111
4.050000000000000000e+02 1.656388999999999941e-112 5.321755003021048968e-112
4.060000000000000000e+02 1.298793000000000038e-113 4.197402502382777444e-113
4.070000000000000000e+02 1.004147000000000044e-114 3.264154501852991953e-114
4.080000000000000000e+02 7.654054000000000195e-116 2.502549501420644999e-115
4.090000000000000000e+02 5.751465999999999664e-117 1.891354001073682037e-116
4.100000000000000000e+02 4.260037999999999633e-118 1.408951500799832239e-117
4.110000000000000000e+02 3.109924999999999919e-119 1.034443000587231675e-118
4.120000000000000000e+02 2.237384000000000169e-120 7.484400004248737285e-120
4.130000000000000000e+02 1.586121999999999959e-121 5.335785003029013850e-121
4.140000000000000000e+02 1.107866999999999938e-122 3.747843502127572404e-122
4.150000000000000000e+02 7.623299000000000161e-124 2.593310001472167432e-123
4.160000000000000000e+02 5.167127999999999728e-125 1.767522501003385418e-124
4.170000000000000000e+02 3.449469000000000221e-126 1.186475500673537291e-125
4.180000000000000000e+02 2.267757000000000130e-127 7.842965004452286815e-127
4.190000000000000000e+02 1.467994999999999931e-128 5.104730002897848315e-128
4.200000000000000000e+02 9.355727999999999242e-130 3.270972001856862001e-129
4.210000000000000000e+02 5.869417000000000144e-131 2.063158001171211595e-130
4.220000000000000000e+02 3.624219999999999758e-132 1.280789000727077048e-131
4.230000000000000000e+02 2.202278999999999835e-133 7.824350004441720754e-133
4.240000000000000000e+02 1.316746999999999903e-134 4.703039502669817671e-134
4.250000000000000000e+02 7.745276999999999690e-136 2.781001501578716455e-135
4.260000000000000000e+02 4.481323000000000100e-137 1.617507500918225103e-136
4.270000000000000000e+02 2.549990000000000061e-138 9.252140005252246157e-138
4.280000000000000000e+02 1.426788999999999950e-139 5.203735002954051079e-139
4.290000000000000000e+02 7.848623999999999629e-141 2.877323501633396140e-140
4.300000000000000000e+02 4.243865000000000000e-142 1.563813000887743693e-141
4.310000000000000000e+02 2.255189000000000150e-143 8.352620004741607953e-143
4.320000000000000000e+02 1.177534999999999993e-144 4.383477002488407945e-144
4.330000000000000000e+02 6.040162999999999846e-146 2.259889001282891901e-145
4.340000000000000000e+02 3.043113000000000006e-147 1.144297500649593629e-146
4.350000000000000000e+02 1.505535000000000053e-148 5.689615003229874588e-148
4.360000000000000000e+02 7.312598999999999973e-150 2.777308501576619998e-149
4.370000000000000000e+02 3.486288000000000213e-151 1.330653500755384132e-150
4.380000000000000000e+02 1.631037999999999904e-152 6.256110003551462527e-152
4.390000000000000000e+02 7.486346999999999566e-154 2.885612001638101210e-153
4.400000000000000000e+02 3.370330000000000125e-155 1.305442000741072207e-154
4.410000000000000000e+02 1.487852000000000036e-156 5.790975003287415449e-156
4.420000000000000000e+02 6.438960999999999823e-158 2.518280001429574981e-157
4.430000000000000000e+02 2.730993999999999924e-159 1.073235500609253322e-158
4.440000000000000000e+02 1.134881000000000051e-160 4.481261502543917796e-160
4.450000000000000000e+02 4.619287000000000210e-162 1.832697501040384176e-161
4.460000000000000000e+02 1.841030999999999849e-163 7.338930004166157013e-163
4.470000000000000000e+02 7.182405999999999732e-165 2.876653001633015915e-164
4.480000000000000000e+02 2.741932999999999960e-166 1.103342500626344445e-165
4.490000000000000000e+02 1.023933000000000027e-167 4.139534502349927200e-167
4.500000000000000000e+02 3.739022999999999826e-169 1.518640000862099999e-168
4.510000000000000000e+02 1.334608999999999915e-170 5.445750003091438455e-170
4.520000000000000000e+02 4.654679000000000281e-172 1.908057001083163799e-171
4.530000000000000000e+02 1.585582000000000029e-173 6.529485003706651594e-173
4.540000000000000000e+02 5.273113999999999755e-175 2.181405001238337888e-174
4.550000000000000000e+02 1.711324000000000173e-176 7.111665004037143403e-176
4.560000000000000000e+02 5.417304999999999722e-178 2.261430501283766902e-177
4.570000000000000000e+02 1.671897999999999903e-179 7.010705003979829962e-179
4.580000000000000000e+02 5.027961000000000484e-181 2.117808501202235327e-180
4.590000000000000000e+02 1.472647000000000075e-182 6.230565003536960720e-182
4.600000000000000000e+02 4.198438999999999795e-184 1.784193501012849247e-183
4.610000000000000000e+02 1.164409000000000031e-185 4.970225502821492732e-185
4.620000000000000000e+02 3.139668999999999965e-187 1.346054000764126709e-186
4.630000000000000000e+02 8.225107000000000190e-189 3.541764502010585070e-188
4.640000000000000000e+02 2.092096999999999960e-190 9.047965005136340027e-190
4.650000000000000000e+02 5.162870000000000366e-192 2.242553501273050579e-191
4.660000000000000000e+02 1.235203000000000076e-193 5.388455003058913088e-193
4.670000000000000000e+02 2.862681000000000110e-195 1.254194500711980020e-194
4.680000000000000000e+02 6.421297000000000493e-197 2.825351501603893083e-196
4.690000000000000000e+02 1.392813000000000033e-198 6.154490003493774831e-198
4.700000000000000000e+02 2.918519000000000278e-200 1.295101000735201654e-199
4.710000000000000000e+02 5.901789000000000087e-202 2.630017501493005492e-201
4.720000000000000000e+02 1.150475999999999988e-203 5.148470002922678848e-203
4.730000000000000000e+02 2.159387999999999871e-205 9.703970005508740000e-205
4.740000000000000000e+02 3.897561000000000308e-207 1.758822500998446576e-206
4.750000000000000000e+02 6.755724000000000285e-209 3.061283501737826367e-208
4.760000000000000000e+02 1.122866999999999979e-210 5.109225002900400213e-210
4.770000000000000000e+02 1.786776999999999925e-212 8.163650004634332526e-212
4.780000000000000000e+02 2.717360000000000185e-214 1.246639500707691259e-213
4.790000000000000000e+02 3.942217000000000080e-216 1.815962001030883446e-215
4.800000000000000000e+02 5.444474999999999538e-218 2.518183001429519651e-217
4.810000000000000000e+02 7.141857999999999767e-220 3.316654001882795047e-219
4.820000000000000000e+02 8.876108000000000131e-222 4.138681002349442615e-221
4.830000000000000000e+02 1.042290999999999923e-223 4.879458502769966275e-223
4.840000000000000000e+02 1.152846999999999946e-225 5.418640003076048896e-225
4.850000000000000000e+02 1.196929000000000070e-227 5.648280003206410156e-227
4.860000000000000000e+02 1.161937999999999910e-229 5.504940003125038932e-229
4.870000000000000000e+02 1.049989000000000044e-231 4.994239002835125014e-231
4.880000000000000000e+02 8.787291000000000548e-234 4.196120002382049187e-233
4.890000000000000000e+02 6.770494000000000385e-236 3.245745501842541459e-235
4.900000000000000000e+02 4.769332000000000128e-238 2.295335001303013432e-237
4.910000000000000000e+02 3.046251000000000149e-240 1.471777000835497016e-239
4.920000000000000000e+02 1.746560000000000035e-242 8.471120004808877371e-242
4.930000000000000000e+02 8.878085000000000600e-245 4.322657002453881807e-244
4.940000000000000000e+02 3.938554000000000072e-247 1.925023501092795325e-246
4.950000000000000000e+02 1.493773000000000112e-249 7.329005004160523166e-249
4.960000000000000000e+02 4.709029000000000206e-252 2.319244001316586166e-251
4.970000000000000000e+02 1.184545000000000020e-254 5.856190003324436725e-254
4.980000000000000000e+02 2.229050999999999979e-257 1.106178500627954410e-256
4.990000000000000000e+02 2.789246999999999887e-260 1.389401500788734029e-259
5.000000000000000000e+02 1.740672999999999966e-263 8.703365004940717763e-263
5.010000000000000000e+02 0.000000000000000000e+00 0.000000000000000000e+00
