1.000000000000000000e+00 7.580149000000000470e-01 4.616688979091377205e-06
2.000000000000000000e+00 7.609629999999999450e-01 4.254716683815696708e-06
3.000000000000000000e+00 7.680327000000000126e-01 4.187781110619040727e-06
4.000000000000000000e+00 7.605484999999999607e-01 5.407389142834639049e-06
5.000000000000000000e+00 7.577140999999999460e-01 6.845509466536461720e-06
6.000000000000000000e+00 7.580335999999999741e-01 7.558045913929336064e-06
7.000000000000000000e+00 7.610457999999999945e-01 7.535516341905652692e-06
8.000000000000000000e+00 7.672883000000000342e-01 7.882422636783370444e-06
9.000000000000000000e+00 7.602794999999999970e-01 1.026555327116165541e-05
1.000000000000000000e+01 7.577169999999999739e-01 1.276621876578744677e-05
1.100000000000000000e+01 7.581329999999999458e-01 1.375146036324089519e-05
1.200000000000000000e+01 7.610616000000000048e-01 1.332370320908466953e-05
1.300000000000000000e+01 7.668504000000000431e-01 1.343840178354297031e-05
1.400000000000000000e+01 7.601282999999999790e-01 1.673197758482754786e-05
1.500000000000000000e+01 7.577308000000000376e-01 2.006132195848551328e-05
1.600000000000000000e+01 7.582043000000000532e-01 2.100042055472010628e-05
1.700000000000000000e+01 7.610535000000000494e-01 1.984512909563198498e-05
1.800000000000000000e+01 7.665151999999999521e-01 1.948651765758793711e-05
1.900000000000000000e+01 7.600055999999999479e-01 2.351873633552641066e-05
2.000000000000000000e+01 7.577215999999999951e-01 2.752647501281825775e-05
2.100000000000000000e+01 7.582352999999999454e-01 2.832080217665732067e-05
2.200000000000000000e+01 7.610109999999999930e-01 2.641285355483082991e-05
2.300000000000000000e+01 7.662174999999999958e-01 2.558399210436526974e-05
2.400000000000000000e+01 7.598778000000000477e-01 3.031212937211480440e-05
2.500000000000000000e+01 7.576832999999999485e-01 3.494850520886906120e-05
2.600000000000000000e+01 7.582297999999999538e-01 3.558803236861912954e-05
2.700000000000000000e+01 7.609369999999999745e-01 3.296720658510505212e-05
2.800000000000000000e+01 7.659348000000000267e-01 3.170991940903703296e-05
2.900000000000000000e+01 7.597372999999999488e-01 3.712317526631235147e-05
3.000000000000000000e+01 7.576184999999999725e-01 4.236150969039574084e-05
3.100000000000000000e+01 7.581928999999999474e-01 4.284270113167770066e-05
3.200000000000000000e+01 7.608354000000000505e-01 3.953896818726768982e-05
3.300000000000000000e+01 7.656576999999999966e-01 3.788066671489270229e-05
3.400000000000000000e+01 7.595821999999999852e-01 4.396536116133244529e-05
3.500000000000000000e+01 7.575292999999999610e-01 4.977923274347562771e-05
3.600000000000000000e+01 7.581276999999999600e-01 5.009577560897988106e-05
3.700000000000000000e+01 7.607083000000000039e-01 4.613135264711792395e-05
3.800000000000000000e+01 7.653805000000000192e-01 4.409085973607602504e-05
3.900000000000000000e+01 7.594115999999999644e-01 5.083135848555294409e-05
4.000000000000000000e+01 7.574170000000000069e-01 5.719613293939092649e-05
4.100000000000000000e+01 7.580358999999999847e-01 5.734323151470506756e-05
4.200000000000000000e+01 7.605572000000000443e-01 5.273890853594033717e-05
4.300000000000000000e+01 7.650991000000000319e-01 5.033244990094584909e-05
4.400000000000000000e+01 7.592248999999999803e-01 5.771448152451152464e-05
4.500000000000000000e+01 7.572822999999999638e-01 6.460911170663122694e-05
4.600000000000000000e+01 7.579186999999999452e-01 6.458456742026859830e-05
4.700000000000000000e+01 7.603830999999999785e-01 5.936046585370402241e-05
4.800000000000000000e+01 7.648108000000000128e-01 5.660257006656927857e-05
4.900000000000000000e+01 7.590215999999999630e-01 6.461379170675484167e-05
5.000000000000000000e+01 7.571255000000000068e-01 7.202067618811986555e-05
5.100000000000000000e+01 7.577766000000000224e-01 7.182405189721181090e-05
5.200000000000000000e+01 7.601866999999999930e-01 6.599890460048505496e-05
5.300000000000000000e+01 7.645134999999999570e-01 6.290213309011328635e-05
5.400000000000000000e+01 7.588009999999999478e-01 7.153178331806303190e-05
5.500000000000000000e+01 7.569470999999999838e-01 7.943611066971073055e-05
5.600000000000000000e+01 7.576104999999999645e-01 7.906807494570344764e-05
5.700000000000000000e+01 7.599683999999999884e-01 7.265877620497508585e-05
5.800000000000000000e+01 7.642052999999999763e-01 6.923364611450124955e-05
5.900000000000000000e+01 7.585623999999999700e-01 7.847221064424959164e-05
6.000000000000000000e+01 7.567473000000000116e-01 8.686148372299268543e-05
6.100000000000000000e+01 7.574208000000000052e-01 8.632332228020587919e-05
6.200000000000000000e+01 7.597285000000000288e-01 7.934487638158651407e-05
6.300000000000000000e+01 7.638850000000000362e-01 7.560001485409563622e-05
6.400000000000000000e+01 7.583058999999999772e-01 8.543902082827587808e-05
6.500000000000000000e+01 7.565258000000000260e-01 9.430249106240191589e-05
6.600000000000000000e+01 7.572077999999999864e-01 9.359592675802393396e-05
6.700000000000000000e+01 7.594678000000000262e-01 8.606167941615179887e-05
6.800000000000000000e+01 7.635517000000000554e-01 8.200410645182932190e-05
6.900000000000000000e+01 7.580308000000000046e-01 9.243594244166899478e-05
7.000000000000000000e+01 7.562830000000000386e-01 1.017644555452218620e-04
7.100000000000000000e+01 7.569717999999999725e-01 1.008915198078778056e-04
7.200000000000000000e+01 7.591860999999999748e-01 9.281323530877793617e-05
7.300000000000000000e+01 7.632041999999999993e-01 8.844860805063041258e-05
7.400000000000000000e+01 7.577371000000000523e-01 9.946647262737844965e-05
7.500000000000000000e+01 7.560187999999999908e-01 1.092522500287240874e-04
7.600000000000000000e+01 7.567129000000000216e-01 1.082151414299006072e-04
7.700000000000000000e+01 7.588833999999999858e-01 9.960320834527599686e-05
7.800000000000000000e+01 7.628418999999999617e-01 9.493605250770868493e-05
7.900000000000000000e+01 7.574243999999999977e-01 1.065338770997762091e-04
8.000000000000000000e+01 7.557333000000000522e-01 1.167703745130274916e-04
8.100000000000000000e+01 7.564311999999999703e-01 1.155714973385023531e-04
8.200000000000000000e+01 7.585598999999999537e-01 1.064351085257386818e-04
8.300000000000000000e+01 7.624640000000000306e-01 1.014689726802739020e-04
8.400000000000000000e+01 7.570923999999999987e-01 1.136414215732342261e-04
8.500000000000000000e+01 7.554262999999999950e-01 1.243231747125325497e-04
8.600000000000000000e+01 7.561269000000000462e-01 1.229651389623747282e-04
8.700000000000000000e+01 7.582157000000000480e-01 1.133123944216859471e-04
8.800000000000000000e+01 7.620700000000000252e-01 1.080500557112541970e-04
8.900000000000000000e+01 7.567409000000000496e-01 1.207924746192701193e-04
9.000000000000000000e+01 7.550978000000000412e-01 1.319151891987877401e-04
9.100000000000000000e+01 7.558000000000000274e-01 1.304006177302093495e-04
9.200000000000000000e+01 7.578506999999999882e-01 1.202386660332128580e-04
9.300000000000000000e+01 7.616591999999999807e-01 1.146821816007256249e-04
9.400000000000000000e+01 7.563695999999999753e-01 1.279906619522652993e-04
9.500000000000000000e+01 7.547477000000000213e-01 1.395507894004799105e-04
9.600000000000000000e+01 7.554505000000000248e-01 1.378827036421321963e-04
9.700000000000000000e+01 7.574648000000000492e-01 1.272177290747056625e-04
9.800000000000000000e+01 7.612311999999999967e-01 1.213685646344873665e-04
9.900000000000000000e+01 7.559782999999999920e-01 1.352399178580380524e-04
1.000000000000000000e+02 7.543758999999999881e-01 1.472351181748878532e-04
1.010000000000000000e+02 7.550784000000000384e-01 1.454163466982740850e-04
1.020000000000000000e+02 7.570580000000000087e-01 1.342536464034145495e-04
1.030000000000000000e+02 7.607855000000000034e-01 1.281126762412025980e-04
1.040000000000000000e+02 7.555667000000000355e-01 1.425443180509817196e-04
1.050000000000000000e+02 7.539822000000000468e-01 1.549729326649943004e-04
1.060000000000000000e+02 7.546836000000000100e-01 1.530066897559136997e-04
1.070000000000000000e+02 7.566300999999999721e-01 1.413506608765944367e-04
1.080000000000000000e+02 7.603214999999999835e-01 1.349183607066870786e-04
1.090000000000000000e+02 7.551345999999999892e-01 1.499085039597902692e-04
1.100000000000000000e+02 7.535665000000000280e-01 1.627698900138058451e-04
1.110000000000000000e+02 7.542661000000000504e-01 1.606591328151936384e-04
1.120000000000000000e+02 7.561809999999999921e-01 1.485136324943737355e-04
1.130000000000000000e+02 7.598390000000000422e-01 1.417898608881957938e-04
1.140000000000000000e+02 7.546817999999999582e-01 1.573374898703105366e-04
1.150000000000000000e+02 7.531286999999999843e-01 1.706319045071929674e-04
1.160000000000000000e+02 7.538255999999999846e-01 1.683795901619844623e-04
1.170000000000000000e+02 7.557104999999999517e-01 1.557475755425991189e-04
1.180000000000000000e+02 7.593374999999999986e-01 1.487319467858547227e-04
1.190000000000000000e+02 7.542079000000000422e-01 1.648366757826850927e-04
1.200000000000000000e+02 7.526684999999999626e-01 1.785650190024582124e-04
1.210000000000000000e+02 7.533621999999999819e-01 1.761743617964525493e-04
1.220000000000000000e+02 7.552183000000000090e-01 1.630577614499813092e-04
1.230000000000000000e+02 7.588165000000000049e-01 1.557495041140786085e-04
1.240000000000000000e+02 7.537125999999999548e-01 1.724115902684885738e-04
1.250000000000000000e+02 7.521858000000000155e-01 1.865756620711999422e-04
1.260000000000000000e+02 7.528757000000000366e-01 1.840498762901963156e-04
1.270000000000000000e+02 7.547044000000000530e-01 1.704503616452547274e-04
1.280000000000000000e+02 7.582756999999999969e-01 1.628480614444421145e-04
1.290000000000000000e+02 7.531955999999999651e-01 1.800685333278874119e-04
1.300000000000000000e+02 7.516802000000000206e-01 1.946710337136082873e-04
1.310000000000000000e+02 7.523659000000000319e-01 1.920130765005419507e-04
1.320000000000000000e+02 7.541685000000000194e-01 1.779312904142898804e-04
1.330000000000000000e+02 7.577144999999999575e-01 1.700332759199518068e-04
1.340000000000000000e+02 7.526566000000000090e-01 1.878140621039118988e-04
1.350000000000000000e+02 7.511514999999999720e-01 2.028583339298734869e-04
1.360000000000000000e+02 7.518325000000000147e-01 2.000714195705436348e-04
1.370000000000000000e+02 7.536102999999999552e-01 1.855073620429810823e-04
1.380000000000000000e+02 7.571326999999999918e-01 1.773115761122060201e-04
1.390000000000000000e+02 7.520955000000000279e-01 1.956552480253203165e-04
1.400000000000000000e+02 7.505994000000000277e-01 2.111454055773455104e-04
1.410000000000000000e+02 7.512752999999999792e-01 2.082328769289833756e-04
1.420000000000000000e+02 7.530293999999999599e-01 1.931856479600865340e-04
1.430000000000000000e+02 7.565296999999999716e-01 1.846896477356671116e-04
1.440000000000000000e+02 7.515115999999999463e-01 2.035996768065986937e-04
1.450000000000000000e+02 7.500238000000000183e-01 2.195408629419662587e-04
1.460000000000000000e+02 7.506939999999999724e-01 2.165054200046430725e-04
1.470000000000000000e+02 7.524254999999999693e-01 2.009738624515242751e-04
1.480000000000000000e+02 7.559052000000000548e-01 1.921748193619571960e-04
1.490000000000000000e+02 7.509048000000000389e-01 2.116551913050971083e-04
1.500000000000000000e+02 7.494241000000000374e-01 2.280531917382455675e-04
1.510000000000000000e+02 7.500883999999999885e-01 2.248981773691925083e-04
1.520000000000000000e+02 7.517983000000000304e-01 2.088798483746443565e-04
1.530000000000000000e+02 7.552586000000000022e-01 1.997746767055624372e-04
1.540000000000000000e+02 7.502744999999999553e-01 2.198304058067573257e-04
1.550000000000000000e+02 7.488000999999999685e-01 2.366919062521490632e-04
1.560000000000000000e+02 7.494579999999999576e-01 2.334202775943013304e-04
1.570000000000000000e+02 7.511474999999999680e-01 2.169123485868205276e-04
1.580000000000000000e+02 7.545893999999999657e-01 2.074974483381286487e-04
1.590000000000000000e+02 7.496205000000000229e-01 2.281341917403851606e-04
1.600000000000000000e+02 7.481514000000000220e-01 2.454669064839381620e-04
1.610000000000000000e+02 7.488025999999999849e-01 2.420816206802310904e-04
1.620000000000000000e+02 7.504724999999999868e-01 2.250804916597225441e-04
1.630000000000000000e+02 7.538972999999999924e-01 2.153517485455977583e-04
1.640000000000000000e+02 7.489422000000000024e-01 2.365763205348101535e-04
1.650000000000000000e+02 7.474775000000000169e-01 2.543883495767384107e-04
1.660000000000000000e+02 7.481217000000000006e-01 2.508923637701071995e-04
1.670000000000000000e+02 7.497730000000000228e-01 2.333936633078840487e-04
1.680000000000000000e+02 7.531816000000000066e-01 2.233468344710713433e-04
1.690000000000000000e+02 7.482391000000000458e-01 2.451665636188618178e-04
1.700000000000000000e+02 7.467780000000000529e-01 2.634672926736989461e-04
1.710000000000000000e+02 7.474148000000000458e-01 2.598636925785108602e-04
1.720000000000000000e+02 7.490485000000000060e-01 2.418622778172943393e-04
1.730000000000000000e+02 7.524418000000000495e-01 2.314926061148110095e-04
1.740000000000000000e+02 7.475108999999999781e-01 2.539159781356894259e-04
1.750000000000000000e+02 7.460523999999999489e-01 2.727154357751288526e-04
1.760000000000000000e+02 7.466817000000000037e-01 2.690071785343191454e-04
1.770000000000000000e+02 7.482984000000000302e-01 2.504971351882387745e-04
1.780000000000000000e+02 7.516774000000000511e-01 2.397994777628060820e-04
1.790000000000000000e+02 7.467567999999999984e-01 2.628356212284421148e-04
1.800000000000000000e+02 7.453003000000000267e-01 2.821451217384970261e-04
1.810000000000000000e+02 7.459215000000000151e-01 2.783350359235689671e-04
1.820000000000000000e+02 7.475224000000000313e-01 2.593099354210263844e-04
1.830000000000000000e+02 7.508877000000000468e-01 2.482785065582058062e-04
1.840000000000000000e+02 7.459765000000000423e-01 2.719378357545887263e-04
1.850000000000000000e+02 7.445209999999999884e-01 2.917693362784321747e-04
1.860000000000000000e+02 7.451339999999999630e-01 2.878605076037530014e-04
1.870000000000000000e+02 7.467196000000000389e-01 2.683126356588301400e-04
1.880000000000000000e+02 7.500721000000000194e-01 2.569413925013191578e-04
1.890000000000000000e+02 7.451691999999999760e-01 2.812352217144622872e-04
1.900000000000000000e+02 7.437139000000000388e-01 3.016019651095868401e-04
1.910000000000000000e+02 7.443184000000000466e-01 2.975973507180918061e-04
1.920000000000000000e+02 7.458896000000000415e-01 2.775186073305746471e-04
1.930000000000000000e+02 7.492299000000000042e-01 2.658009927353429964e-04
1.940000000000000000e+02 7.443343000000000043e-01 2.907414076798511544e-04
1.950000000000000000e+02 7.428784000000000498e-01 3.116575368037733220e-04
1.960000000000000000e+02 7.434741999999999740e-01 3.075602224098296649e-04
1.970000000000000000e+02 7.450316000000000161e-01 2.869413504366166040e-04
1.980000000000000000e+02 7.483604000000000367e-01 2.748704215463379052e-04
1.990000000000000000e+02 7.434711000000000514e-01 3.004710507939997743e-04
2.000000000000000000e+02 7.420137999999999456e-01 3.219518656471236518e-04
2.010000000000000000e+02 7.426006000000000551e-01 3.177646798222345868e-04
2.020000000000000000e+02 7.441449999999999454e-01 2.965959078344961378e-04
2.030000000000000000e+02 7.474627999999999828e-01 2.841640789346843083e-04
2.040000000000000000e+02 7.425789000000000417e-01 3.104393224858802581e-04
2.050000000000000000e+02 7.411193999999999837e-01 3.325014087829296730e-04
2.060000000000000000e+02 7.416970000000000507e-01 3.282275658128944759e-04
2.070000000000000000e+02 7.432290000000000285e-01 3.064979652389132961e-04
2.080000000000000000e+02 7.465363999999999889e-01 2.936970077579225498e-04
2.090000000000000000e+02 7.416568999999999523e-01 3.206628084702164332e-04
2.100000000000000000e+02 7.401944000000000301e-01 3.433239090688029065e-04
2.110000000000000000e+02 7.407624000000000430e-01 3.389664946679888150e-04
2.120000000000000000e+02 7.422826999999999620e-01 3.166641083645919063e-04
2.130000000000000000e+02 7.455802999999999736e-01 3.034857937307761859e-04
2.140000000000000000e+02 7.407042000000000348e-01 3.311589944617559069e-04
2.150000000000000000e+02 7.392379999999999507e-01 3.544382665052426759e-04
2.160000000000000000e+02 7.397962000000000149e-01 3.500003663880167648e-04
2.170000000000000000e+02 7.413054000000000032e-01 3.271127229263033555e-04
2.180000000000000000e+02 7.445935000000000192e-01 3.135475368536971429e-04
2.190000000000000000e+02 7.397200000000000442e-01 3.419465233181339259e-04
2.200000000000000000e+02 7.382492000000000498e-01 3.658645382356357271e-04
2.210000000000000000e+02 7.387974000000000485e-01 3.613496238306612945e-04
2.220000000000000000e+02 7.402959999999999541e-01 3.378627089245468586e-04
2.230000000000000000e+02 7.435751000000000444e-01 3.239010085557525432e-04
2.240000000000000000e+02 7.387032999999999516e-01 3.530457093256014756e-04
2.250000000000000000e+02 7.372271000000000241e-01 3.776243242605528314e-04
2.260000000000000000e+02 7.377650000000000041e-01 3.730357384250609747e-04
2.270000000000000000e+02 7.392535999999999552e-01 3.489348949313011744e-04
2.280000000000000000e+02 7.425241000000000202e-01 3.345662659803294039e-04
2.290000000000000000e+02 7.376530999999999505e-01 3.644777667704331581e-04
2.300000000000000000e+02 7.361706999999999557e-01 3.897406388663161511e-04
2.310000000000000000e+02 7.366979999999999640e-01 3.850821101718338653e-04
2.320000000000000000e+02 7.381771000000000305e-01 3.603512666614328637e-04
2.330000000000000000e+02 7.414393999999999707e-01 3.455646519851343656e-04
2.340000000000000000e+02 7.365682999999999536e-01 3.762659670818151040e-04
2.350000000000000000e+02 7.350788000000000322e-01 4.022385534821592678e-04
2.360000000000000000e+02 7.355952999999999520e-01 3.975135533573497426e-04
2.370000000000000000e+02 7.370655000000000401e-01 3.721358669727196900e-04
2.380000000000000000e+02 7.403197999999999723e-01 3.569194379993535044e-04
2.390000000000000000e+02 7.354477000000000375e-01 3.884351245461170350e-04
2.400000000000000000e+02 7.339503000000000554e-01 4.151444252516356577e-04
2.410000000000000000e+02 7.344557000000000446e-01 4.103571965537537161e-04
2.420000000000000000e+02 7.359172999999999965e-01 3.843141530086913497e-04
2.430000000000000000e+02 7.391640000000000432e-01 3.686554383093565966e-04
2.440000000000000000e+02 7.342900999999999456e-01 4.010119820211882711e-04
2.450000000000000000e+02 7.327839000000000436e-01 4.284871827469378816e-04
2.460000000000000000e+02 7.332777999999999796e-01 4.236419683332386717e-04
2.470000000000000000e+02 7.347314000000000345e-01 3.969138961986528723e-04
2.480000000000000000e+02 7.379708000000000379e-01 3.807995243444248375e-04
2.490000000000000000e+02 7.330942000000000291e-01 4.140254680792215358e-04
2.500000000000000000e+02 7.315783000000000147e-01 4.422978116831702993e-04
2.510000000000000000e+02 7.320603999999999445e-01 4.373988544109085356e-04
2.520000000000000000e+02 7.335064999999999502e-01 4.099650536862525286e-04
2.530000000000000000e+02 7.367386000000000212e-01 3.933808818196150273e-04
2.540000000000000000e+02 7.318584000000000200e-01 4.275066970067529018e-04
2.550000000000000000e+02 7.303319999999999812e-01 4.566098692040763008e-04
2.560000000000000000e+02 7.308019999999999516e-01 4.516620547876669433e-04
2.570000000000000000e+02 7.322408999999999724e-01 4.235000254723464484e-04
2.580000000000000000e+02 7.354659999999999531e-01 4.064311393071909579e-04
2.590000000000000000e+02 7.305812999999999890e-01 4.414894830903899441e-04
2.600000000000000000e+02 7.290434999999999555e-01 4.714596124534709411e-04
2.610000000000000000e+02 7.295009000000000077e-01 4.664682123216244681e-04
2.620000000000000000e+02 7.309330000000000549e-01 4.375540401292934891e-04
2.630000000000000000e+02 7.341512999999999511e-01 4.199844968080561022e-04
2.640000000000000000e+02 7.292613000000000012e-01 4.560107263311072583e-04
2.650000000000000000e+02 7.277109000000000494e-01 4.868865128609681171e-04
2.660000000000000000e+02 7.281554999999999556e-01 4.818570555852592463e-04
2.670000000000000000e+02 7.295812000000000408e-01 4.521652833723881410e-04
2.680000000000000000e+02 7.327928000000000219e-01 4.340782400374812249e-04
2.690000000000000000e+02 7.278966000000000047e-01 4.711102838728149105e-04
2.700000000000000000e+02 7.263327000000000533e-01 5.029332561419811104e-04
2.710000000000000000e+02 7.267639999999999656e-01 4.978721702940081765e-04
2.720000000000000000e+02 7.281836000000000420e-01 4.673755409170199057e-04
2.730000000000000000e+02 7.313884999999999970e-01 4.487528689965359328e-04
2.740000000000000000e+02 7.264852000000000531e-01 4.868314842880859398e-04
2.750000000000000000e+02 7.249067000000000149e-01 5.196468994406100092e-04
2.760000000000000000e+02 7.253243999999999803e-01 5.145606135919715638e-04
2.770000000000000000e+02 7.267382000000000009e-01 4.832300699072413657e-04
2.780000000000000000e+02 7.299364000000000408e-01 4.640529979721130511e-04
2.790000000000000000e+02 7.250250000000000306e-01 5.032220275781803002e-04
2.800000000000000000e+02 7.234310000000000462e-01 5.370782284724821137e-04
2.810000000000000000e+02 7.238345999999999947e-01 5.319741997662321472e-04
2.820000000000000000e+02 7.252427999999999653e-01 4.997788846300878088e-04
2.830000000000000000e+02 7.284344000000000374e-01 4.800269698226322917e-04
2.840000000000000000e+02 7.235139999999999905e-01 5.203339851730449158e-04
2.850000000000000000e+02 7.219033000000000255e-01 5.552831718105033813e-04
2.860000000000000000e+02 7.222922000000000509e-01 5.501696288182877882e-04
2.870000000000000000e+02 7.236951999999999829e-01 5.170763708012817090e-04
2.880000000000000000e+02 7.268799999999999706e-01 4.967282702637923486e-04
2.890000000000000000e+02 7.219497000000000275e-01 5.382243142170413993e-04
2.900000000000000000e+02 7.203211000000000475e-01 5.743230580277222316e-04
2.910000000000000000e+02 7.206947999999999688e-01 5.692090007497787024e-04
2.920000000000000000e+02 7.220927999999999791e-01 5.351825712795516997e-04
2.930000000000000000e+02 7.252707000000000459e-01 5.142156564400024487e-04
2.940000000000000000e+02 7.203294999999999559e-01 5.569557575689700491e-04
2.950000000000000000e+02 7.186816999999999789e-01 5.942651299830578084e-04
2.960000000000000000e+02 7.190398000000000067e-01 5.891607155625119439e-04
2.970000000000000000e+02 7.204329000000000427e-01 5.541635717809295560e-04
2.980000000000000000e+02 7.236036999999999608e-01 5.325534140672462651e-04
2.990000000000000000e+02 7.186506000000000283e-01 5.765974866592292816e-04
3.000000000000000000e+02 7.169824000000000197e-01 6.151837019641873475e-04
3.010000000000000000e+02 7.173241000000000200e-01 6.101002446870521173e-04
3.020000000000000000e+02 7.187124999999999764e-01 5.740922723073404186e-04
3.030000000000000000e+02 7.218759999999999621e-01 5.518134145759936082e-04
3.040000000000000000e+02 7.169100000000000472e-01 5.972258729184078607e-04
3.050000000000000000e+02 7.152199999999999669e-01 6.371610596875701199e-04
3.060000000000000000e+02 7.155447000000000335e-01 6.321111595541784424e-04
3.070000000000000000e+02 7.169284999999999686e-01 5.950494157180602917e-04
3.080000000000000000e+02 7.200843999999999578e-01 5.720747293969047440e-04
3.090000000000000000e+02 7.151043999999999734e-01 6.189259020630364511e-04
3.100000000000000000e+02 7.133912000000000031e-01 6.602879745841752591e-04
3.110000000000000000e+02 7.136981000000000019e-01 6.552859030234755742e-04
3.120000000000000000e+02 7.150773999999999742e-01 6.171248734440342582e-04
3.130000000000000000e+02 7.182252000000000081e-01 5.934254299608774123e-04
3.140000000000000000e+02 7.132302999999999837e-01 6.417914312384514781e-04
3.150000000000000000e+02 7.114922000000000191e-01 6.846656323709612510e-04
3.160000000000000000e+02 7.117807000000000439e-01 6.797274608119494499e-04
3.170000000000000000e+02 7.131553000000000475e-01 6.404182883450374288e-04
3.180000000000000000e+02 7.162946000000000035e-01 6.159636162705029155e-04
3.190000000000000000e+02 7.112836000000000158e-01 6.659273747331384769e-04
3.200000000000000000e+02 7.095190999999999582e-01 7.104067901937637357e-04
3.210000000000000000e+02 7.097881999999999802e-01 7.055507757797791673e-04
3.220000000000000000e+02 7.111583000000000210e-01 6.650413889954495715e-04
3.230000000000000000e+02 7.142884000000000455e-01 6.397992169001134617e-04
3.240000000000000000e+02 7.092600999999999489e-01 6.914512468359155757e-04
3.250000000000000000e+02 7.074673999999999685e-01 7.376373194844788829e-04
3.260000000000000000e+02 7.077162000000000175e-01 7.328841622160685385e-04
3.270000000000000000e+02 7.090815999999999786e-01 6.911192753985752769e-04
3.280000000000000000e+02 7.122020000000000017e-01 6.650554032815341517e-04
3.290000000000000000e+02 7.071551000000000364e-01 7.184944475502539870e-04
3.300000000000000000e+02 7.053325000000000289e-01 7.664986488182712505e-04
3.310000000000000000e+02 7.055599000000000176e-01 7.618720058389169417e-04
3.320000000000000000e+02 7.069204000000000043e-01 7.187922189866909756e-04
3.330000000000000000e+02 7.100300999999999974e-01 6.918707754184258950e-04
3.340000000000000000e+02 7.049634999999999652e-01 7.472052197372122846e-04
3.350000000000000000e+02 7.031087999999999782e-01 7.971496924850527332e-04
3.360000000000000000e+02 7.033137000000000416e-01 7.926768209383317160e-04
3.370000000000000000e+02 7.046691999999999956e-01 7.482191340497088873e-04
3.380000000000000000e+02 7.077672999999999881e-01 7.204018047434934853e-04
3.390000000000000000e+02 7.026795999999999598e-01 7.777505776869163279e-04
3.400000000000000000e+02 7.007906999999999886e-01 8.297704504895778979e-04
3.410000000000000000e+02 7.009718999999999811e-01 8.254823360905941525e-04
3.420000000000000000e+02 7.023217999999999961e-01 7.795792491637915664e-04
3.430000000000000000e+02 7.054072999999999594e-01 7.508264341185798534e-04
3.440000000000000000e+02 7.002969999999999473e-01 8.103204214043822082e-04
3.450000000000000000e+02 6.983717999999999870e-01 8.645644514086514099e-04
3.460000000000000000e+02 6.985278999999999794e-01 8.604970941583562401e-04
3.470000000000000000e+02 6.998718000000000439e-01 8.130771214771997674e-04
3.480000000000000000e+02 7.029433000000000487e-01 7.833469064061703664e-04
3.490000000000000000e+02 6.978090000000000126e-01 8.451306223238837581e-04
3.500000000000000000e+02 6.958448000000000411e-01 9.017636381055429929e-04
3.510000000000000000e+02 6.959741999999999873e-01 8.979588237193256292e-04
3.520000000000000000e+02 6.973116000000000314e-01 8.489457224246585443e-04
3.530000000000000000e+02 7.003675000000000317e-01 8.181945216123743397e-04
3.540000000000000000e+02 6.952078000000000424e-01 8.824281661662306117e-04
3.550000000000000000e+02 6.932019000000000375e-01 9.416335105872658149e-04
3.560000000000000000e+02 6.933029000000000552e-01 9.381395819235459690e-04
3.570000000000000000e+02 6.946329999999999449e-01 8.874527377275247394e-04
3.580000000000000000e+02 6.976715999999999474e-01 8.556352940299332029e-04
3.590000000000000000e+02 6.924848000000000114e-01 9.224970672246392538e-04
3.600000000000000000e+02 6.904341000000000506e-01 9.844790402904466699e-04
3.610000000000000000e+02 6.905050000000000354e-01 9.813528259221544585e-04
3.620000000000000000e+02 6.918265999999999583e-01 9.289060959653604004e-04
3.630000000000000000e+02 6.948461999999999694e-01 8.959767665241131053e-04
3.640000000000000000e+02 6.896301999999999710e-01 9.656647969363310298e-04
3.650000000000000000e+02 6.875318000000000263e-01 1.030652384367245237e-03
3.660000000000000000e+02 6.875700000000000145e-01 1.027959841438979638e-03
3.670000000000000000e+02 6.888826999999999590e-01 9.736641257190594648e-04
3.680000000000000000e+02 6.918800999999999979e-01 9.395750819614643104e-04
3.690000000000000000e+02 6.866335999999999551e-01 1.012312569597090001e-03
3.700000000000000000e+02 6.844835999999999698e-01 1.080562399971318407e-03
3.710000000000000000e+02 6.844869999999999566e-01 1.078382471342307540e-03
3.720000000000000000e+02 6.857887999999999762e-01 1.022142755571037133e-03
3.730000000000000000e+02 6.887617999999999796e-01 9.868478403530177561e-04
3.740000000000000000e+02 6.834824000000000455e-01 1.062884856647228248e-03
3.750000000000000000e+02 6.812770000000000215e-01 1.134686987115289449e-03
3.760000000000000000e+02 6.812428999999999846e-01 1.133112629930846122e-03
3.770000000000000000e+02 6.825322999999999807e-01 1.074830814105634394e-03
3.780000000000000000e+02 6.854774999999999618e-01 1.038284770283138267e-03
3.790000000000000000e+02 6.801631000000000205e-01 1.117904558100558032e-03
3.800000000000000000e+02 6.778979000000000532e-01 1.193588131528289329e-03
3.810000000000000000e+02 6.778231000000000117e-01 1.192730431505633444e-03
3.820000000000000000e+02 6.790979999999999794e-01 1.132305844195249413e-03
3.830000000000000000e+02 6.820114999999999927e-01 1.094466628910023120e-03
3.840000000000000000e+02 6.766598000000000335e-01 1.177991388259162862e-03
3.850000000000000000e+02 6.743299999999999850e-01 1.257931061799317943e-03
3.860000000000000000e+02 6.742108999999999464e-01 1.257923861799127921e-03
3.870000000000000000e+02 6.754689000000000387e-01 1.195254288715157445e-03
3.880000000000000000e+02 6.783462999999999576e-01 1.156085901966250008e-03
3.890000000000000000e+02 6.729545000000000110e-01 1.243884247142560979e-03
3.900000000000000000e+02 6.705548000000000064e-01 1.328510606520799274e-03
3.910000000000000000e+02 6.703871999999999609e-01 1.329516035118785905e-03
3.920000000000000000e+02 6.716254000000000390e-01 1.264500547687134793e-03
3.930000000000000000e+02 6.744611000000000356e-01 1.223976632330993006e-03
3.940000000000000000e+02 6.690266000000000268e-01 1.316473749059992064e-03
3.950000000000000000e+02 6.665507000000000515e-01 1.406282180003684719e-03
3.960000000000000000e+02 6.663299000000000305e-01 1.408497465776486482e-03
3.970000000000000000e+02 6.675446999999999909e-01 1.341042463994681841e-03
3.980000000000000000e+02 6.703324000000000504e-01 1.299151320030996403e-03
3.990000000000000000e+02 6.648519999999999985e-01 1.396841179754303251e-03
4.000000000000000000e+02 6.622930000000000206e-01 1.492409610850144652e-03
4.010000000000000000e+02 6.620135000000000325e-01 1.496080325232819735e-03
4.020000000000000000e+02 6.632004000000000232e-01 1.426100180527171577e-03
4.030000000000000000e+02 6.659325000000000383e-01 1.382855179384867095e-03
4.040000000000000000e+02 6.604025999999999508e-01 1.486315324974880111e-03
4.050000000000000000e+02 6.577526000000000206e-01 1.588321327669339538e-03
4.060000000000000000e+02 6.574079999999999924e-01 1.593750899241331469e-03
4.070000000000000000e+02 6.585613999999999635e-01 1.521182611610175312e-03
4.080000000000000000e+02 6.612287000000000026e-01 1.476631324719080134e-03
4.090000000000000000e+02 6.556454999999999922e-01 1.586545756193867042e-03
4.100000000000000000e+02 6.528954000000000146e-01 1.695791616222422360e-03
4.110000000000000000e+02 6.524779000000000551e-01 1.703364473565314313e-03
4.120000000000000000e+02 6.535912000000000388e-01 1.628181043007936868e-03
4.130000000000000000e+02 6.561825000000000019e-01 1.582421184656345858e-03
4.140000000000000000e+02 6.505412999999999890e-01 1.699611473466179851e-03
4.150000000000000000e+02 6.476807999999999454e-01 1.817056333711309507e-03
4.160000000000000000e+02 6.471810999999999536e-01 1.827261048266578180e-03
4.170000000000000000e+02 6.482457999999999831e-01 1.749488189069373220e-03
4.180000000000000000e+02 6.507475999999999816e-01 1.702699759262041703e-03
4.190000000000000000e+02 6.450432999999999861e-01 1.828158476861712093e-03
4.200000000000000000e+02 6.420601000000000225e-01 1.954964623068402869e-03
4.210000000000000000e+02 6.414672000000000152e-01 1.968436337709968988e-03
4.220000000000000000e+02 6.424727000000000077e-01 1.888191049876026704e-03
4.230000000000000000e+02 6.448681000000000552e-01 1.840669762906480033e-03
4.240000000000000000e+02 6.390947000000000155e-01 1.975618337899679323e-03
4.250000000000000000e+02 6.359742000000000450e-01 2.113211627248452219e-03
4.260000000000000000e+02 6.352744999999999642e-01 2.130783484855465048e-03
4.270000000000000000e+02 6.362075000000000369e-01 2.048321625534401703e-03
4.280000000000000000e+02 6.384756999999999794e-01 2.000540624272280441e-03
4.290000000000000000e+02 6.326258000000000159e-01 2.146510342413742670e-03
4.300000000000000000e+02 6.293509999999999938e-01 2.296666346380070618e-03
4.310000000000000000e+02 6.285277000000000225e-01 2.319454346982009404e-03
4.320000000000000000e+02 6.293708999999999554e-01 2.235254201900743407e-03
4.330000000000000000e+02 6.314855000000000329e-01 2.187963057794418791e-03
4.340000000000000000e+02 6.255505000000000093e-01 2.346900490564134308e-03
4.350000000000000000e+02 6.221006000000000036e-01 2.511875637779048542e-03
4.360000000000000000e+02 6.211328000000000404e-01 2.541405924273367964e-03
4.370000000000000000e+02 6.218637999999999666e-01 2.456304493454009724e-03
4.380000000000000000e+02 6.237911000000000428e-01 2.410682206534623968e-03
4.390000000000000000e+02 6.177601999999999816e-01 2.585130496856911670e-03
4.400000000000000000e+02 6.141100999999999921e-01 2.767854930254953945e-03
4.410000000000000000e+02 6.129710999999999910e-01 2.806265645555275964e-03
4.420000000000000000e+02 6.135604000000000058e-01 2.721686214749705936e-03
4.430000000000000000e+02 6.152568000000000481e-01 2.679608642209667813e-03
4.440000000000000000e+02 6.091164000000000023e-01 2.872987790174865667e-03
4.450000000000000000e+02 6.052347999999999617e-01 3.077373938430810058e-03
4.460000000000000000e+02 6.038902999999999910e-01 3.127767511190513144e-03
4.470000000000000000e+02 6.042984000000000133e-01 3.046123366176763797e-03
4.480000000000000000e+02 6.057063999999999782e-01 3.010627365239146747e-03
4.490000000000000000e+02 5.994384999999999852e-01 3.227715085259171609e-03
4.500000000000000000e+02 5.952863000000000460e-01 3.459197662802288974e-03
4.510000000000000000e+02 5.936909000000000214e-01 3.526247664573395162e-03
4.520000000000000000e+02 5.938636999999999944e-01 3.451680091175142896e-03
4.530000000000000000e+02 5.949060000000000459e-01 3.427824947687872943e-03
4.540000000000000000e+02 5.884865999999999708e-01 3.675620668519041009e-03
4.550000000000000000e+02 5.840138999999999747e-01 3.942114532701257272e-03
4.560000000000000000e+02 5.821068000000000353e-01 4.033207392250306479e-03
4.570000000000000000e+02 5.819685999999999471e-01 3.972997390659875790e-03
4.580000000000000000e+02 5.825388999999999706e-01 3.969488676281480652e-03
4.590000000000000000e+02 5.759339999999999460e-01 4.258845112496176255e-03
4.600000000000000000e+02 5.710756000000000165e-01 4.572547835068258189e-03
4.610000000000000000e+02 5.687729999999999730e-01 4.699968552719754195e-03
4.620000000000000000e+02 5.682150999999999730e-01 4.667274123284712202e-03
4.630000000000000000e+02 5.681640999999999497e-01 4.699630409853680288e-03
4.640000000000000000e+02 5.613234000000000279e-01 5.048308419063909057e-03
4.650000000000000000e+02 5.559925999999999480e-01 5.429052143406860355e-03
4.660000000000000000e+02 5.531762999999999542e-01 5.614148719724705409e-03
4.670000000000000000e+02 5.520376999999999645e-01 5.633359863089304996e-03
4.680000000000000000e+02 5.511496999999999646e-01 5.730022437071190418e-03
4.690000000000000000e+02 5.439947000000000532e-01 6.168289020076448727e-03
4.700000000000000000e+02 5.380732999999999766e-01 6.649544747074395690e-03
4.710000000000000000e+02 5.345718000000000414e-01 6.930594183069664453e-03
4.720000000000000000e+02 5.326068999999999942e-01 7.047963186169932739e-03
4.730000000000000000e+02 5.305632999999999599e-01 7.262637620411925565e-03
4.740000000000000000e+02 5.229643000000000486e-01 7.844532635782514723e-03
4.750000000000000000e+02 5.162870000000000514e-01 8.486529652740684021e-03
4.760000000000000000e+02 5.118420000000000192e-01 8.938278236102064137e-03
4.770000000000000000e+02 5.086621999999999533e-01 9.251028244363265415e-03
4.780000000000000000e+02 5.049867999999999579e-01 9.700926684818632698e-03
4.790000000000000000e+02 4.967192999999999747e-01 1.055083656441161734e-02
4.800000000000000000e+02 4.890419999999999767e-01 1.150979173259928691e-02
4.810000000000000000e+02 4.832407000000000230e-01 1.236073404079097125e-02
4.820000000000000000e+02 4.782017000000000073e-01 1.322389320644821488e-02
4.830000000000000000e+02 4.721761999999999904e-01 1.446420895349651708e-02
4.840000000000000000e+02 4.628160000000000052e-01 1.647718757809734161e-02
4.850000000000000000e+02 4.536543000000000103e-01 1.930253193844229387e-02
4.860000000000000000e+02 4.456449000000000105e-01 2.319504489840476524e-02
4.870000000000000000e+02 4.376115999999999895e-01 2.885081219065738570e-02
4.880000000000000000e+02 4.283591999999999955e-01 3.707917812229303417e-02
4.890000000000000000e+02 4.173664000000000263e-01 4.800011269648069012e-02
4.900000000000000000e+02 4.063174999999999981e-01 5.976466872152378512e-02
4.910000000000000000e+02 3.949308000000000263e-01 6.855882609667607319e-02
4.920000000000000000e+02 3.813207000000000124e-01 6.979149184352230473e-02
4.930000000000000000e+02 3.647568999999999950e-01 6.049157302643903139e-02
4.940000000000000000e+02 3.460209000000000201e-01 4.262544112593884271e-02
4.950000000000000000e+02 3.259996000000000005e-01 2.331034775859331526e-02
4.960000000000000000e+02 3.047501000000000237e-01 9.451265392509617183e-03
4.970000000000000000e+02 2.819478999999999735e-01 2.699290357015268933e-03
4.980000000000000000e+02 2.571609000000000256e-01 5.067074705273900666e-04
4.990000000000000000e+02 2.303633999999999959e-01 5.553203289543420942e-05
5.000000000000000000e+02 2.037596000000000129e-01 2.664354927521031073e-06
5.010000000000000000e+02 1.851486999999999994e-01 0.000000000000000000e+00
