1.000000000000000000e+00 9.358119999999999772e-01 2.473336664933260088e-05
2.000000000000000000e+00 9.283234999999999681e-01 3.875616663950490177e-05
3.000000000000000000e+00 9.293964999999999588e-01 4.817378329957135163e-05
4.000000000000000000e+00 9.295630000000000281e-01 5.619624996061556922e-05
5.000000000000000000e+00 9.296356999999999537e-01 6.342528328888252895e-05
6.000000000000000000e+00 9.296640999999999933e-01 7.020826661746209238e-05
7.000000000000000000e+00 9.296723000000000070e-01 7.675203327954264131e-05
8.000000000000000000e+00 9.296676999999999857e-01 8.318891660836476114e-05
9.000000000000000000e+00 9.296545999999999976e-01 8.960651660386707482e-05
1.000000000000000000e+01 9.296356000000000064e-01 9.606306659934209442e-05
1.100000000000000000e+01 9.296124000000000054e-01 1.025962499280967238e-04
1.200000000000000000e+01 9.295856999999999593e-01 1.092289165901149701e-04
1.300000000000000000e+01 9.295558999999999905e-01 1.159733332520548942e-04
1.400000000000000000e+01 9.295234999999999470e-01 1.228341665805798930e-04
1.500000000000000000e+01 9.294885999999999981e-01 1.298108665756903619e-04
1.600000000000000000e+01 9.294516000000000444e-01 1.368993165707224949e-04
1.700000000000000000e+01 9.294126000000000332e-01 1.440931665656807945e-04
1.800000000000000000e+01 9.293717000000000228e-01 1.513848665605705193e-04
1.900000000000000000e+01 9.293289000000000133e-01 1.587664165553972356e-04
2.000000000000000000e+01 9.292842000000000047e-01 1.662298498834999174e-04
2.100000000000000000e+01 9.292375000000000496e-01 1.737676665448837862e-04
2.200000000000000000e+01 9.291888999999999843e-01 1.813728332062205010e-04
2.300000000000000000e+01 9.291382999999999726e-01 1.890389998675144287e-04
2.400000000000000000e+01 9.290857999999999617e-01 1.967608331954360189e-04
2.500000000000000000e+01 9.290313999999999517e-01 2.045331665233222191e-04
2.600000000000000000e+01 9.289749000000000478e-01 2.123516665178426814e-04
2.700000000000000000e+01 9.289165000000000338e-01 2.202126665123334010e-04
2.800000000000000000e+01 9.288560999999999623e-01 2.281126665067968165e-04
2.900000000000000000e+01 9.287935999999999970e-01 2.360486665012349677e-04
3.000000000000000000e+01 9.287290999999999741e-01 2.440179998289830794e-04
3.100000000000000000e+01 9.286623999999999990e-01 2.520186664900425839e-04
3.200000000000000000e+01 9.285938000000000248e-01 2.600481664844152036e-04
3.300000000000000000e+01 9.285229999999999873e-01 2.681051664787685780e-04
3.400000000000000000e+01 9.284500999999999449e-01 2.761876664731040308e-04
3.500000000000000000e+01 9.283751000000000086e-01 2.842944998007557807e-04
3.600000000000000000e+01 9.282979000000000092e-01 2.924244997950580459e-04
3.700000000000000000e+01 9.282186999999999522e-01 3.005766664560113530e-04
3.800000000000000000e+01 9.281371999999999955e-01 3.087496664502833413e-04
3.900000000000000000e+01 9.280536000000000341e-01 3.169431664445410699e-04
4.000000000000000000e+01 9.279678999999999567e-01 3.251563331054516440e-04
4.100000000000000000e+01 9.278798999999999797e-01 3.333886664330154353e-04
4.200000000000000000e+01 9.277897999999999978e-01 3.416394997605662906e-04
4.300000000000000000e+01 9.276974999999999527e-01 3.499088330881041558e-04
4.400000000000000000e+01 9.276029000000000080e-01 3.581958330822962986e-04
4.500000000000000000e+01 9.275061000000000000e-01 3.665006664098093524e-04
4.600000000000000000e+01 9.274071000000000398e-01 3.748229997373100507e-04
4.700000000000000000e+01 9.273057999999999579e-01 3.831626663981319773e-04
4.800000000000000000e+01 9.272023000000000348e-01 3.915196663922750780e-04
4.900000000000000000e+01 9.270964999999999900e-01 3.998939997197393527e-04
5.000000000000000000e+01 9.269884000000000457e-01 4.082854997138583310e-04
5.100000000000000000e+01 9.268779999999999797e-01 4.166944997079649539e-04
5.200000000000000000e+01 9.267653999999999614e-01 4.251208330353928051e-04
5.300000000000000000e+01 9.266503999999999852e-01 4.335648330294749339e-04
5.400000000000000000e+01 9.265330000000000510e-01 4.420263330235448158e-04
5.500000000000000000e+01 9.264132999999999951e-01 4.505058330176020791e-04
5.600000000000000000e+01 9.262913000000000396e-01 4.590031663449801449e-04
5.700000000000000000e+01 9.261669000000000151e-01 4.675188330056786958e-04
5.800000000000000000e+01 9.260401000000000327e-01 4.760529996663643106e-04
5.900000000000000000e+01 9.259108999999999812e-01 4.846058329937034601e-04
6.000000000000000000e+01 9.257792999999999717e-01 4.931776663210294103e-04
6.100000000000000000e+01 9.256453000000000042e-01 5.017686663150084693e-04
6.200000000000000000e+01 9.255088999999999677e-01 5.103793329756404823e-04
6.300000000000000000e+01 9.253700000000000259e-01 5.190096663029253408e-04
6.400000000000000000e+01 9.252287000000000150e-01 5.276601662968627817e-04
6.500000000000000000e+01 9.250848999999999878e-01 5.363309996241192755e-04
6.600000000000000000e+01 9.249386000000000552e-01 5.450228329513610295e-04
6.700000000000000000e+01 9.247897999999999952e-01 5.537354996119214648e-04
6.800000000000000000e+01 9.246383999999999714e-01 5.624698329391334762e-04
6.900000000000000000e+01 9.244845999999999897e-01 5.712258329329969551e-04
7.000000000000000000e+01 9.243282000000000442e-01 5.800039995935115300e-04
7.100000000000000000e+01 9.241692000000000240e-01 5.888046662540103587e-04
7.200000000000000000e+01 9.240076999999999874e-01 5.976283329144930698e-04
7.300000000000000000e+01 9.238435000000000397e-01 6.064751662416262420e-04
7.400000000000000000e+01 9.236767999999999645e-01 6.153458329020759744e-04
7.500000000000000000e+01 9.235073999999999783e-01 6.242403328958423753e-04
7.600000000000000000e+01 9.233352999999999700e-01 6.331594995562582311e-04
7.700000000000000000e+01 9.231605999999999979e-01 6.421033328833233248e-04
7.800000000000000000e+01 9.229832999999999510e-01 6.510724995437040807e-04
7.900000000000000000e+01 9.228032000000000457e-01 6.600673328707334399e-04
8.000000000000000000e+01 9.226204000000000072e-01 6.690883328644112475e-04
8.100000000000000000e+01 9.224347999999999992e-01 6.781358328580704446e-04
8.200000000000000000e+01 9.222466000000000275e-01 6.872103328517106596e-04
8.300000000000000000e+01 9.220555000000000279e-01 6.963123328453316293e-04
8.400000000000000000e+01 9.218615999999999477e-01 7.054419995055999327e-04
8.500000000000000000e+01 9.216649999999999565e-01 7.146001661658482476e-04
8.600000000000000000e+01 9.214655000000000484e-01 7.237868328260765741e-04
8.700000000000000000e+01 9.212631000000000014e-01 7.330028328196175899e-04
8.800000000000000000e+01 9.210578999999999850e-01 7.422484994798045615e-04
8.900000000000000000e+01 9.208496999999999932e-01 7.515243328066370087e-04
9.000000000000000000e+01 9.206387000000000320e-01 7.608308328001146684e-04
9.100000000000000000e+01 9.204246999999999845e-01 7.701683327935706985e-04
9.200000000000000000e+01 9.202078000000000202e-01 7.795374994536710895e-04
9.300000000000000000e+01 9.199878000000000222e-01 7.889384994470824202e-04
9.400000000000000000e+01 9.197648999999999964e-01 7.983723327738041645e-04
9.500000000000000000e+01 9.195389000000000479e-01 8.078389994338362138e-04
9.600000000000000000e+01 9.193099000000000132e-01 8.173393327605114628e-04
9.700000000000000000e+01 9.190777999999999448e-01 8.268736660871627443e-04
9.800000000000000000e+01 9.188425999999999538e-01 8.364426660804563738e-04
9.900000000000000000e+01 9.186041999999999819e-01 8.460466660737256178e-04
1.000000000000000000e+02 9.183626999999999763e-01 8.556861660669698878e-04
1.010000000000000000e+02 9.181181000000000481e-01 8.653619993935220784e-04
1.020000000000000000e+02 9.178701999999999694e-01 8.750744993867152393e-04
1.030000000000000000e+02 9.176191000000000209e-01 8.848241660465488902e-04
1.040000000000000000e+02 9.173647000000000329e-01 8.946116660396893471e-04
1.050000000000000000e+02 9.171070999999999529e-01 9.044373326994698762e-04
1.060000000000000000e+02 9.168460999999999972e-01 9.143019993592230469e-04
1.070000000000000000e+02 9.165818000000000021e-01 9.242061660189485961e-04
1.080000000000000000e+02 9.163141000000000203e-01 9.341503326786459354e-04
1.090000000000000000e+02 9.160430000000000517e-01 9.441349993383149099e-04
1.100000000000000000e+02 9.157684999999999853e-01 9.541608326646218354e-04
1.110000000000000000e+02 9.154904999999999848e-01 9.642284993242327025e-04
1.120000000000000000e+02 9.152090000000000503e-01 9.743383326504807774e-04
1.130000000000000000e+02 9.149239999999999595e-01 9.844913326433649917e-04
1.140000000000000000e+02 9.146353999999999873e-01 9.946878326362190454e-04
1.150000000000000000e+02 9.143432000000000226e-01 1.004928332629042133e-03
1.160000000000000000e+02 9.140475999999999601e-01 1.015213999288500308e-03
1.170000000000000000e+02 9.137480000000000047e-01 1.025544499281260194e-03
1.180000000000000000e+02 9.134449999999999514e-01 1.035921665940653944e-03
1.190000000000000000e+02 9.131380999999999526e-01 1.046344832600015892e-03
1.200000000000000000e+02 9.128275000000000139e-01 1.056815832592677322e-03
1.210000000000000000e+02 9.125132000000000243e-01 1.067334665918638669e-03
1.220000000000000000e+02 9.121947999999999723e-01 1.077901832577899451e-03
1.230000000000000000e+02 9.118728000000000389e-01 1.088518832570458880e-03
1.240000000000000000e+02 9.115467999999999904e-01 1.099185165896316785e-03
1.250000000000000000e+02 9.112168000000000490e-01 1.109902332555472377e-03
1.260000000000000000e+02 9.108829999999999982e-01 1.120671165881258549e-03
1.270000000000000000e+02 9.105448999999999904e-01 1.131491499207008507e-03
1.280000000000000000e+02 9.102029999999999843e-01 1.142364999199388040e-03
1.290000000000000000e+02 9.098568000000000211e-01 1.153291499191730352e-03
1.300000000000000000e+02 9.095066000000000539e-01 1.164272332517367857e-03
1.310000000000000000e+02 9.091521999999999659e-01 1.175307999176300293e-03
1.320000000000000000e+02 9.087935000000000318e-01 1.186399165835193758e-03
1.330000000000000000e+02 9.084305999999999770e-01 1.197546665827381148e-03
1.340000000000000000e+02 9.080633999999999650e-01 1.208751332486195356e-03
1.350000000000000000e+02 9.076916999999999902e-01 1.220013665811635470e-03
1.360000000000000000e+02 9.073156999999999472e-01 1.231334499137034817e-03
1.370000000000000000e+02 9.069352999999999998e-01 1.242714832462392437e-03
1.380000000000000000e+02 9.065503000000000311e-01 1.254155165787707851e-03
1.390000000000000000e+02 9.061607999999999885e-01 1.265656499112980749e-03
1.400000000000000000e+02 9.057667000000000357e-01 1.277219499104877013e-03
1.410000000000000000e+02 9.053679999999999506e-01 1.288844999096729321e-03
1.420000000000000000e+02 9.049644999999999495e-01 1.300533665755204205e-03
1.430000000000000000e+02 9.045564000000000382e-01 1.312286665746967285e-03
1.440000000000000000e+02 9.041434000000000415e-01 1.324104499072018297e-03
1.450000000000000000e+02 9.037256000000000178e-01 1.335987999063689702e-03
1.460000000000000000e+02 9.033029000000000197e-01 1.347938332388647770e-03
1.470000000000000000e+02 9.028751999999999889e-01 1.359955999046892020e-03
1.480000000000000000e+02 9.024425000000000363e-01 1.372042165705088289e-03
1.490000000000000000e+02 9.020048000000000510e-01 1.384197499029902675e-03
1.500000000000000000e+02 9.015619000000000272e-01 1.396422832354668074e-03
1.510000000000000000e+02 9.011137999999999648e-01 1.408719165679383524e-03
1.520000000000000000e+02 9.006604999999999750e-01 1.421087499004048934e-03
1.530000000000000000e+02 9.002019999999999467e-01 1.433528665661996330e-03
1.540000000000000000e+02 8.997380000000000377e-01 1.446043498986558607e-03
1.550000000000000000e+02 8.992685999999999735e-01 1.458632998977735457e-03
1.560000000000000000e+02 8.987937999999999761e-01 1.471298165635525918e-03
1.570000000000000000e+02 8.983134000000000396e-01 1.484039832293262886e-03
1.580000000000000000e+02 8.978272999999999948e-01 1.496858998950945400e-03
1.590000000000000000e+02 8.973356000000000110e-01 1.509756832275239513e-03
1.600000000000000000e+02 8.968382000000000298e-01 1.522733998932811108e-03
1.610000000000000000e+02 8.963349000000000455e-01 1.535791665590326670e-03
1.620000000000000000e+02 8.958258000000000054e-01 1.548930998914451384e-03
1.630000000000000000e+02 8.953107000000000149e-01 1.562152665571851784e-03
1.640000000000000000e+02 8.947895000000000154e-01 1.575457832229193705e-03
1.650000000000000000e+02 8.942622999999999545e-01 1.588847665553142982e-03
1.660000000000000000e+02 8.937289000000000483e-01 1.602323165543698873e-03
1.670000000000000000e+02 8.931892000000000165e-01 1.615885332200860634e-03
1.680000000000000000e+02 8.926431999999999700e-01 1.629535332191294318e-03
1.690000000000000000e+02 8.920907999999999616e-01 1.643274165514998749e-03
1.700000000000000000e+02 8.915319999999999911e-01 1.657102832171973832e-03
1.710000000000000000e+02 8.909664999999999946e-01 1.671023332162217866e-03
1.720000000000000000e+02 8.903944999999999776e-01 1.685034998819064534e-03
1.730000000000000000e+02 8.898156000000000398e-01 1.699139998809179146e-03
1.740000000000000000e+02 8.892299999999999649e-01 1.713339998799227274e-03
1.750000000000000000e+02 8.886374999999999691e-01 1.727634998789208919e-03
1.760000000000000000e+02 8.880379999999999940e-01 1.742028332112454791e-03
1.770000000000000000e+02 8.874313999999999814e-01 1.756518332102299752e-03
1.780000000000000000e+02 8.868175999999999837e-01 1.771108332092074513e-03
1.790000000000000000e+02 8.861966000000000010e-01 1.785798332081779075e-03
1.800000000000000000e+02 8.855682000000000276e-01 1.800589998738079227e-03
1.810000000000000000e+02 8.849323999999999524e-01 1.815484998727640541e-03
1.820000000000000000e+02 8.842889999999999917e-01 1.830483332050462366e-03
1.830000000000000000e+02 8.836378999999999762e-01 1.845586665373210710e-03
1.840000000000000000e+02 8.829791000000000167e-01 1.860798332029216500e-03
1.850000000000000000e+02 8.823125000000000551e-01 1.876116665351814164e-03
1.860000000000000000e+02 8.816378999999999744e-01 1.891544998674334630e-03
1.870000000000000000e+02 8.809552999999999967e-01 1.907084998663443687e-03
1.880000000000000000e+02 8.802643999999999469e-01 1.922734998652475547e-03
1.890000000000000000e+02 8.795652999999999944e-01 1.938499998641426926e-03
1.900000000000000000e+02 8.788578000000000223e-01 1.954379998630297391e-03
1.910000000000000000e+02 8.781417999999999724e-01 1.970374998619087593e-03
1.920000000000000000e+02 8.774172000000000082e-01 1.986486665274462670e-03
1.930000000000000000e+02 8.766838000000000131e-01 2.002719998596419124e-03
1.940000000000000000e+02 8.759415999999999869e-01 2.019071665251625809e-03
1.950000000000000000e+02 8.751902999999999766e-01 2.035546665240079659e-03
1.960000000000000000e+02 8.744300000000000406e-01 2.052143331895114886e-03
1.970000000000000000e+02 8.736604000000000037e-01 2.068864998550062201e-03
1.980000000000000000e+02 8.728814999999999769e-01 2.085714998538253182e-03
1.990000000000000000e+02 8.720930000000000071e-01 2.102691665193022041e-03
2.000000000000000000e+02 8.712950000000000417e-01 2.119796665181034132e-03
2.010000000000000000e+02 8.704870999999999581e-01 2.137033331835620602e-03
2.020000000000000000e+02 8.696694000000000369e-01 2.154403331823447239e-03
2.030000000000000000e+02 8.688415999999999917e-01 2.171906665144513610e-03
2.040000000000000000e+02 8.680035999999999863e-01 2.189544998465485070e-03
2.050000000000000000e+02 8.671552999999999622e-01 2.207321665119693632e-03
2.060000000000000000e+02 8.662965000000000249e-01 2.225238331773803351e-03
2.070000000000000000e+02 8.654269999999999463e-01 2.243293331761149739e-03
2.080000000000000000e+02 8.645467000000000013e-01 2.261491665081729295e-03
2.090000000000000000e+02 8.636555000000000204e-01 2.279834998402206509e-03
2.100000000000000000e+02 8.627531999999999979e-01 2.298323331722582248e-03
2.110000000000000000e+02 8.618394999999999806e-01 2.316958331709522301e-03
2.120000000000000000e+02 8.609145000000000270e-01 2.335743331696357381e-03
2.130000000000000000e+02 8.599778000000000144e-01 2.354678331683087052e-03
2.140000000000000000e+02 8.590292999999999957e-01 2.373766665003042026e-03
2.150000000000000000e+02 8.580687999999999649e-01 2.393009998322889395e-03
2.160000000000000000e+02 8.570961999999999748e-01 2.412409998309293212e-03
2.170000000000000000e+02 8.561113000000000195e-01 2.431966664962253912e-03
2.180000000000000000e+02 8.551138000000000350e-01 2.451684998281767561e-03
2.190000000000000000e+02 8.541035999999999628e-01 2.471563331601169672e-03
2.200000000000000000e+02 8.530805000000000193e-01 2.491606664920455877e-03
2.210000000000000000e+02 8.520442999999999767e-01 2.511816664906291966e-03
2.220000000000000000e+02 8.509946999999999928e-01 2.532193331558677506e-03
2.230000000000000000e+02 8.499316999999999567e-01 2.552738331544279152e-03
2.240000000000000000e+02 8.488548999999999678e-01 2.573456664863092540e-03
2.250000000000000000e+02 8.477641999999999678e-01 2.594348331515117234e-03
2.260000000000000000e+02 8.466593000000000035e-01 2.615414998167019459e-03
2.270000000000000000e+02 8.455399999999999583e-01 2.636659998152130358e-03
2.280000000000000000e+02 8.444061000000000483e-01 2.658084998137114855e-03
2.290000000000000000e+02 8.432574000000000458e-01 2.679689998121973383e-03
2.300000000000000000e+02 8.420935000000000503e-01 2.701479998106702009e-03
2.310000000000000000e+02 8.409143999999999508e-01 2.723456664757966522e-03
2.320000000000000000e+02 8.397196000000000105e-01 2.745619998075766923e-03
2.330000000000000000e+02 8.385089999999999488e-01 2.767973331393434357e-03
2.340000000000000000e+02 8.372823999999999822e-01 2.790519998044299534e-03
2.350000000000000000e+02 8.360393999999999881e-01 2.813259998028362456e-03
2.360000000000000000e+02 8.347797000000000134e-01 2.836198331345619623e-03
2.370000000000000000e+02 8.335031999999999996e-01 2.859333331329406112e-03
2.380000000000000000e+02 8.322095000000000464e-01 2.882671664646382480e-03
2.390000000000000000e+02 8.308984000000000369e-01 2.906211664629885106e-03
2.400000000000000000e+02 8.295694999999999597e-01 2.929956664613243833e-03
2.410000000000000000e+02 8.282226000000000310e-01 2.953911664596455162e-03
2.420000000000000000e+02 8.268573000000000173e-01 2.978074997912853739e-03
2.430000000000000000e+02 8.254732999999999654e-01 3.002449997895770707e-03
2.440000000000000000e+02 8.240703999999999807e-01 3.027041664545203001e-03
2.450000000000000000e+02 8.226482000000000516e-01 3.051848331194484398e-03
2.460000000000000000e+02 8.212064000000000030e-01 3.076876664510276756e-03
2.470000000000000000e+02 8.197446000000000454e-01 3.102124997825914717e-03
2.480000000000000000e+02 8.182625000000000037e-01 3.127596664474730295e-03
2.490000000000000000e+02 8.167596999999999774e-01 3.153294997790053334e-03
2.500000000000000000e+02 8.152359000000000133e-01 3.179223331105214979e-03
2.510000000000000000e+02 8.136906999999999890e-01 3.205381664420215663e-03
2.520000000000000000e+02 8.121237999999999513e-01 3.231773331068385664e-03
2.530000000000000000e+02 8.105347000000000524e-01 3.258399997716391640e-03
2.540000000000000000e+02 8.089231000000000060e-01 3.285266664364229223e-03
2.550000000000000000e+02 8.072886000000000228e-01 3.312371664345232624e-03
2.560000000000000000e+02 8.056307000000000329e-01 3.339721664326065001e-03
2.570000000000000000e+02 8.039490000000000247e-01 3.367314997640060131e-03
2.580000000000000000e+02 8.022432000000000452e-01 3.395156664287214514e-03
2.590000000000000000e+02 8.005126999999999660e-01 3.423248330934192639e-03
2.600000000000000000e+02 7.987570999999999977e-01 3.451593330914328253e-03
2.610000000000000000e+02 7.969760999999999651e-01 3.480191664227618754e-03
2.620000000000000000e+02 7.951690000000000147e-01 3.509046664207395722e-03
2.630000000000000000e+02 7.933354000000000239e-01 3.538161664186990733e-03
2.640000000000000000e+02 7.914748999999999812e-01 3.567538330833069579e-03
2.650000000000000000e+02 7.895868000000000331e-01 3.597178330812296314e-03
2.660000000000000000e+02 7.876708999999999516e-01 3.627084997458003817e-03
2.670000000000000000e+02 7.857264000000000470e-01 3.657258330770189921e-03
2.680000000000000000e+02 7.837528000000000272e-01 3.687703330748853293e-03
2.690000000000000000e+02 7.817496999999999918e-01 3.718421664060658424e-03
2.700000000000000000e+02 7.797163999999999762e-01 3.749413330705604445e-03
2.710000000000000000e+02 7.776524000000000214e-01 3.780683330683689159e-03
2.720000000000000000e+02 7.755570999999999993e-01 3.812231663994912999e-03
2.730000000000000000e+02 7.734297999999999451e-01 3.844059997305939152e-03
2.740000000000000000e+02 7.712700999999999585e-01 3.876171663950101366e-03
2.750000000000000000e+02 7.690770999999999580e-01 3.908568330594062827e-03
2.760000000000000000e+02 7.668504000000000431e-01 3.941251663904490193e-03
2.770000000000000000e+02 7.645891000000000215e-01 3.974221663881383898e-03
2.780000000000000000e+02 7.622927999999999926e-01 4.007483330524739575e-03
2.790000000000000000e+02 7.599605000000000388e-01 4.041034997167892301e-03
2.800000000000000000e+02 7.575916999999999790e-01 4.074879997144171921e-03
2.810000000000000000e+02 7.551856999999999598e-01 4.109018330453579303e-03
2.820000000000000000e+02 7.527414999999999523e-01 4.143451663762781102e-03
2.830000000000000000e+02 7.502585999999999977e-01 4.178183330405107164e-03
2.840000000000000000e+02 7.477361000000000146e-01 4.213209997047225042e-03
2.850000000000000000e+02 7.451731999999999800e-01 4.248536663689133838e-03
2.860000000000000000e+02 7.425690999999999820e-01 4.284161663664166897e-03
2.870000000000000000e+02 7.399229000000000500e-01 4.320086663638989140e-03
2.880000000000000000e+02 7.372338000000000502e-01 4.356309996946935645e-03
2.890000000000000000e+02 7.345009000000000121e-01 4.392834996921337123e-03
2.900000000000000000e+02 7.317232000000000181e-01 4.429659996895528654e-03
2.910000000000000000e+02 7.288999000000000450e-01 4.466783330202845313e-03
2.920000000000000000e+02 7.260299000000000058e-01 4.504206663509950290e-03
2.930000000000000000e+02 7.231123999999999885e-01 4.541928330150180396e-03
2.940000000000000000e+02 7.201461999999999586e-01 4.579948330123534764e-03
2.950000000000000000e+02 7.171302999999999983e-01 4.618263330096681815e-03
2.960000000000000000e+02 7.140638000000000263e-01 4.656874996736288207e-03
2.970000000000000000e+02 7.109453999999999496e-01 4.695778330042356570e-03
2.980000000000000000e+02 7.077740999999999616e-01 4.734971663348221983e-03
2.990000000000000000e+02 7.045487000000000277e-01 4.774454996653883579e-03
3.000000000000000000e+02 7.012680000000000025e-01 4.814221663292680801e-03
3.010000000000000000e+02 6.979309000000000207e-01 4.854269996597946127e-03
3.020000000000000000e+02 6.945360000000000422e-01 4.894596663236350578e-03
3.030000000000000000e+02 6.910821999999999798e-01 4.935194996541230998e-03
3.040000000000000000e+02 6.875679999999999570e-01 4.976063329845922464e-03
3.050000000000000000e+02 6.839920999999999918e-01 5.017193329817096897e-03
3.060000000000000000e+02 6.803531999999999913e-01 5.058581663121423586e-03
3.070000000000000000e+02 6.766497999999999680e-01 5.100218329758909527e-03
3.080000000000000000e+02 6.728804999999999925e-01 5.142099996396224011e-03
3.090000000000000000e+02 6.690437000000000189e-01 5.184214996366708246e-03
3.100000000000000000e+02 6.651378999999999486e-01 5.226554996337035019e-03
3.110000000000000000e+02 6.611614999999999576e-01 5.269111662973876252e-03
3.120000000000000000e+02 6.571128999999999998e-01 5.311874996277239809e-03
3.130000000000000000e+02 6.529903000000000235e-01 5.354829996247135321e-03
3.140000000000000000e+02 6.487920999999999827e-01 5.397968329550235575e-03
3.150000000000000000e+02 6.445165000000000477e-01 5.441273329519886147e-03
3.160000000000000000e+02 6.401615999999999973e-01 5.484731662822761589e-03
3.170000000000000000e+02 6.357256000000000018e-01 5.528326662792209210e-03
3.180000000000000000e+02 6.312065000000000037e-01 5.572039996094907063e-03
3.190000000000000000e+02 6.266022999999999454e-01 5.615854996064199856e-03
3.200000000000000000e+02 6.219109000000000442e-01 5.659748329366770005e-03
3.210000000000000000e+02 6.171303000000000205e-01 5.703701662669299899e-03
3.220000000000000000e+02 6.122583000000000331e-01 5.747686662638473720e-03
3.230000000000000000e+02 6.072925999999999602e-01 5.791681662607639676e-03
3.240000000000000000e+02 6.022309000000000134e-01 5.835656662576820496e-03
3.250000000000000000e+02 5.970708999999999600e-01 5.879581662546036307e-03
3.260000000000000000e+02 5.918099999999999472e-01 5.923424995848642315e-03
3.270000000000000000e+02 5.864458000000000171e-01 5.967151662484664748e-03
3.280000000000000000e+02 5.809756000000000364e-01 6.010723329120793920e-03
3.290000000000000000e+02 5.753968999999999889e-01 6.054099995757061294e-03
3.300000000000000000e+02 5.697067000000000103e-01 6.097238329060161548e-03
3.310000000000000000e+02 5.639024000000000258e-01 6.140091662363461253e-03
3.320000000000000000e+02 5.579808000000000545e-01 6.182606662333664689e-03
3.330000000000000000e+02 5.519391000000000158e-01 6.224731662304142793e-03
3.340000000000000000e+02 5.457741000000000398e-01 6.266404995608270030e-03
3.350000000000000000e+02 5.394826999999999817e-01 6.307563328912757679e-03
3.360000000000000000e+02 5.330614000000000186e-01 6.348139995550986306e-03
3.370000000000000000e+02 5.265068000000000525e-01 6.388058328856344344e-03
3.380000000000000000e+02 5.198156000000000443e-01 6.427238328828885176e-03
3.390000000000000000e+02 5.129839999999999955e-01 6.465594995468670024e-03
3.400000000000000000e+02 5.060082999999999664e-01 6.503033328775764503e-03
3.410000000000000000e+02 4.988846000000000114e-01 6.539453328750239464e-03
3.420000000000000000e+02 4.916091000000000211e-01 6.574746662058838544e-03
3.430000000000000000e+02 4.841774999999999829e-01 6.608791662034979066e-03
3.440000000000000000e+02 4.765857000000000010e-01 6.641463328678747641e-03
3.450000000000000000e+02 4.688293000000000044e-01 6.672621661990243980e-03
3.460000000000000000e+02 4.609038999999999775e-01 6.702113328636241478e-03
3.470000000000000000e+02 4.528048000000000073e-01 6.729778328616852975e-03
3.480000000000000000e+02 4.445273000000000141e-01 6.755436661932205308e-03
3.490000000000000000e+02 4.360665000000000235e-01 6.778893328582432341e-03
3.500000000000000000e+02 4.274174000000000029e-01 6.799938328567682773e-03
3.510000000000000000e+02 4.185749000000000275e-01 6.818341661888118431e-03
3.520000000000000000e+02 4.095335999999999976e-01 6.833849995210583561e-03
3.530000000000000000e+02 4.002881999999999829e-01 6.846189995201934671e-03
3.540000000000000000e+02 3.908330999999999888e-01 6.855058328529052732e-03
3.550000000000000000e+02 3.811625000000000152e-01 6.860123328525502898e-03
3.560000000000000000e+02 3.712708000000000119e-01 6.861019995191541473e-03
3.570000000000000000e+02 3.611519000000000257e-01 6.857344995194115944e-03
3.580000000000000000e+02 3.507998999999999978e-01 6.848651661866875413e-03
3.590000000000000000e+02 3.402086999999999750e-01 6.834446661876831218e-03
3.600000000000000000e+02 3.293723000000000067e-01 6.814179995224369131e-03
3.610000000000000000e+02 3.182845000000000257e-01 6.787241661909914313e-03
3.620000000000000000e+02 3.069393999999999734e-01 6.752948328600615405e-03
3.630000000000000000e+02 2.953311000000000131e-01 6.710529995297010407e-03
3.640000000000000000e+02 2.834538999999999809e-01 6.659121661999706406e-03
3.650000000000000000e+02 2.713026000000000049e-01 6.597743328709388365e-03
3.660000000000000000e+02 2.588724000000000025e-01 6.525284995426837431e-03
3.670000000000000000e+02 2.461591999999999947e-01 6.440471662152944150e-03
3.680000000000000000e+02 2.331602000000000119e-01 6.341849995555395164e-03
3.690000000000000000e+02 2.198739000000000110e-01 6.227744995635364419e-03
3.700000000000000000e+02 2.063010000000000121e-01 6.096223329060872741e-03
3.710000000000000000e+02 1.924454999999999916e-01 5.945048329166821924e-03
3.720000000000000000e+02 1.783153000000000099e-01 5.771633329288357837e-03
3.730000000000000000e+02 1.639242999999999950e-01 5.572994996094236993e-03
3.740000000000000000e+02 1.492950999999999862e-01 5.345736662920174721e-03
3.750000000000000000e+02 1.344627999999999934e-01 5.086076663102154054e-03
3.760000000000000000e+02 1.194811000000000067e-01 4.790006663309651427e-03
3.770000000000000000e+02 1.044313000000000047e-01 4.453678330212028705e-03
3.780000000000000000e+02 8.943590999999999347e-02 4.074178330477996879e-03
3.790000000000000000e+02 7.467769000000000490e-02 3.650863330774671827e-03
3.800000000000000000e+02 6.042104999999999698e-02 3.187344997766189923e-03
3.810000000000000000e+02 4.702586999999999740e-02 2.693793331445422639e-03
3.820000000000000000e+02 3.493005999999999889e-02 2.188561665132841057e-03
3.830000000000000000e+02 2.457606000000000027e-02 1.697459998810356592e-03
3.840000000000000000e+02 1.628465999999999941e-02 1.249392665791045770e-03
3.850000000000000000e+02 1.013406000000000029e-02 8.690674993909251571e-04
3.860000000000000000e+02 5.926119999999999999e-03 5.702046662670459199e-04
3.870000000000000000e+02 3.267242999999999970e-03 3.529469997526415450e-04
3.880000000000000000e+02 1.706522000000000030e-03 2.064624998553033647e-04
3.890000000000000000e+02 8.486969000000000023e-04 1.144345165864667007e-04
3.900000000000000000e+02 4.036644000000000039e-04 6.027313329109166884e-05
3.910000000000000000e+02 1.842556999999999984e-04 3.025411664546345564e-05
3.920000000000000000e+02 8.092270000000000366e-05 1.451039332316390812e-05
3.930000000000000000e+02 3.425995999999999783e-05 6.665253328662075309e-06
3.940000000000000000e+02 1.400183999999999976e-05 2.938158331274162358e-06
3.950000000000000000e+02 5.530304000000000338e-06 1.245133999127363613e-06
3.960000000000000000e+02 2.112898999999999894e-06 5.080418329772787320e-07
3.970000000000000000e+02 7.814828000000000261e-07 1.998486665266052648e-07
3.980000000000000000e+02 2.800117999999999954e-07 7.587989994682054162e-08
3.990000000000000000e+02 9.725776999999999594e-08 2.783696664715748300e-08
4.000000000000000000e+02 3.276523000000000308e-08 9.876034993078506468e-09
4.010000000000000000e+02 1.071201999999999999e-08 3.391273330956602699e-09
4.020000000000000000e+02 3.400223000000000202e-09 1.127923999209508779e-09
4.030000000000000000e+02 1.048367999999999952e-09 3.635961664118448907e-10
4.040000000000000000e+02 3.140990000000000235e-10 1.136683999203369500e-10
4.050000000000000000e+02 9.148047000000000349e-11 3.448063330916801810e-11
4.060000000000000000e+02 2.590887000000000126e-11 1.015402165955034799e-11
4.070000000000000000e+02 7.137796999999999620e-12 2.904171664631314742e-12
4.080000000000000000e+02 1.913383000000000189e-12 8.070563327677181963e-13
4.090000000000000000e+02 4.992038999999999627e-13 2.179936665138885778e-13
4.100000000000000000e+02 1.267941000000000019e-13 5.725173329320919122e-14
4.110000000000000000e+02 3.135901999999999813e-14 1.462420832308414139e-14
4.120000000000000000e+02 7.553670000000000329e-15 3.634268330786301931e-15
4.130000000000000000e+02 1.772421999999999951e-15 8.788879993840425492e-16
4.140000000000000000e+02 4.051947000000000246e-16 2.068821665216759310e-16
4.150000000000000000e+02 9.026410999999999848e-17 4.741079996677274154e-17
4.160000000000000000e+02 1.959663000000000016e-17 1.057983332591859077e-17
4.170000000000000000e+02 4.146836000000000296e-18 2.299334998388540156e-18
4.180000000000000000e+02 8.553998999999999615e-19 4.867598329921938552e-19
4.190000000000000000e+02 1.720205999999999914e-19 1.003865332629787056e-19
4.200000000000000000e+02 3.372772000000000091e-20 2.017143331919643914e-20
4.210000000000000000e+02 6.447920000000000184e-21 3.949523330565359818e-21
4.220000000000000000e+02 1.201998999999999929e-21 7.535959994718517332e-22
4.230000000000000000e+02 2.185047999999999919e-22 1.401366499017870146e-22
4.240000000000000000e+02 3.873518000000000249e-23 2.539869998219964259e-23
4.250000000000000000e+02 6.696509999999999618e-24 4.486829996855462022e-24
4.260000000000000000e+02 1.129003999999999937e-24 7.725951661252031381e-25
4.270000000000000000e+02 1.856297000000000108e-25 1.296759665757849125e-25
4.280000000000000000e+02 2.976464000000000221e-26 2.121619998513089479e-26
4.290000000000000000e+02 4.654221000000000208e-27 3.383576664295329703e-27
4.300000000000000000e+02 7.096975999999999655e-28 5.259934996313640979e-28
4.310000000000000000e+02 1.055266999999999996e-28 7.970219994414172394e-29
4.320000000000000000e+02 1.530000999999999913e-29 1.177147499175011237e-29
4.330000000000000000e+02 2.162892000000000015e-30 1.694501665479096677e-30
4.340000000000000000e+02 2.980990000000000020e-31 2.377269998333920676e-31
4.350000000000000000e+02 4.005279000000000062e-32 3.250204997722135074e-32
4.360000000000000000e+02 5.245788000000000303e-33 4.330153330298600019e-33
4.370000000000000000e+02 6.696519999999999651e-34 5.621033329393903319e-34
4.380000000000000000e+02 8.331015000000000222e-35 7.108929995017797195e-35
4.390000000000000000e+02 1.009954000000000000e-35 8.758241660528564247e-36
4.400000000000000000e+02 1.192890000000000073e-36 1.050990332596760015e-36
4.410000000000000000e+02 1.372551000000000014e-37 1.228254999139193110e-37
4.420000000000000000e+02 1.538210999999999891e-38 1.397718999020426442e-38
4.430000000000000000e+02 1.678751999999999900e-39 1.548533998914729738e-39
4.440000000000000000e+02 1.783850999999999906e-40 1.669986665496277702e-40
4.450000000000000000e+02 1.845205999999999926e-41 1.752723332104959424e-41
4.460000000000000000e+02 1.857598999999999873e-42 1.789911665412229867e-42
4.470000000000000000e+02 1.819621000000000010e-43 1.778163332087130167e-43
4.480000000000000000e+02 1.733906000000000005e-44 1.718028332129274904e-44
4.490000000000000000e+02 1.606842000000000030e-45 1.613980165535529092e-45
4.500000000000000000e+02 1.447786999999999920e-46 1.473868165633724708e-46
4.510000000000000000e+02 1.267923000000000043e-47 1.307938665750014448e-47
4.520000000000000000e+02 1.078954999999999930e-48 1.127593332543073874e-48
4.530000000000000000e+02 8.918530000000000700e-50 9.440909993383457729e-50
4.540000000000000000e+02 7.158338000000000572e-51 7.674018327955094966e-51
4.550000000000000000e+02 5.576989999999999754e-52 6.053711662423999339e-52
4.560000000000000000e+02 4.215867999999999685e-53 4.632796663419829066e-53
4.570000000000000000e+02 3.090965000000000145e-54 3.438034997590496791e-54
4.580000000000000000e+02 2.197006999999999830e-55 2.473059998266786973e-55
4.590000000000000000e+02 1.513204000000000067e-56 1.723523332125423645e-56
4.600000000000000000e+02 1.009437000000000033e-57 1.163177999184801528e-57
4.610000000000000000e+02 6.518539000000000221e-59 7.597969994675059688e-59
4.620000000000000000e+02 4.072594000000000124e-60 4.801016663301935103e-60
4.630000000000000000e+02 2.460293999999999899e-61 2.932919997944500203e-61
4.640000000000000000e+02 1.436241999999999895e-62 1.731128332120094020e-62
4.650000000000000000e+02 8.096646999999999791e-64 9.865866659752299635e-64
4.660000000000000000e+02 4.404677000000000099e-65 5.425164996197841901e-65
4.670000000000000000e+02 2.310619000000000119e-66 2.876326664650829977e-66
4.680000000000000000e+02 1.167884999999999920e-67 1.469144665637035413e-67
4.690000000000000000e+02 5.682744999999999614e-69 7.223073328271134106e-69
4.700000000000000000e+02 2.659533000000000045e-70 3.415189997606507247e-70
4.710000000000000000e+02 1.195958999999999954e-71 1.551381165579401002e-71
4.720000000000000000e+02 5.162190000000000113e-73 6.763598328593152145e-73
4.730000000000000000e+02 2.136327000000000168e-74 2.826849998018838135e-74
4.740000000000000000e+02 8.466197000000000196e-76 1.131267832540498612e-75
4.750000000000000000e+02 3.208666999999999817e-77 4.329079996966019852e-77
4.760000000000000000e+02 1.161335999999999993e-78 1.581888165558020361e-78
4.770000000000000000e+02 4.007900000000000225e-80 5.511063329470974909e-80
4.780000000000000000e+02 1.316650000000000112e-81 1.827446665385924002e-81
4.790000000000000000e+02 4.109788999999999911e-83 5.757121662631861078e-83
4.800000000000000000e+02 1.216436000000000049e-84 1.719663332128128995e-84
4.810000000000000000e+02 3.406557999999999841e-86 4.859551663260911744e-86
4.820000000000000000e+02 9.003976000000000293e-88 1.295983165758393255e-87
4.830000000000000000e+02 2.240069999999999873e-89 3.252899997720246795e-89
4.840000000000000000e+02 5.229697000000000430e-91 7.661076661297498211e-91
4.850000000000000000e+02 1.141811999999999972e-92 1.687226665484195314e-92
4.860000000000000000e+02 2.322401000000000027e-94 3.461326664240839881e-94
4.870000000000000000e+02 4.381163000000000317e-96 6.585433328718015100e-96
4.880000000000000000e+02 7.626938999999999368e-98 1.156106499189757417e-97
4.890000000000000000e+02 1.218041000000000004e-99 1.861769998695202135e-99
4.900000000000000000e+02 1.772217999999999844e-101 2.731256664752500031e-101
4.910000000000000000e+02 2.329867000000000087e-103 3.620121664129550274e-103
4.920000000000000000e+02 2.740046000000000181e-105 4.292024996991988302e-105
4.930000000000000000e+02 2.847218999999999961e-107 4.495769996849196979e-107
4.940000000000000000e+02 2.573350000000000027e-109 4.095701663796246256e-109
4.950000000000000000e+02 1.981777999999999824e-111 3.179056664438664935e-111
4.960000000000000000e+02 1.264366000000000072e-113 2.044081665234097863e-113
4.970000000000000000e+02 6.415649000000000277e-116 1.045242999267454751e-115
4.980000000000000000e+02 2.427432999999999998e-118 3.985146663873727215e-118
4.990000000000000000e+02 6.087750999999999803e-121 1.007035165960898866e-120
5.000000000000000000e+02 7.590104999999999578e-124 1.265017499113428496e-123
5.010000000000000000e+02 0.000000000000000000e+00 0.000000000000000000e+00
