1.000000000000000000e+00 4.200412000000000035e-01 2.457396564936741400e-05
2.000000000000000000e+00 4.237316999999999889e-01 2.491614264448507404e-05
3.000000000000000000e+00 4.300263999999999753e-01 2.726677461094517991e-05
4.000000000000000000e+00 4.215266999999999764e-01 3.386978951673033742e-05
5.000000000000000000e+00 4.185552000000000161e-01 4.125050941141885649e-05
6.000000000000000000e+00 4.201146000000000047e-01 4.672742933327165410e-05
7.000000000000000000e+00 4.238406000000000118e-01 5.082353927482648610e-05
8.000000000000000000e+00 4.270596999999999865e-01 5.665250919165607625e-05
9.000000000000000000e+00 4.209315000000000140e-01 6.675005904757960685e-05
1.000000000000000000e+01 4.192455999999999960e-01 7.584521891780570714e-05
1.100000000000000000e+01 4.207774000000000236e-01 8.100485884418560131e-05
1.200000000000000000e+01 4.237287000000000137e-01 8.399681880149494941e-05
1.300000000000000000e+01 4.258064999999999767e-01 8.934059872524744892e-05
1.400000000000000000e+01 4.208493999999999846e-01 9.970796857732107594e-05
1.500000000000000000e+01 4.196671000000000151e-01 1.084905584520070632e-04
1.600000000000000000e+01 4.210677999999999921e-01 1.127289883915311998e-04
1.700000000000000000e+01 4.235033999999999743e-01 1.149707983595440206e-04
1.800000000000000000e+01 4.249282999999999810e-01 1.203837282823098817e-04
1.900000000000000000e+01 4.207265000000000033e-01 1.313579681257243863e-04
2.000000000000000000e+01 4.198435999999999835e-01 1.402989279981506994e-04
2.100000000000000000e+01 4.211369999999999836e-01 1.442582679416570075e-04
2.200000000000000000e+01 4.232064999999999855e-01 1.463657679115862602e-04
2.300000000000000000e+01 4.242048999999999959e-01 1.522216478280318517e-04
2.400000000000000000e+01 4.205559999999999854e-01 1.638817176616606472e-04
2.500000000000000000e+01 4.198816000000000215e-01 1.729921475316688610e-04
2.600000000000000000e+01 4.210826999999999765e-01 1.767123274785876346e-04
2.700000000000000000e+01 4.228693000000000035e-01 1.787168974499855163e-04
2.800000000000000000e+01 4.235647000000000162e-01 1.849438473611365473e-04
2.900000000000000000e+01 4.203432999999999753e-01 1.970900371878291492e-04
3.000000000000000000e+01 4.198201999999999767e-01 2.062113570576819862e-04
3.100000000000000000e+01 4.209372000000000114e-01 2.096386770087794147e-04
3.200000000000000000e+01 4.224943999999999922e-01 2.115333869817448214e-04
3.300000000000000000e+01 4.229631999999999836e-01 2.180669968885202959e-04
3.400000000000000000e+01 4.200847999999999804e-01 2.305501767104045760e-04
3.500000000000000000e+01 4.196749000000000174e-01 2.395907365814097455e-04
3.600000000000000000e+01 4.207144999999999913e-01 2.427301765366147827e-04
3.700000000000000000e+01 4.220802000000000165e-01 2.445532765106019058e-04
3.800000000000000000e+01 4.223738000000000214e-01 2.513731464132928873e-04
3.900000000000000000e+01 4.197781999999999902e-01 2.641002862316962452e-04
4.000000000000000000e+01 4.194551000000000252e-01 2.730146061045026591e-04
4.100000000000000000e+01 4.204230999999999940e-01 2.758954160633979411e-04
4.200000000000000000e+01 4.216255999999999893e-01 2.776938260377374238e-04
4.300000000000000000e+01 4.217805000000000026e-01 2.847911059364701585e-04
4.400000000000000000e+01 4.194225999999999788e-01 2.976944357523595287e-04
4.500000000000000000e+01 4.191673000000000204e-01 3.064562956273413270e-04
4.600000000000000000e+01 4.200685000000000113e-01 3.091115955894543172e-04
4.700000000000000000e+01 4.211296999999999957e-01 3.109280955635356294e-04
4.800000000000000000e+01 4.211725000000000052e-01 3.182951954584185080e-04
4.900000000000000000e+01 4.190176999999999929e-01 3.313214952725532562e-04
5.000000000000000000e+01 4.188156000000000101e-01 3.399149951499372529e-04
5.100000000000000000e+01 4.196544999999999859e-01 3.423779951147940524e-04
5.200000000000000000e+01 4.205916000000000099e-01 3.442493950880921015e-04
5.300000000000000000e+01 4.205423999999999829e-01 3.518792949792251654e-04
5.400000000000000000e+01 4.185631000000000213e-01 3.649853947922213917e-04
5.500000000000000000e+01 4.184032999999999780e-01 3.734018946721308525e-04
5.600000000000000000e+01 4.191833999999999838e-01 3.757034946392905908e-04
5.700000000000000000e+01 4.200104000000000060e-01 3.776609946113601091e-04
5.800000000000000000e+01 4.198848000000000025e-01 3.855452944988632799e-04
5.900000000000000000e+01 4.180588000000000082e-01 3.986960943112216257e-04
6.000000000000000000e+01 4.179322999999999788e-01 4.069310941937208815e-04
6.100000000000000000e+01 4.186571000000000042e-01 4.091003941627683661e-04
6.200000000000000000e+01 4.193854000000000193e-01 4.111709941332240738e-04
6.300000000000000000e+01 4.191958000000000073e-01 4.193012940172172729e-04
6.400000000000000000e+01 4.175046000000000035e-01 4.324664938293701398e-04
6.500000000000000000e+01 4.174045000000000116e-01 4.405187937144762369e-04
6.600000000000000000e+01 4.180768000000000262e-01 4.425824936850304226e-04
6.700000000000000000e+01 4.187160999999999800e-01 4.447883936535556052e-04
6.800000000000000000e+01 4.184721000000000135e-01 4.531553935341714576e-04
6.900000000000000000e+01 4.169004000000000043e-01 4.663097933464784473e-04
7.000000000000000000e+01 4.168207999999999913e-01 4.741805932341742308e-04
7.100000000000000000e+01 4.174433000000000171e-01 4.761632932058842559e-04
7.200000000000000000e+01 4.180016999999999761e-01 4.785230931722135551e-04
7.300000000000000000e+01 4.177113000000000076e-01 4.871174930495846857e-04
7.400000000000000000e+01 4.162460000000000049e-01 5.002397928623496465e-04
7.500000000000000000e+01 4.161822000000000021e-01 5.079317927525966265e-04
7.600000000000000000e+01 4.167572999999999972e-01 5.098559927251413793e-04
7.700000000000000000e+01 4.172415999999999903e-01 5.123867926890307177e-04
7.800000000000000000e+01 4.169113999999999876e-01 5.211986925632985457e-04
7.900000000000000000e+01 4.155414000000000052e-01 5.342705923767827100e-04
8.000000000000000000e+01 4.154894000000000087e-01 5.417879922695209528e-04
8.100000000000000000e+01 4.160190000000000277e-01 5.436752922425920793e-04
8.200000000000000000e+01 4.164352000000000054e-01 5.463902922038532412e-04
8.300000000000000000e+01 4.160706000000000127e-01 5.554109920751417601e-04
8.400000000000000000e+01 4.147862999999999967e-01 5.684162918895762848e-04
8.500000000000000000e+01 4.147427000000000197e-01 5.757644917847287019e-04
8.600000000000000000e+01 4.152288000000000090e-01 5.776349917580395630e-04
8.700000000000000000e+01 4.155821000000000098e-01 5.805467917164926391e-04
8.800000000000000000e+01 4.151874999999999871e-01 5.897663915849432137e-04
8.900000000000000000e+01 4.139804999999999735e-01 6.026927914005034484e-04
9.000000000000000000e+01 4.139423999999999881e-01 6.098780912979802479e-04
9.100000000000000000e+01 4.143866999999999967e-01 6.117503912712653766e-04
9.200000000000000000e+01 4.146814999999999807e-01 6.148697912267565152e-04
9.300000000000000000e+01 4.142608999999999875e-01 6.242795910924930306e-04
9.400000000000000000e+01 4.131235999999999797e-01 6.371150909093503071e-04
9.500000000000000000e+01 4.130886999999999754e-01 6.441449908090444336e-04
9.600000000000000000e+01 4.134926999999999908e-01 6.460376907820385801e-04
9.700000000000000000e+01 4.137330000000000174e-01 6.493739907344346684e-04
9.800000000000000000e+01 4.132894999999999763e-01 6.589652905975816599e-04
9.900000000000000000e+01 4.122156000000000153e-01 6.717014904158557370e-04
1.000000000000000000e+02 4.121814999999999785e-01 6.785837903176559008e-04
1.010000000000000000e+02 4.125466999999999884e-01 6.805139902901149876e-04
1.020000000000000000e+02 4.127359999999999918e-01 6.840752902393007180e-04
1.030000000000000000e+02 4.122722999999999804e-01 6.938402900999692587e-04
1.040000000000000000e+02 4.112559000000000076e-01 7.064690899197756608e-04
1.050000000000000000e+02 4.112209000000000003e-01 7.132130898235492910e-04
1.060000000000000000e+02 4.115483999999999809e-01 7.151969897952419443e-04
1.070000000000000000e+02 4.116898999999999975e-01 7.189916897410975581e-04
1.080000000000000000e+02 4.112083999999999739e-01 7.289222895994031722e-04
1.090000000000000000e+02 4.102443000000000062e-01 7.414379894208234390e-04
1.100000000000000000e+02 4.102065999999999768e-01 7.480526893264418742e-04
1.110000000000000000e+02 4.104977000000000209e-01 7.501067892971330277e-04
1.120000000000000000e+02 4.105941000000000174e-01 7.541417892395598302e-04
1.130000000000000000e+02 4.100967999999999836e-01 7.642304890956096814e-04
1.140000000000000000e+02 4.091802999999999968e-01 7.766285889187078727e-04
1.150000000000000000e+02 4.091385000000000161e-01 7.831241888260256218e-04
1.160000000000000000e+02 4.093941999999999859e-01 7.852640887954926959e-04
1.170000000000000000e+02 4.094478999999999758e-01 7.895453887344050211e-04
1.180000000000000000e+02 4.089364999999999806e-01 7.997858885882889015e-04
1.190000000000000000e+02 4.080634000000000206e-01 8.120630884131121389e-04
1.200000000000000000e+02 4.080161999999999956e-01 8.184497883219839275e-04
1.210000000000000000e+02 4.082373999999999725e-01 8.206907882900081434e-04
1.220000000000000000e+02 4.082506000000000190e-01 8.252246882253165246e-04
1.230000000000000000e+02 4.077268000000000003e-01 8.356100880771328036e-04
1.240000000000000000e+02 4.068932000000000104e-01 8.477642879037111624e-04
1.250000000000000000e+02 4.068394000000000177e-01 8.540534878139740193e-04
1.260000000000000000e+02 4.070268000000000219e-01 8.564108877803375741e-04
1.270000000000000000e+02 4.070017000000000218e-01 8.612024877119688320e-04
1.280000000000000000e+02 4.064666000000000112e-01 8.717270875617989410e-04
1.290000000000000000e+02 4.056691000000000047e-01 8.837573873901452331e-04
1.300000000000000000e+02 4.056075000000000097e-01 8.899604873016364040e-04
1.310000000000000000e+02 4.057621000000000144e-01 8.924483872661379989e-04
1.320000000000000000e+02 4.057003000000000137e-01 8.975033871940109190e-04
1.330000000000000000e+02 4.051550999999999902e-01 9.081614870419362894e-04
1.340000000000000000e+02 4.043902999999999803e-01 9.200675868720546409e-04
1.350000000000000000e+02 4.043201000000000156e-01 9.261968867845989930e-04
1.360000000000000000e+02 4.044423999999999797e-01 9.288302867470243007e-04
1.370000000000000000e+02 4.043456999999999746e-01 9.341537866710661374e-04
1.380000000000000000e+02 4.037914000000000225e-01 9.449399865171638577e-04
1.390000000000000000e+02 4.030563999999999814e-01 9.567233863490328793e-04
1.400000000000000000e+02 4.029765000000000152e-01 9.627911862624547379e-04
1.410000000000000000e+02 4.030672000000000144e-01 9.655844862225985504e-04
1.420000000000000000e+02 4.029370999999999925e-01 9.711809861427453524e-04
1.430000000000000000e+02 4.023745000000000238e-01 9.820907859870791571e-04
1.440000000000000000e+02 4.016664999999999819e-01 9.937532858206733332e-04
1.450000000000000000e+02 4.015760999999999914e-01 9.997724857347886629e-04
1.460000000000000000e+02 4.016357999999999873e-01 1.002740085692445555e-03
1.470000000000000000e+02 4.014735999999999860e-01 1.008614085608632504e-03
1.480000000000000000e+02 4.009034000000000209e-01 1.019642985451267320e-03
1.490000000000000000e+02 4.002199000000000173e-01 1.031187585286543655e-03
1.500000000000000000e+02 4.001180999999999766e-01 1.037171985201155392e-03
1.510000000000000000e+02 4.001471999999999807e-01 1.040327985156124175e-03
1.520000000000000000e+02 3.999541999999999820e-01 1.046483985068287536e-03
1.530000000000000000e+02 3.993770999999999849e-01 1.057628684909269834e-03
1.540000000000000000e+02 3.987156000000000033e-01 1.069058684746181532e-03
1.550000000000000000e+02 3.986018000000000061e-01 1.075022084661092937e-03
1.560000000000000000e+02 3.986007999999999774e-01 1.078380884613167967e-03
1.570000000000000000e+02 3.983781000000000128e-01 1.084823384521243573e-03
1.580000000000000000e+02 3.977944999999999953e-01 1.096079684360633504e-03
1.590000000000000000e+02 3.971527999999999725e-01 1.107400184199107277e-03
1.600000000000000000e+02 3.970260999999999929e-01 1.113356984114112925e-03
1.610000000000000000e+02 3.969953999999999983e-01 1.116932684063093447e-03
1.620000000000000000e+02 3.967439999999999856e-01 1.123665883967020929e-03
1.630000000000000000e+02 3.961545000000000205e-01 1.135031383804852587e-03
1.640000000000000000e+02 3.955305000000000071e-01 1.146247183644820682e-03
1.650000000000000000e+02 3.953902000000000250e-01 1.152213283559693543e-03
1.660000000000000000e+02 3.953301000000000176e-01 1.156019983505377933e-03
1.670000000000000000e+02 3.950510999999999884e-01 1.163047783405101810e-03
1.680000000000000000e+02 3.944559000000000260e-01 1.174519783241414171e-03
1.690000000000000000e+02 3.938475000000000170e-01 1.185637783082777461e-03
1.700000000000000000e+02 3.936930000000000152e-01 1.191627882997308091e-03
1.710000000000000000e+02 3.936037000000000008e-01 1.195680282939486474e-03
1.720000000000000000e+02 3.932978999999999781e-01 1.203006582834951479e-03
1.730000000000000000e+02 3.926973999999999743e-01 1.214582682669778421e-03
1.740000000000000000e+02 3.921027000000000262e-01 1.225610082512434626e-03
1.750000000000000000e+02 3.919332999999999845e-01 1.231640982426382858e-03
1.760000000000000000e+02 3.918151999999999746e-01 1.235953782364845790e-03
1.770000000000000000e+02 3.914833999999999814e-01 1.243582782255991774e-03
1.780000000000000000e+02 3.908777999999999975e-01 1.255261482089354685e-03
1.790000000000000000e+02 3.902949000000000002e-01 1.266206081933192191e-03
1.800000000000000000e+02 3.901098000000000066e-01 1.272293981846327193e-03
1.810000000000000000e+02 3.899632000000000098e-01 1.276881281780873484e-03
1.820000000000000000e+02 3.896061000000000107e-01 1.284816881667644748e-03
1.830000000000000000e+02 3.889954999999999941e-01 1.296597581499552313e-03
1.840000000000000000e+02 3.884228000000000125e-01 1.307468381344442784e-03
1.850000000000000000e+02 3.882213999999999943e-01 1.313631281256507667e-03
1.860000000000000000e+02 3.880463000000000107e-01 1.318507781186927658e-03
1.870000000000000000e+02 3.876646999999999732e-01 1.326754181069264267e-03
1.880000000000000000e+02 3.870491999999999821e-01 1.338635980899729192e-03
1.890000000000000000e+02 3.864849000000000201e-01 1.349443180745527136e-03
1.900000000000000000e+02 3.862665000000000126e-01 1.355698780656269462e-03
1.910000000000000000e+02 3.860629999999999895e-01 1.360879180582353059e-03
1.920000000000000000e+02 3.856574999999999864e-01 1.369439980460203550e-03
1.930000000000000000e+02 3.850372000000000239e-01 1.381422580289230284e-03
1.940000000000000000e+02 3.844795999999999769e-01 1.392177280135777507e-03
1.950000000000000000e+02 3.842435000000000156e-01 1.398544480044927249e-03
1.960000000000000000e+02 3.840120000000000200e-01 1.404044079966456542e-03
1.970000000000000000e+02 3.835831000000000102e-01 1.412923179839765432e-03
1.980000000000000000e+02 3.829579000000000177e-01 1.425007779667336822e-03
1.990000000000000000e+02 3.824053000000000035e-01 1.435721379514470243e-03
2.000000000000000000e+02 3.821509000000000156e-01 1.442219979421745322e-03
2.010000000000000000e+02 3.818912999999999891e-01 1.448053779338505983e-03
2.020000000000000000e+02 3.814395999999999898e-01 1.457255679207209104e-03
2.030000000000000000e+02 3.808094000000000201e-01 1.469442879033316463e-03
2.040000000000000000e+02 3.802603999999999984e-01 1.480128878880843796e-03
2.050000000000000000e+02 3.799870000000000192e-01 1.486778978785957030e-03
2.060000000000000000e+02 3.796992000000000145e-01 1.492962278697730931e-03
2.070000000000000000e+02 3.792251999999999845e-01 1.502490278561781053e-03
2.080000000000000000e+02 3.785898999999999792e-01 1.514782478386390505e-03
2.090000000000000000e+02 3.780428000000000122e-01 1.525454978234110125e-03
2.100000000000000000e+02 3.777497000000000216e-01 1.532278178136753594e-03
2.110000000000000000e+02 3.774338999999999889e-01 1.538826278043322390e-03
2.120000000000000000e+02 3.769378999999999924e-01 1.548685177902651110e-03
2.130000000000000000e+02 3.762973000000000012e-01 1.561085377725719443e-03
2.140000000000000000e+02 3.757505999999999902e-01 1.571759977573409421e-03
2.150000000000000000e+02 3.754371000000000236e-01 1.578777577473279006e-03
2.160000000000000000e+02 3.750933000000000184e-01 1.585706077374420117e-03
2.170000000000000000e+02 3.745757000000000114e-01 1.595899777228971736e-03
2.180000000000000000e+02 3.739294000000000229e-01 1.608410977050455954e-03
2.190000000000000000e+02 3.733815999999999802e-01 1.619104176897880791e-03
2.200000000000000000e+02 3.730469000000000146e-01 1.626339576794642730e-03
2.210000000000000000e+02 3.726750999999999814e-01 1.633664676690124674e-03
2.220000000000000000e+02 3.721362999999999754e-01 1.644198276539826555e-03
2.230000000000000000e+02 3.714840999999999838e-01 1.656825576359654455e-03
2.240000000000000000e+02 3.709335999999999745e-01 1.667555676206552377e-03
2.250000000000000000e+02 3.705769999999999897e-01 1.675031976099877144e-03
2.260000000000000000e+02 3.701769999999999783e-01 1.682769575989473540e-03
2.270000000000000000e+02 3.696172999999999820e-01 1.693646675834274218e-03
2.280000000000000000e+02 3.689586999999999728e-01 1.706395475652368494e-03
2.290000000000000000e+02 3.684040000000000092e-01 1.717182275498457420e-03
2.300000000000000000e+02 3.680247999999999853e-01 1.724924675387985414e-03
2.310000000000000000e+02 3.675965999999999956e-01 1.733090675271469231e-03
2.320000000000000000e+02 3.670161000000000118e-01 1.744316975111286951e-03
2.330000000000000000e+02 3.663506999999999736e-01 1.757194474927545108e-03
2.340000000000000000e+02 3.657903000000000127e-01 1.768058974772525370e-03
2.350000000000000000e+02 3.653875999999999791e-01 1.776092974657892754e-03
2.360000000000000000e+02 3.649311000000000083e-01 1.784704174535024042e-03
2.370000000000000000e+02 3.643300999999999901e-01 1.796284474369791049e-03
2.380000000000000000e+02 3.636573000000000166e-01 1.809298474184101255e-03
2.390000000000000000e+02 3.630895000000000095e-01 1.820263774027643545e-03
2.400000000000000000e+02 3.626626000000000016e-01 1.828616073908468894e-03
2.410000000000000000e+02 3.621776999999999913e-01 1.837688973779012802e-03
2.420000000000000000e+02 3.615562999999999971e-01 1.849628673608651576e-03
2.430000000000000000e+02 3.608755000000000157e-01 1.862789073420873008e-03
2.440000000000000000e+02 3.602987999999999746e-01 1.873879473262630210e-03
2.450000000000000000e+02 3.598468000000000222e-01 1.882577373138524498e-03
2.460000000000000000e+02 3.593333000000000221e-01 1.892128773002240858e-03
2.470000000000000000e+02 3.586914999999999965e-01 1.904434472826657156e-03
2.480000000000000000e+02 3.580019999999999869e-01 1.917752072636635854e-03
2.490000000000000000e+02 3.574147999999999770e-01 1.928994572476222741e-03
2.500000000000000000e+02 3.569369000000000014e-01 1.938067172346770884e-03
2.510000000000000000e+02 3.563946000000000058e-01 1.948114172203415512e-03
2.520000000000000000e+02 3.557325000000000070e-01 1.960791872022524425e-03
2.530000000000000000e+02 3.550333999999999990e-01 1.974279871830071469e-03
2.540000000000000000e+02 3.544340999999999742e-01 1.985702671667085445e-03
2.550000000000000000e+02 3.539294000000000051e-01 1.995179671531863239e-03
2.560000000000000000e+02 3.533581000000000083e-01 2.005739071381196833e-03
2.570000000000000000e+02 3.526755999999999780e-01 2.018796271194890548e-03
2.580000000000000000e+02 3.519661000000000040e-01 2.032469970999788243e-03
2.590000000000000000e+02 3.513529000000000235e-01 2.044103670833793268e-03
2.600000000000000000e+02 3.508205999999999825e-01 2.054015970692360006e-03
2.610000000000000000e+02 3.502199999999999758e-01 2.065105470534129694e-03
2.620000000000000000e+02 3.495169000000000192e-01 2.078550570342289211e-03
2.630000000000000000e+02 3.487959999999999949e-01 2.092426170144305857e-03
2.640000000000000000e+02 3.481673000000000129e-01 2.104303769974830932e-03
2.650000000000000000e+02 3.476062999999999792e-01 2.114682869826736786e-03
2.660000000000000000e+02 3.469763000000000153e-01 2.126320769660682095e-03
2.670000000000000000e+02 3.462524000000000157e-01 2.140162469463182445e-03
2.680000000000000000e+02 3.455189000000000177e-01 2.154260069262031296e-03
2.690000000000000000e+02 3.448729999999999851e-01 2.166416669088575778e-03
2.700000000000000000e+02 3.442822999999999856e-01 2.177295568933350182e-03
2.710000000000000000e+02 3.436224999999999974e-01 2.189498968759226710e-03
2.720000000000000000e+02 3.428775000000000017e-01 2.203748068555914149e-03
2.730000000000000000e+02 3.421302999999999983e-01 2.218090168351274580e-03
2.740000000000000000e+02 3.414653000000000271e-01 2.230563268173302652e-03
2.750000000000000000e+02 3.408439999999999803e-01 2.241975568010466571e-03
2.760000000000000000e+02 3.401540000000000119e-01 2.254763067828008741e-03
2.770000000000000000e+02 3.393874000000000057e-01 2.269430967618720190e-03
2.780000000000000000e+02 3.386251000000000122e-01 2.284042167410241068e-03
2.790000000000000000e+02 3.379391999999999951e-01 2.296872267227175433e-03
2.800000000000000000e+02 3.372862999999999833e-01 2.308853067056227792e-03
2.810000000000000000e+02 3.365657000000000232e-01 2.322243266865170030e-03
2.820000000000000000e+02 3.357770999999999950e-01 2.337343766649709401e-03
2.830000000000000000e+02 3.349982000000000237e-01 2.352251966436992581e-03
2.840000000000000000e+02 3.342894000000000143e-01 2.365481366248229234e-03
2.850000000000000000e+02 3.336039000000000088e-01 2.378066366068660488e-03
2.860000000000000000e+02 3.328521999999999870e-01 2.392078465868729617e-03
2.870000000000000000e+02 3.320408000000000248e-01 2.407627465646869445e-03
2.880000000000000000e+02 3.312436999999999743e-01 2.422864765429456630e-03
2.890000000000000000e+02 3.305100999999999734e-01 2.436538465234354325e-03
2.900000000000000000e+02 3.297906999999999922e-01 2.449763965045646461e-03
2.910000000000000000e+02 3.290074000000000054e-01 2.464417464836563768e-03
2.920000000000000000e+02 3.281724999999999781e-01 2.480432364608055849e-03
2.930000000000000000e+02 3.273555000000000215e-01 2.496034164385442164e-03
2.940000000000000000e+02 3.265950000000000242e-01 2.510200464183310904e-03
2.950000000000000000e+02 3.258406999999999831e-01 2.524103963984929404e-03
2.960000000000000000e+02 3.250251000000000112e-01 2.539419263766403909e-03
2.970000000000000000e+02 3.241657000000000011e-01 2.555921063530948792e-03
2.980000000000000000e+02 3.233268000000000253e-01 2.571926363302577678e-03
2.990000000000000000e+02 3.225373999999999741e-01 2.586635663092698694e-03
3.000000000000000000e+02 3.217469000000000023e-01 2.601255262884099705e-03
3.010000000000000000e+02 3.208983999999999726e-01 2.617254262655818384e-03
3.020000000000000000e+02 3.200133000000000005e-01 2.634266362413081874e-03
3.030000000000000000e+02 3.191505000000000036e-01 2.650718662178333258e-03
3.040000000000000000e+02 3.183298999999999990e-01 2.666023761959953036e-03
3.050000000000000000e+02 3.175019000000000036e-01 2.681398161740583801e-03
3.060000000000000000e+02 3.166196000000000010e-01 2.698103061502230698e-03
3.070000000000000000e+02 3.157074999999999743e-01 2.715653061251819319e-03
3.080000000000000000e+02 3.148185000000000011e-01 2.732600361010007438e-03
3.090000000000000000e+02 3.139644999999999797e-01 2.748556760782334355e-03
3.100000000000000000e+02 3.130976999999999788e-01 2.764725260551634516e-03
3.110000000000000000e+02 3.121805999999999748e-01 2.782160060302866968e-03
3.120000000000000000e+02 3.112400000000000166e-01 2.800279160044335559e-03
3.130000000000000000e+02 3.103223999999999982e-01 2.817774259794707335e-03
3.140000000000000000e+02 3.094324999999999992e-01 2.834439559556919258e-03
3.150000000000000000e+02 3.085256000000000109e-01 2.851441759314324222e-03
3.160000000000000000e+02 3.075725000000000264e-01 2.869632559054769490e-03
3.170000000000000000e+02 3.066015999999999742e-01 2.888356758787603840e-03
3.180000000000000000e+02 3.056525999999999965e-01 2.906456658529346475e-03
3.190000000000000000e+02 3.047245000000000092e-01 2.923890858280586962e-03
3.200000000000000000e+02 3.037758999999999876e-01 2.941767258025518566e-03
3.210000000000000000e+02 3.027855999999999881e-01 2.960741957754778504e-03
3.220000000000000000e+02 3.017822000000000005e-01 2.980112057478397514e-03
3.230000000000000000e+02 3.007990999999999859e-01 2.998878557210628293e-03
3.240000000000000000e+02 2.998301999999999912e-01 3.017141956950037535e-03
3.250000000000000000e+02 2.988383000000000012e-01 3.035933956681904911e-03
3.260000000000000000e+02 2.978090999999999933e-01 3.055721956399560634e-03
3.270000000000000000e+02 2.967709000000000041e-01 3.075785956113278544e-03
3.280000000000000000e+02 2.957506999999999775e-01 3.095285955835043630e-03
3.290000000000000000e+02 2.947383000000000086e-01 3.114440955561731308e-03
3.300000000000000000e+02 2.937011999999999956e-01 3.134186955279985934e-03
3.310000000000000000e+02 2.926313999999999860e-01 3.154826954985485120e-03
3.320000000000000000e+02 2.915556999999999732e-01 3.175631954688629740e-03
3.330000000000000000e+02 2.904950000000000032e-01 3.195935954398923182e-03
3.340000000000000000e+02 2.894363999999999826e-01 3.216047954111955764e-03
3.350000000000000000e+02 2.883521000000000001e-01 3.236792953815956827e-03
3.360000000000000000e+02 2.872394999999999810e-01 3.258314953508871254e-03
3.370000000000000000e+02 2.861233000000000248e-01 3.279923953200543797e-03
3.380000000000000000e+02 2.850186000000000108e-01 3.301106952898295258e-03
3.390000000000000000e+02 2.839109000000000216e-01 3.322238952596773959e-03
3.400000000000000000e+02 2.827772000000000063e-01 3.344021952285964466e-03
3.410000000000000000e+02 2.816192000000000140e-01 3.366473951965608807e-03
3.420000000000000000e+02 2.804592000000000196e-01 3.388946951644954131e-03
3.430000000000000000e+02 2.793067000000000188e-01 3.411083951329093276e-03
3.440000000000000000e+02 2.781467000000000245e-01 3.433298951012119307e-03
3.450000000000000000e+02 2.769612000000000185e-01 3.456161950685899924e-03
3.460000000000000000e+02 2.757549000000000250e-01 3.479585950351675276e-03
3.470000000000000000e+02 2.745470999999999884e-01 3.502994950017664522e-03
3.480000000000000000e+02 2.733427999999999969e-01 3.526163949687079104e-03
3.490000000000000000e+02 2.721272000000000135e-01 3.549521949353796457e-03
3.500000000000000000e+02 2.708869999999999889e-01 3.573509949011524633e-03
3.510000000000000000e+02 2.696291000000000104e-01 3.597959948662660980e-03
3.520000000000000000e+02 2.683692999999999773e-01 3.622376948314267892e-03
3.530000000000000000e+02 2.671088999999999825e-01 3.646658947967801583e-03
3.540000000000000000e+02 2.658341000000000176e-01 3.671219947617353381e-03
3.550000000000000000e+02 2.645358999999999905e-01 3.696371947258473862e-03
3.560000000000000000e+02 2.632224000000000230e-01 3.721901946894199450e-03
3.570000000000000000e+02 2.619059000000000248e-01 3.747401946530353693e-03
3.580000000000000000e+02 2.605847000000000024e-01 3.772871946166936157e-03
3.590000000000000000e+02 2.592466999999999966e-01 3.798686945798596028e-03
3.600000000000000000e+02 2.578867000000000242e-01 3.825050945422422185e-03
3.610000000000000000e+02 2.565130999999999939e-01 3.851714945041968298e-03
3.620000000000000000e+02 2.551345999999999892e-01 3.878375944661557190e-03
3.630000000000000000e+02 2.537476000000000176e-01 3.905105944280161303e-03
3.640000000000000000e+02 2.523421000000000136e-01 3.932225943893200709e-03
3.650000000000000000e+02 2.509159000000000250e-01 3.959837943499220497e-03
3.660000000000000000e+02 2.494770000000000043e-01 3.987695943101728958e-03
3.670000000000000000e+02 2.480307999999999957e-01 4.015592942703682597e-03
3.680000000000000000e+02 2.465725000000000000e-01 4.043642942303452351e-03
3.690000000000000000e+02 2.450945999999999958e-01 4.072106941897314300e-03
3.700000000000000000e+02 2.435972000000000137e-01 4.101002941485013507e-03
3.710000000000000000e+02 2.420868999999999938e-01 4.130111941069672388e-03
3.720000000000000000e+02 2.405665999999999916e-01 4.159304940653133463e-03
3.730000000000000000e+02 2.390310999999999964e-01 4.188728940233298406e-03
3.740000000000000000e+02 2.374751999999999974e-01 4.218560939807641970e-03
3.750000000000000000e+02 2.359005000000000130e-01 4.248770939376591942e-03
3.760000000000000000e+02 2.343120999999999954e-01 4.279175938942759126e-03
3.770000000000000000e+02 2.327105999999999897e-01 4.309715938507000833e-03
3.780000000000000000e+02 2.310912999999999995e-01 4.340534938067261081e-03
3.790000000000000000e+02 2.294509999999999883e-01 4.371749937621871064e-03
3.800000000000000000e+02 2.277919999999999945e-01 4.403285937171901553e-03
3.810000000000000000e+02 2.261178000000000077e-01 4.435010936719233944e-03
3.820000000000000000e+02 2.244273999999999991e-01 4.466918936263956398e-03
3.830000000000000000e+02 2.227168999999999954e-01 4.499129935804355163e-03
3.840000000000000000e+02 2.209847000000000061e-01 4.531700935339617008e-03
3.850000000000000000e+02 2.192332999999999921e-01 4.564550934870898261e-03
3.860000000000000000e+02 2.174644000000000021e-01 4.597586934399525496e-03
3.870000000000000000e+02 2.156762999999999875e-01 4.630838933925070060e-03
3.880000000000000000e+02 2.138661000000000034e-01 4.664393933446292669e-03
3.890000000000000000e+02 2.120335000000000136e-01 4.698260932963062818e-03
3.900000000000000000e+02 2.101802999999999866e-01 4.732361932476493623e-03
3.910000000000000000e+02 2.083068999999999893e-01 4.766651931987228065e-03
3.920000000000000000e+02 2.064113999999999949e-01 4.801163931494795145e-03
3.930000000000000000e+02 2.044919000000000042e-01 4.835951930998424846e-03
3.940000000000000000e+02 2.025485999999999953e-01 4.870991930498457662e-03
3.950000000000000000e+02 2.005827000000000027e-01 4.906223929995751770e-03
3.960000000000000000e+02 1.985936000000000090e-01 4.941623929490648534e-03
3.970000000000000000e+02 1.965795999999999932e-01 4.977221928982719298e-03
3.980000000000000000e+02 1.945395000000000041e-01 5.013029928471794683e-03
3.990000000000000000e+02 1.924735999999999947e-01 5.049014927958344820e-03
4.000000000000000000e+02 1.903823000000000043e-01 5.085119927443182072e-03
4.010000000000000000e+02 1.882646000000000042e-01 5.121341926926348785e-03
4.020000000000000000e+02 1.861189000000000038e-01 5.157689926407719658e-03
4.030000000000000000e+02 1.839447999999999916e-01 5.194145925887548761e-03
4.040000000000000000e+02 1.817422999999999955e-01 5.230667925366435864e-03
4.050000000000000000e+02 1.795111000000000068e-01 5.267213924844980737e-03
4.060000000000000000e+02 1.772498999999999880e-01 5.303774924323312150e-03
4.070000000000000000e+02 1.749576999999999938e-01 5.340332923801685908e-03
4.080000000000000000e+02 1.726341000000000125e-01 5.376851923280616223e-03
4.090000000000000000e+02 1.702787000000000051e-01 5.413274922760916326e-03
4.100000000000000000e+02 1.678907000000000038e-01 5.449562922243142774e-03
4.110000000000000000e+02 1.654690000000000050e-01 5.485676921727851256e-03
4.120000000000000000e+02 1.630125000000000046e-01 5.521571921215684756e-03
4.130000000000000000e+02 1.605207999999999913e-01 5.557181920707585272e-03
4.140000000000000000e+02 1.579930999999999974e-01 5.592437920204536284e-03
4.150000000000000000e+02 1.554282999999999915e-01 5.627279919707395099e-03
4.160000000000000000e+02 1.528254000000000001e-01 5.661635919217187542e-03
4.170000000000000000e+02 1.501833999999999947e-01 5.695421918735113151e-03
4.180000000000000000e+02 1.475016000000000105e-01 5.728547918262457024e-03
4.190000000000000000e+02 1.447788000000000130e-01 5.760908917800715116e-03
4.200000000000000000e+02 1.420138999999999985e-01 5.792402917351344507e-03
4.210000000000000000e+02 1.392056999999999878e-01 5.822903916916141905e-03
4.220000000000000000e+02 1.363532000000000077e-01 5.852273916497076865e-03
4.230000000000000000e+02 1.334550999999999932e-01 5.880362916096290929e-03
4.240000000000000000e+02 1.305100999999999900e-01 5.907002915716178838e-03
4.250000000000000000e+02 1.275170999999999943e-01 5.932007915359396345e-03
4.260000000000000000e+02 1.244746000000000047e-01 5.955179915028767715e-03
4.270000000000000000e+02 1.213811999999999947e-01 5.976284914727632291e-03
4.280000000000000000e+02 1.182355999999999963e-01 5.995067914459627570e-03
4.290000000000000000e+02 1.150362999999999941e-01 6.011240914228863780e-03
4.300000000000000000e+02 1.117815000000000059e-01 6.024482914039920416e-03
4.310000000000000000e+02 1.084698999999999941e-01 6.034439913897849707e-03
4.320000000000000000e+02 1.050997000000000042e-01 6.040706913808429820e-03
4.330000000000000000e+02 1.016693999999999931e-01 6.042839913777994613e-03
4.340000000000000000e+02 9.817700000000000038e-02 6.040331913813780200e-03
4.350000000000000000e+02 9.462086999999999581e-02 6.032618913923832454e-03
4.360000000000000000e+02 9.099907000000000135e-02 6.019070914117141853e-03
4.370000000000000000e+02 8.730968999999999536e-02 5.998994914403595058e-03
4.380000000000000000e+02 8.355076999999999643e-02 5.971619914794193580e-03
4.390000000000000000e+02 7.972037999999999347e-02 5.936105915300924143e-03
4.400000000000000000e+02 7.581654000000000171e-02 5.891495915937439674e-03
4.410000000000000000e+02 7.183723000000000192e-02 5.836664916719793914e-03
4.420000000000000000e+02 6.778029000000000692e-02 5.770181917668404034e-03
4.430000000000000000e+02 6.364335000000000131e-02 5.690057918811649261e-03
4.440000000000000000e+02 5.942366999999999788e-02 5.593367920191266197e-03
4.450000000000000000e+02 5.511806000000000344e-02 5.475653921870863965e-03
4.460000000000000000e+02 5.072278000000000203e-02 5.330234923945768519e-03
4.470000000000000000e+02 4.623400999999999900e-02 5.147510926552958596e-03
4.480000000000000000e+02 4.164941999999999950e-02 4.914746929874141447e-03
4.490000000000000000e+02 3.697222000000000008e-02 4.616993934122617591e-03
4.500000000000000000e+02 3.221898000000000123e-02 4.239983939501969397e-03
4.510000000000000000e+02 2.743152999999999911e-02 3.775517946129182314e-03
4.520000000000000000e+02 2.269035000000000149e-02 3.228581953933115124e-03
4.530000000000000000e+02 1.812211999999999851e-02 2.623320862569257506e-03
4.540000000000000000e+02 1.389093999999999919e-02 2.003412871414388119e-03
4.550000000000000000e+02 1.016732000000000052e-02 1.423394679690353180e-03
4.560000000000000000e+02 7.082520999999999609e-03 9.326696866922420340e-04
4.570000000000000000e+02 4.689897000000000163e-03 5.599115920109251588e-04
4.580000000000000000e+02 2.954613000000000031e-03 3.066818956241223375e-04
4.590000000000000000e+02 1.774956000000000060e-03 1.529770178172539072e-04
4.600000000000000000e+02 1.019729999999999942e-03 6.949703900838444259e-05
4.610000000000000000e+02 5.618503000000000169e-04 2.879795658909757502e-05
4.620000000000000000e+02 2.975753999999999834e-04 1.091097584431720310e-05
4.630000000000000000e+02 1.517505999999999901e-04 3.790784945911345306e-06
4.640000000000000000e+02 7.458861000000000007e-05 1.211361882715734331e-06
4.650000000000000000e+02 3.535700000000000046e-05 3.570836949049664257e-07
4.660000000000000000e+02 1.616814999999999867e-05 9.736043861081670716e-08
4.670000000000000000e+02 7.133011999999999630e-06 2.461141464883307164e-08
4.680000000000000000e+02 3.036132000000000072e-06 5.779670917533010877e-09
4.690000000000000000e+02 1.246794999999999936e-06 1.262990981979066654e-09
4.700000000000000000e+02 4.939502000000000366e-07 2.571577763307551240e-10
4.710000000000000000e+02 1.887874000000000034e-07 4.883570930318974832e-11
4.720000000000000000e+02 6.960737999999999791e-08 8.656145876490149383e-12
4.730000000000000000e+02 2.475843000000000050e-08 1.432702779557541144e-12
4.740000000000000000e+02 8.495158000000000041e-09 2.214721768399336297e-13
4.750000000000000000e+02 2.811878000000000203e-09 3.197411954377862625e-14
4.760000000000000000e+02 8.978295000000000375e-10 4.310030938502506305e-15
4.770000000000000000e+02 2.765402000000000208e-10 5.421911922637679331e-16
4.780000000000000000e+02 8.216410000000000530e-11 6.360683909242850943e-17
4.790000000000000000e+02 2.354806999999999944e-11 6.952202900802786459e-18
4.800000000000000000e+02 6.509746999999999686e-12 7.071131899105853916e-19
4.810000000000000000e+02 1.735766000000000098e-12 6.682970904644312475e-20
4.820000000000000000e+02 4.463897000000000078e-13 5.858747916404703593e-21
4.830000000000000000e+02 1.107151000000000055e-13 4.754408932161917386e-22
4.840000000000000000e+02 2.648116999999999875e-14 3.562781949164596634e-23
4.850000000000000000e+02 6.107568000000000324e-15 2.458367664922885058e-24
4.860000000000000000e+02 1.358179999999999914e-15 1.556766877787337687e-25
4.870000000000000000e+02 2.911760999999999925e-16 9.012059871411804850e-27
4.880000000000000000e+02 6.017383999999999843e-17 4.747367932262381644e-28
4.890000000000000000e+02 1.198536000000000045e-17 2.263325067705842123e-29
4.900000000000000000e+02 2.300469999999999824e-18 9.702473861560662245e-31
4.910000000000000000e+02 4.254276999999999831e-19 3.710633947054976579e-32
4.920000000000000000e+02 7.578662999999999786e-20 1.253899182108792672e-33
4.930000000000000000e+02 1.300233000000000060e-20 3.699179947218407840e-35
4.940000000000000000e+02 2.147860999999999856e-21 9.382190866130607664e-37
4.950000000000000000e+02 3.415315999999999914e-22 2.004761671395143117e-38
4.960000000000000000e+02 5.225976999999999916e-23 3.509933949918656321e-40
4.970000000000000000e+02 7.692644999999999511e-24 4.835363931006814848e-42
4.980000000000000000e+02 1.088936000000000047e-24 4.915463929863910697e-44
4.990000000000000000e+02 1.481803999999999994e-25 3.278585953219634907e-46
5.000000000000000000e+02 1.940820000000000036e-26 1.076427884641034215e-48
5.010000000000000000e+02 2.726294000000000059e-27 0.000000000000000000e+00
