1.000000000000000000e+00 9.881159999999999943e-01 8.944671253607852762e-06
2.000000000000000000e+00 9.865705000000000169e-01 1.455766250587186479e-05
3.000000000000000000e+00 9.868046999999999791e-01 1.820676250734373566e-05
4.000000000000000000e+00 9.868373000000000284e-01 2.130362500859286348e-05
5.000000000000000000e+00 9.868516999999999983e-01 2.408490000971469583e-05
6.000000000000000000e+00 9.868575000000000541e-01 2.668920001076514691e-05
7.000000000000000000e+00 9.868590999999999891e-01 2.919806251177710029e-05
8.000000000000000000e+00 9.868584000000000245e-01 3.166365001277159969e-05
9.000000000000000000e+00 9.868559999999999555e-01 3.412041251376254084e-05
1.000000000000000000e+01 9.868525999999999687e-01 3.659117501475913021e-05
1.100000000000000000e+01 9.868483000000000116e-01 3.909071251576732095e-05
1.200000000000000000e+01 9.868432999999999788e-01 4.162808751679077942e-05
1.300000000000000000e+01 9.868377000000000399e-01 4.420817501783145940e-05
1.400000000000000000e+01 9.868316999999999783e-01 4.683293751889016564e-05
1.500000000000000000e+01 9.868251999999999580e-01 4.950222501996683343e-05
1.600000000000000000e+01 9.868183000000000371e-01 5.221450002106083006e-05
1.700000000000000000e+01 9.868111000000000521e-01 5.496736252217120837e-05
1.800000000000000000e+01 9.868033999999999972e-01 5.775792502329678719e-05
1.900000000000000000e+01 9.867955000000000476e-01 6.058313752443634349e-05
2.000000000000000000e+01 9.867871000000000281e-01 6.343995002558864746e-05
2.100000000000000000e+01 9.867784000000000555e-01 6.632548752675252899e-05
2.200000000000000000e+01 9.867692999999999603e-01 6.923706252792691577e-05
2.300000000000000000e+01 9.867599000000000231e-01 7.217228752911084455e-05
2.400000000000000000e+01 9.867500999999999634e-01 7.512898753030343814e-05
2.500000000000000000e+01 9.867399999999999505e-01 7.810528753150393518e-05
2.600000000000000000e+01 9.867293999999999787e-01 8.109950003271166534e-05
2.700000000000000000e+01 9.867185000000000539e-01 8.411017503392602575e-05
2.800000000000000000e+01 9.867072000000000065e-01 8.713600003514650107e-05
2.900000000000000000e+01 9.866956000000000060e-01 9.017587503637263489e-05
3.000000000000000000e+01 9.866835000000000466e-01 9.322877503760402347e-05
3.100000000000000000e+01 9.866711000000000231e-01 9.629385003884033628e-05
3.200000000000000000e+01 9.866582999999999881e-01 9.937031254008123703e-05
3.300000000000000000e+01 9.866449999999999942e-01 1.024574750413264506e-04
3.400000000000000000e+01 9.866314000000000473e-01 1.055547500425757496e-04
3.500000000000000000e+01 9.866173999999999777e-01 1.086616125438289007e-04
3.600000000000000000e+01 9.866030000000000078e-01 1.117776125450857506e-04
3.700000000000000000e+01 9.865882000000000263e-01 1.149023250463461000e-04
3.800000000000000000e+01 9.865730000000000333e-01 1.180354375476098423e-04
3.900000000000000000e+01 9.865574000000000288e-01 1.211766500488768619e-04
4.000000000000000000e+01 9.865414000000000128e-01 1.243257000501470284e-04
4.100000000000000000e+01 9.865249999999999853e-01 1.274823750514202830e-04
4.200000000000000000e+01 9.865081999999999463e-01 1.306466250526965814e-04
4.300000000000000000e+01 9.864908999999999484e-01 1.338180000539757704e-04
4.400000000000000000e+01 9.864732999999999974e-01 1.369967500552579350e-04
4.500000000000000000e+01 9.864551999999999765e-01 1.401826250565429630e-04
4.600000000000000000e+01 9.864367000000000552e-01 1.433755000578308117e-04
4.700000000000000000e+01 9.864178000000000113e-01 1.465755000591215508e-04
4.800000000000000000e+01 9.863984999999999559e-01 1.497825000604150836e-04
4.900000000000000000e+01 9.863787000000000527e-01 1.529965000617114642e-04
5.000000000000000000e+01 9.863585000000000269e-01 1.562175000630106655e-04
5.100000000000000000e+01 9.863378999999999897e-01 1.594456250643127302e-04
5.200000000000000000e+01 9.863169000000000519e-01 1.626808750656176853e-04
5.300000000000000000e+01 9.862954000000000443e-01 1.659232500669254767e-04
5.400000000000000000e+01 9.862735000000000252e-01 1.691728750682362553e-04
5.500000000000000000e+01 9.862511000000000472e-01 1.724297500695499128e-04
5.600000000000000000e+01 9.862282999999999467e-01 1.756940000708665732e-04
5.700000000000000000e+01 9.862050999999999457e-01 1.789658750721862673e-04
5.800000000000000000e+01 9.861813999999999858e-01 1.822452500735090070e-04
5.900000000000000000e+01 9.861573000000000144e-01 1.855322500748348346e-04
6.000000000000000000e+01 9.861326999999999732e-01 1.888271250761638085e-04
6.100000000000000000e+01 9.861077000000000314e-01 1.921297500774959402e-04
6.200000000000000000e+01 9.860822000000000198e-01 1.954406250788313731e-04
6.300000000000000000e+01 9.860562000000000493e-01 1.987595000801700761e-04
6.400000000000000000e+01 9.860297999999999563e-01 2.020867500815121229e-04
6.500000000000000000e+01 9.860029999999999628e-01 2.054223750828575678e-04
6.600000000000000000e+01 9.859755999999999521e-01 2.087666250842064688e-04
6.700000000000000000e+01 9.859478000000000408e-01 2.121195000855588531e-04
6.800000000000000000e+01 9.859196000000000071e-01 2.154812500869148330e-04
6.900000000000000000e+01 9.858907999999999561e-01 2.188520000882744241e-04
7.000000000000000000e+01 9.858616000000000046e-01 2.222320000896377658e-04
7.100000000000000000e+01 9.858318999999999832e-01 2.256212500910048310e-04
7.200000000000000000e+01 9.858017000000000030e-01 2.290200000923757050e-04
7.300000000000000000e+01 9.857711000000000112e-01 2.324282500937504149e-04
7.400000000000000000e+01 9.857399000000000022e-01 2.358465000951292124e-04
7.500000000000000000e+01 9.857082999999999817e-01 2.392745000965119039e-04
7.600000000000000000e+01 9.856761000000000550e-01 2.427127500978987142e-04
7.700000000000000000e+01 9.856435000000000057e-01 2.461613750992896858e-04
7.800000000000000000e+01 9.856103999999999976e-01 2.496203751006849272e-04
7.900000000000000000e+01 9.855766999999999722e-01 2.530900001020843881e-04
8.000000000000000000e+01 9.855426000000000464e-01 2.565705001034882622e-04
8.100000000000000000e+01 9.855078999999999922e-01 2.600620001048965378e-04
8.200000000000000000e+01 9.854726999999999792e-01 2.635647501063094087e-04
8.300000000000000000e+01 9.854370000000000074e-01 2.670788751077268633e-04
8.400000000000000000e+01 9.854007999999999656e-01 2.706045001091488900e-04
8.500000000000000000e+01 9.853640999999999650e-01 2.741420001105757793e-04
8.600000000000000000e+01 9.853267999999999471e-01 2.776913751120074227e-04
8.700000000000000000e+01 9.852889999999999704e-01 2.812528751134439598e-04
8.800000000000000000e+01 9.852505999999999764e-01 2.848267501148854758e-04
8.900000000000000000e+01 9.852117999999999709e-01 2.884132501163321101e-04
9.000000000000000000e+01 9.851723000000000008e-01 2.920123751177838086e-04
9.100000000000000000e+01 9.851324000000000192e-01 2.956245001192408075e-04
9.200000000000000000e+01 9.850917999999999619e-01 2.992497501207030410e-04
9.300000000000000000e+01 9.850506999999999458e-01 3.028885001221707455e-04
9.400000000000000000e+01 9.850090999999999708e-01 3.065407501236438667e-04
9.500000000000000000e+01 9.849668999999999786e-01 3.102067501251225441e-04
9.600000000000000000e+01 9.849240999999999691e-01 3.138867501266068630e-04
9.700000000000000000e+01 9.848807000000000533e-01 3.175810001280969627e-04
9.800000000000000000e+01 9.848367000000000093e-01 3.212897501295929287e-04
9.900000000000000000e+01 9.847922000000000065e-01 3.250131251310946949e-04
1.000000000000000000e+02 9.847470999999999863e-01 3.287513751326025637e-04
1.010000000000000000e+02 9.847013999999999490e-01 3.325047501341165117e-04
1.020000000000000000e+02 9.846551000000000053e-01 3.362735001356366243e-04
1.030000000000000000e+02 9.846082000000000445e-01 3.400578751371630950e-04
1.040000000000000000e+02 9.845606000000000080e-01 3.438580001386958582e-04
1.050000000000000000e+02 9.845125000000000126e-01 3.476742501402351501e-04
1.060000000000000000e+02 9.844637000000000526e-01 3.515067501417810133e-04
1.070000000000000000e+02 9.844142999999999644e-01 3.553558751433335758e-04
1.080000000000000000e+02 9.843642999999999699e-01 3.592216251448928374e-04
1.090000000000000000e+02 9.843136999999999581e-01 3.631046251464590115e-04
1.100000000000000000e+02 9.842623999999999818e-01 3.670047501480321094e-04
1.110000000000000000e+02 9.842104000000000408e-01 3.709225001496124102e-04
1.120000000000000000e+02 9.841577999999999715e-01 3.748581251511997822e-04
1.130000000000000000e+02 9.841045999999999960e-01 3.788117501527944850e-04
1.140000000000000000e+02 9.840505999999999975e-01 3.827836251543965495e-04
1.150000000000000000e+02 9.839961000000000402e-01 3.867742501560062006e-04
1.160000000000000000e+02 9.839407999999999488e-01 3.907836251576234381e-04
1.170000000000000000e+02 9.838848000000000038e-01 3.948122501592483784e-04
1.180000000000000000e+02 9.838282000000000416e-01 3.988602501608811183e-04
1.190000000000000000e+02 9.837709000000000037e-01 4.029280001625218941e-04
1.200000000000000000e+02 9.837128000000000538e-01 4.070157501641706826e-04
1.210000000000000000e+02 9.836540999999999757e-01 4.111237501658276776e-04
1.220000000000000000e+02 9.835945999999999856e-01 4.152523751674929526e-04
1.230000000000000000e+02 9.835344000000000309e-01 4.194017501691666046e-04
1.240000000000000000e+02 9.834735000000000005e-01 4.235723751708488582e-04
1.250000000000000000e+02 9.834119000000000055e-01 4.277643751725396476e-04
1.260000000000000000e+02 9.833494999999999875e-01 4.319781251742393175e-04
1.270000000000000000e+02 9.832862999999999465e-01 4.362140001759478875e-04
1.280000000000000000e+02 9.832224000000000519e-01 4.404722501776654428e-04
1.290000000000000000e+02 9.831577000000000233e-01 4.447531251793921769e-04
1.300000000000000000e+02 9.830923000000000300e-01 4.490571251811281521e-04
1.310000000000000000e+02 9.830261000000000138e-01 4.533843751828735735e-04
1.320000000000000000e+02 9.829590000000000272e-01 4.577352501846285149e-04
1.330000000000000000e+02 9.828911999999999649e-01 4.621102501863931468e-04
1.340000000000000000e+02 9.828225999999999907e-01 4.665095001881676201e-04
1.350000000000000000e+02 9.827531999999999934e-01 4.709333751899519543e-04
1.360000000000000000e+02 9.826829000000000258e-01 4.753822501917464400e-04
1.370000000000000000e+02 9.826118000000000352e-01 4.798565001935511509e-04
1.380000000000000000e+02 9.825399000000000216e-01 4.843565001953662147e-04
1.390000000000000000e+02 9.824671000000000376e-01 4.888825001971917709e-04
1.400000000000000000e+02 9.823933999999999722e-01 4.934350001990280444e-04
1.410000000000000000e+02 9.823188999999999949e-01 4.980142502008751745e-04
1.420000000000000000e+02 9.822435000000000471e-01 5.026206252027331806e-04
1.430000000000000000e+02 9.821672000000000180e-01 5.072546252046022334e-04
1.440000000000000000e+02 9.820900999999999659e-01 5.119163752064825922e-04
1.450000000000000000e+02 9.820119999999999960e-01 5.166066252083744044e-04
1.460000000000000000e+02 9.819329999999999448e-01 5.213253752102777784e-04
1.470000000000000000e+02 9.818531000000000342e-01 5.260732502121928189e-04
1.480000000000000000e+02 9.817721999999999838e-01 5.308507502141198049e-04
1.490000000000000000e+02 9.816903999999999630e-01 5.356580002160587790e-04
1.500000000000000000e+02 9.816076999999999719e-01 5.404955002180100200e-04
1.510000000000000000e+02 9.815239000000000047e-01 5.453637502199736985e-04
1.520000000000000000e+02 9.814391999999999561e-01 5.502631252219498340e-04
1.530000000000000000e+02 9.813534999999999897e-01 5.551941252239387054e-04
1.540000000000000000e+02 9.812667999999999946e-01 5.601570002259405063e-04
1.550000000000000000e+02 9.811790999999999707e-01 5.651523752279554499e-04
1.560000000000000000e+02 9.810904000000000291e-01 5.701806252299836640e-04
1.570000000000000000e+02 9.810006000000000004e-01 5.752421252320251682e-04
1.580000000000000000e+02 9.809098000000000539e-01 5.803373752340803497e-04
1.590000000000000000e+02 9.808179000000000203e-01 5.854668752361493790e-04
1.600000000000000000e+02 9.807249000000000105e-01 5.906311252382323183e-04
1.610000000000000000e+02 9.806308999999999720e-01 5.958305002403295123e-04
1.620000000000000000e+02 9.805357000000000101e-01 6.010655002424411314e-04
1.630000000000000000e+02 9.804395000000000193e-01 6.063366252445672377e-04
1.640000000000000000e+02 9.803420999999999941e-01 6.116443752467081102e-04
1.650000000000000000e+02 9.802435000000000453e-01 6.169892502488639194e-04
1.660000000000000000e+02 9.801438999999999568e-01 6.223718752510350952e-04
1.670000000000000000e+02 9.800429999999999975e-01 6.277925002532213977e-04
1.680000000000000000e+02 9.799409999999999510e-01 6.332517502554234736e-04
1.690000000000000000e+02 9.798377000000000336e-01 6.387502502576413192e-04
1.700000000000000000e+02 9.797333000000000292e-01 6.442885002598752135e-04
1.710000000000000000e+02 9.796276000000000428e-01 6.498670002621252184e-04
1.720000000000000000e+02 9.795207000000000219e-01 6.554862502643918299e-04
1.730000000000000000e+02 9.794125000000000192e-01 6.611468752666750442e-04
1.740000000000000000e+02 9.793030999999999819e-01 6.668495002689751828e-04
1.750000000000000000e+02 9.791923999999999628e-01 6.725946252712924163e-04
1.760000000000000000e+02 9.790803000000000145e-01 6.783827502736271319e-04
1.770000000000000000e+02 9.789668999999999732e-01 6.842146252759793686e-04
1.780000000000000000e+02 9.788521999999999501e-01 6.900907502783496222e-04
1.790000000000000000e+02 9.787361999999999451e-01 6.960117502807378889e-04
1.800000000000000000e+02 9.786186999999999525e-01 7.019783752831445329e-04
1.810000000000000000e+02 9.784998999999999780e-01 7.079910002855697906e-04
1.820000000000000000e+02 9.783796000000000159e-01 7.140503752880137008e-04
1.830000000000000000e+02 9.782579000000000136e-01 7.201571252904770187e-04
1.840000000000000000e+02 9.781347999999999709e-01 7.263120002929595665e-04
1.850000000000000000e+02 9.780102000000000517e-01 7.325156252954616656e-04
1.860000000000000000e+02 9.778841000000000339e-01 7.387686252979839630e-04
1.870000000000000000e+02 9.777565000000000284e-01 7.450716253005262380e-04
1.880000000000000000e+02 9.776274000000000353e-01 7.514255003030891143e-04
1.890000000000000000e+02 9.774968000000000545e-01 7.578307503056726539e-04
1.900000000000000000e+02 9.773644999999999694e-01 7.642882503082773721e-04
1.910000000000000000e+02 9.772307000000000077e-01 7.707987503109033078e-04
1.920000000000000000e+02 9.770952999999999999e-01 7.773628753135509994e-04
1.930000000000000000e+02 9.769581999999999988e-01 7.839813753162205943e-04
1.940000000000000000e+02 9.768194999999999517e-01 7.906550003189123481e-04
1.950000000000000000e+02 9.766791000000000222e-01 7.973846253216267761e-04
1.960000000000000000e+02 9.765369999999999884e-01 8.041710003243641340e-04
1.970000000000000000e+02 9.763931000000000138e-01 8.110148753271245693e-04
1.980000000000000000e+02 9.762475000000000458e-01 8.179171253299087055e-04
1.990000000000000000e+02 9.761001999999999734e-01 8.248783753327164304e-04
2.000000000000000000e+02 9.759510000000000129e-01 8.318996253355484104e-04
2.010000000000000000e+02 9.758000000000000007e-01 8.389817503384050523e-04
2.020000000000000000e+02 9.756472000000000477e-01 8.461255003412865034e-04
2.030000000000000000e+02 9.754924999999999846e-01 8.533317503441931705e-04
2.040000000000000000e+02 9.753357999999999750e-01 8.606013753471254604e-04
2.050000000000000000e+02 9.751773000000000247e-01 8.679353753500836056e-04
2.060000000000000000e+02 9.750166999999999584e-01 8.753345003530679704e-04
2.070000000000000000e+02 9.748542000000000041e-01 8.827998753560792637e-04
2.080000000000000000e+02 9.746896999999999922e-01 8.903322503591174159e-04
2.090000000000000000e+02 9.745230999999999755e-01 8.979327503621831359e-04
2.100000000000000000e+02 9.743543999999999539e-01 9.056021253652765711e-04
2.110000000000000000e+02 9.741836000000000384e-01 9.133416253683983646e-04
2.120000000000000000e+02 9.740107000000000070e-01 9.211521253715487063e-04
2.130000000000000000e+02 9.738356000000000234e-01 9.290347503747281967e-04
2.140000000000000000e+02 9.736582999999999766e-01 9.369903753779370258e-04
2.150000000000000000e+02 9.734787999999999775e-01 9.450201253811759024e-04
2.160000000000000000e+02 9.732969999999999677e-01 9.531251253844449933e-04
2.170000000000000000e+02 9.731128999999999474e-01 9.613063753877450733e-04
2.180000000000000000e+02 9.729263999999999690e-01 9.695651253910761349e-04
2.190000000000000000e+02 9.727375999999999800e-01 9.779023753944389528e-04
2.200000000000000000e+02 9.725462999999999747e-01 9.863193753978341700e-04
2.210000000000000000e+02 9.723526000000000113e-01 9.948172504012616282e-04
2.220000000000000000e+02 9.721564000000000316e-01 1.003397125404722470e-03
2.230000000000000000e+02 9.719577000000000355e-01 1.012060250408216688e-03
2.240000000000000000e+02 9.717563999999999647e-01 1.020807875411744925e-03
2.250000000000000000e+02 9.715525000000000411e-01 1.029641250415308041e-03
2.260000000000000000e+02 9.713458999999999843e-01 1.038561625418906028e-03
2.270000000000000000e+02 9.711366999999999639e-01 1.047570250422539748e-03
2.280000000000000000e+02 9.709246999999999739e-01 1.056668625426209493e-03
2.290000000000000000e+02 9.707099000000000144e-01 1.065857750429916040e-03
2.300000000000000000e+02 9.704924000000000328e-01 1.075139250433659833e-03
2.310000000000000000e+02 9.702718999999999649e-01 1.084514500437441234e-03
2.320000000000000000e+02 9.700486000000000386e-01 1.093984750441261101e-03
2.330000000000000000e+02 9.698221999999999676e-01 1.103551625445119881e-03
2.340000000000000000e+02 9.695928999999999798e-01 1.113216500449018369e-03
2.350000000000000000e+02 9.693604999999999583e-01 1.122980750452956707e-03
2.360000000000000000e+02 9.691250000000000142e-01 1.132846000456935774e-03
2.370000000000000000e+02 9.688862999999999781e-01 1.142813750460956517e-03
2.380000000000000000e+02 9.686445000000000194e-01 1.152885625465018948e-03
2.390000000000000000e+02 9.683992999999999629e-01 1.163063125469124010e-03
2.400000000000000000e+02 9.681509000000000364e-01 1.173348000473272519e-03
2.410000000000000000e+02 9.678989999999999538e-01 1.183741750477464768e-03
2.420000000000000000e+02 9.676436999999999955e-01 1.194246125481701788e-03
2.430000000000000000e+02 9.673850000000000504e-01 1.204863000485984111e-03
2.440000000000000000e+02 9.671227000000000018e-01 1.215593750490312312e-03
2.450000000000000000e+02 9.668567000000000133e-01 1.226440500494687443e-03
2.460000000000000000e+02 9.665871000000000324e-01 1.237404875499109949e-03
2.470000000000000000e+02 9.663138000000000005e-01 1.248488875503580729e-03
2.480000000000000000e+02 9.660366999999999704e-01 1.259693750508100209e-03
2.490000000000000000e+02 9.657556999999999947e-01 1.271022500512669845e-03
2.500000000000000000e+02 9.654707000000000150e-01 1.282476250517289697e-03
2.510000000000000000e+02 9.651817999999999786e-01 1.294057500521961050e-03
2.520000000000000000e+02 9.648887999999999909e-01 1.305768750526684757e-03
2.530000000000000000e+02 9.645915999999999935e-01 1.317610000531460818e-03
2.540000000000000000e+02 9.642901999999999862e-01 1.329585000536290945e-03
2.550000000000000000e+02 9.639845999999999693e-01 1.341696250541176208e-03
2.560000000000000000e+02 9.636744999999999894e-01 1.353945000546116599e-03
2.570000000000000000e+02 9.633599999999999941e-01 1.366333750551113838e-03
2.580000000000000000e+02 9.630410000000000359e-01 1.378865000556168128e-03
2.590000000000000000e+02 9.627173999999999454e-01 1.391540000561280761e-03
2.600000000000000000e+02 9.623890999999999973e-01 1.404362500566452582e-03
2.610000000000000000e+02 9.620560000000000223e-01 1.417333750571684670e-03
2.620000000000000000e+02 9.617179999999999618e-01 1.430457500576978085e-03
2.630000000000000000e+02 9.613751000000000380e-01 1.443735000582333687e-03
2.640000000000000000e+02 9.610271000000000230e-01 1.457170000587752539e-03
2.650000000000000000e+02 9.606738999999999695e-01 1.470763750593235717e-03
2.660000000000000000e+02 9.603156000000000470e-01 1.484518750598783857e-03
2.670000000000000000e+02 9.599518000000000217e-01 1.498440000604398881e-03
2.680000000000000000e+02 9.595827000000000107e-01 1.512528750610081648e-03
2.690000000000000000e+02 9.592079999999999496e-01 1.526786250615832586e-03
2.700000000000000000e+02 9.588276000000000021e-01 1.541218750621654041e-03
2.710000000000000000e+02 9.584414999999999463e-01 1.555826250627545797e-03
2.720000000000000000e+02 9.580495999999999457e-01 1.570612500633510001e-03
2.730000000000000000e+02 9.576516000000000473e-01 1.585581250639547714e-03
2.740000000000000000e+02 9.572475999999999763e-01 1.600736250645660433e-03
2.750000000000000000e+02 9.568373000000000017e-01 1.616078750651848799e-03
2.760000000000000000e+02 9.564207000000000125e-01 1.631612500658114308e-03
2.770000000000000000e+02 9.559976000000000029e-01 1.647342500664459100e-03
2.780000000000000000e+02 9.555679999999999730e-01 1.663270000670883601e-03
2.790000000000000000e+02 9.551315999999999695e-01 1.679400000677389515e-03
2.800000000000000000e+02 9.546883999999999926e-01 1.695733750683977919e-03
2.810000000000000000e+02 9.542382000000000364e-01 1.712277500690650728e-03
2.820000000000000000e+02 9.537809000000000426e-01 1.729033750697409446e-03
2.830000000000000000e+02 9.533163000000000054e-01 1.746006250704255566e-03
2.840000000000000000e+02 9.528442000000000300e-01 1.763200000711190362e-03
2.850000000000000000e+02 9.523646000000000056e-01 1.780616250718215342e-03
2.860000000000000000e+02 9.518773000000000373e-01 1.798261250725332640e-03
2.870000000000000000e+02 9.513821000000000083e-01 1.816138750732543532e-03
2.880000000000000000e+02 9.508788000000000240e-01 1.834251250739849090e-03
2.890000000000000000e+02 9.503673000000000259e-01 1.852605000747252310e-03
2.900000000000000000e+02 9.498474000000000084e-01 1.871203750754754040e-03
2.910000000000000000e+02 9.493190000000000239e-01 1.890051250762356206e-03
2.920000000000000000e+02 9.487818000000000085e-01 1.909153750770061159e-03
2.930000000000000000e+02 9.482357000000000147e-01 1.928513750777870184e-03
2.940000000000000000e+02 9.476803999999999784e-01 1.948137500785785412e-03
2.950000000000000000e+02 9.471157999999999522e-01 1.968028750793808339e-03
2.960000000000000000e+02 9.465417000000000414e-01 1.988193750801942397e-03
2.970000000000000000e+02 9.459579000000000182e-01 2.008636250810187564e-03
2.980000000000000000e+02 9.453641000000000405e-01 2.029361250818547281e-03
2.990000000000000000e+02 9.447602000000000499e-01 2.050375000827023026e-03
3.000000000000000000e+02 9.441458999999999824e-01 2.071683750835618017e-03
3.010000000000000000e+02 9.435210000000000541e-01 2.093291250844333748e-03
3.020000000000000000e+02 9.428851999999999789e-01 2.115203750853172134e-03
3.030000000000000000e+02 9.422384000000000315e-01 2.137426250862135314e-03
3.040000000000000000e+02 9.415801999999999783e-01 2.159966250871227147e-03
3.050000000000000000e+02 9.409104000000000356e-01 2.182830000880449112e-03
3.060000000000000000e+02 9.402287999999999757e-01 2.206021250889803140e-03
3.070000000000000000e+02 9.395350000000000090e-01 2.229548750899293299e-03
3.080000000000000000e+02 9.388288999999999662e-01 2.253417500908920859e-03
3.090000000000000000e+02 9.381100999999999468e-01 2.277633750918688169e-03
3.100000000000000000e+02 9.373782000000000503e-01 2.302206250928599731e-03
3.110000000000000000e+02 9.366332000000000546e-01 2.327141250938657459e-03
3.120000000000000000e+02 9.358745000000000536e-01 2.352445000948863701e-03
3.130000000000000000e+02 9.351019000000000414e-01 2.378125000959221882e-03
3.140000000000000000e+02 9.343150999999999540e-01 2.404188750969734559e-03
3.150000000000000000e+02 9.335137000000000018e-01 2.430645000980405802e-03
3.160000000000000000e+02 9.326972999999999514e-01 2.457500000991237957e-03
3.170000000000000000e+02 9.318657000000000190e-01 2.484761251002234016e-03
3.180000000000000000e+02 9.310184000000000237e-01 2.512438751013397389e-03
3.190000000000000000e+02 9.301551000000000125e-01 2.540540001024731934e-03
3.200000000000000000e+02 9.292753999999999737e-01 2.569073751036241287e-03
3.210000000000000000e+02 9.283787999999999485e-01 2.598048751047928647e-03
3.220000000000000000e+02 9.274649999999999839e-01 2.627472501059796572e-03
3.230000000000000000e+02 9.265335000000000099e-01 2.657356251071850417e-03
3.240000000000000000e+02 9.255837999999999566e-01 2.687708751084093382e-03
3.250000000000000000e+02 9.246155999999999819e-01 2.718538751096528233e-03
3.260000000000000000e+02 9.236284000000000161e-01 2.749856251109160550e-03
3.270000000000000000e+02 9.226216000000000417e-01 2.781671251121992875e-03
3.280000000000000000e+02 9.215946999999999889e-01 2.813995001135030996e-03
3.290000000000000000e+02 9.205474000000000157e-01 2.846838751148278533e-03
3.300000000000000000e+02 9.194788999999999879e-01 2.880211251161739552e-03
3.310000000000000000e+02 9.183888000000000051e-01 2.914123751175417675e-03
3.320000000000000000e+02 9.172765000000000502e-01 2.948588751189319332e-03
3.330000000000000000e+02 9.161413999999999946e-01 2.983618751203449219e-03
3.340000000000000000e+02 9.149829999999999908e-01 3.019223751217810312e-03
3.350000000000000000e+02 9.138005000000000155e-01 3.055416251232408609e-03
3.360000000000000000e+02 9.125933999999999990e-01 3.092208751247249240e-03
3.370000000000000000e+02 9.113609999999999767e-01 3.129616251262337320e-03
3.380000000000000000e+02 9.101025999999999838e-01 3.167648751277677994e-03
3.390000000000000000e+02 9.088173999999999975e-01 3.206321251293276376e-03
3.400000000000000000e+02 9.075048000000000004e-01 3.245647501309138674e-03
3.410000000000000000e+02 9.061639999999999695e-01 3.285641251325270226e-03
3.420000000000000000e+02 9.047941999999999929e-01 3.326317501341677450e-03
3.430000000000000000e+02 9.033944999999999892e-01 3.367691251358365459e-03
3.440000000000000000e+02 9.019641999999999937e-01 3.409776251375340895e-03
3.450000000000000000e+02 9.005024000000000362e-01 3.452587501392608872e-03
3.460000000000000000e+02 8.990080999999999767e-01 3.496143751410177303e-03
3.470000000000000000e+02 8.974803999999999560e-01 3.540458751428051960e-03
3.480000000000000000e+02 8.959184999999999510e-01 3.585550001446239244e-03
3.490000000000000000e+02 8.943210999999999800e-01 3.631435001464747292e-03
3.500000000000000000e+02 8.926874000000000198e-01 3.678130001483581428e-03
3.510000000000000000e+02 8.910162999999999833e-01 3.725653751502750431e-03
3.520000000000000000e+02 8.893065999999999471e-01 3.774025001522260912e-03
3.530000000000000000e+02 8.875572000000000461e-01 3.823260001542120364e-03
3.540000000000000000e+02 8.857667999999999653e-01 3.873381251562336893e-03
3.550000000000000000e+02 8.839342999999999506e-01 3.924406251582917768e-03
3.560000000000000000e+02 8.820584000000000202e-01 3.976355001603871543e-03
3.570000000000000000e+02 8.801375999999999644e-01 4.029248751625206550e-03
3.580000000000000000e+02 8.781706999999999708e-01 4.083107501646930475e-03
3.590000000000000000e+02 8.761562000000000516e-01 4.137953751669053160e-03
3.600000000000000000e+02 8.740925000000000500e-01 4.193807501691581424e-03
3.610000000000000000e+02 8.719782000000000366e-01 4.250693751714526396e-03
3.620000000000000000e+02 8.698116000000000181e-01 4.308632501737896629e-03
3.630000000000000000e+02 8.675910000000000011e-01 4.367647501761700440e-03
3.640000000000000000e+02 8.653146999999999922e-01 4.427763751785948089e-03
3.650000000000000000e+02 8.629807999999999923e-01 4.489003751810649416e-03
3.660000000000000000e+02 8.605874999999999497e-01 4.551392501835813814e-03
3.670000000000000000e+02 8.581328000000000289e-01 4.614956251861452620e-03
3.680000000000000000e+02 8.556146999999999503e-01 4.679717501887573940e-03
3.690000000000000000e+02 8.530309000000000363e-01 4.745705001914190396e-03
3.700000000000000000e+02 8.503794000000000075e-01 4.812942501941310305e-03
3.710000000000000000e+02 8.476578000000000168e-01 4.881458751968947157e-03
3.720000000000000000e+02 8.448636000000000479e-01 4.951278751997109477e-03
3.730000000000000000e+02 8.419942999999999733e-01 5.022430002025807944e-03
3.740000000000000000e+02 8.390473999999999988e-01 5.094940002055054970e-03
3.750000000000000000e+02 8.360201000000000437e-01 5.168837502084862312e-03
3.760000000000000000e+02 8.329096000000000277e-01 5.244148752115238704e-03
3.770000000000000000e+02 8.297128000000000281e-01 5.320902502146197637e-03
3.780000000000000000e+02 8.264266000000000112e-01 5.399127502177749130e-03
3.790000000000000000e+02 8.230479000000000545e-01 5.478851252209905598e-03
3.800000000000000000e+02 8.195731000000000543e-01 5.560101252242679454e-03
3.810000000000000000e+02 8.159988999999999715e-01 5.642907502276079193e-03
3.820000000000000000e+02 8.123213999999999713e-01 5.727296252310117020e-03
3.830000000000000000e+02 8.085368000000000555e-01 5.813295002344804480e-03
3.840000000000000000e+02 8.046410000000000506e-01 5.900930002380152910e-03
3.850000000000000000e+02 8.006296999999999997e-01 5.990227502416171045e-03
3.860000000000000000e+02 7.964984999999999982e-01 6.081212502452870011e-03
3.870000000000000000e+02 7.922428000000000248e-01 6.173907502490259651e-03
3.880000000000000000e+02 7.878576000000000468e-01 6.268337502528346754e-03
3.890000000000000000e+02 7.833379000000000314e-01 6.364521252567143135e-03
3.900000000000000000e+02 7.786781999999999870e-01 6.462478752606655615e-03
3.910000000000000000e+02 7.738728999999999747e-01 6.562227502646887992e-03
3.920000000000000000e+02 7.689160999999999913e-01 6.663782502687851453e-03
3.930000000000000000e+02 7.638015999999999694e-01 6.767155002729546148e-03
3.940000000000000000e+02 7.585228999999999999e-01 6.872352502771978539e-03
3.950000000000000000e+02 7.530731000000000508e-01 6.979378752815147517e-03
3.960000000000000000e+02 7.474450000000000260e-01 7.088233752859054819e-03
3.970000000000000000e+02 7.416310999999999876e-01 7.198911252903696795e-03
3.980000000000000000e+02 7.356232999999999800e-01 7.311397502949068539e-03
3.990000000000000000e+02 7.294131999999999838e-01 7.425675002995161915e-03
4.000000000000000000e+02 7.229919000000000207e-01 7.541715003041967770e-03
4.010000000000000000e+02 7.163502999999999954e-01 7.659481253089467888e-03
4.020000000000000000e+02 7.094783999999999535e-01 7.778925003137646295e-03
4.030000000000000000e+02 7.023658999999999875e-01 7.899987503186477536e-03
4.040000000000000000e+02 6.950018000000000029e-01 8.022596253235932118e-03
4.050000000000000000e+02 6.873745999999999468e-01 8.146658753285972859e-03
4.060000000000000000e+02 6.794721999999999706e-01 8.272070003336557883e-03
4.070000000000000000e+02 6.712816999999999812e-01 8.398700003387634186e-03
4.080000000000000000e+02 6.627893000000000256e-01 8.526397503439140865e-03
4.090000000000000000e+02 6.539808999999999761e-01 8.654981253491005055e-03
4.100000000000000000e+02 6.448412000000000033e-01 8.784241253543143002e-03
4.110000000000000000e+02 6.353541000000000327e-01 8.913930003595452525e-03
4.120000000000000000e+02 6.255026000000000197e-01 9.043761253647820617e-03
4.130000000000000000e+02 6.152686000000000544e-01 9.173396253700108124e-03
4.140000000000000000e+02 6.046331000000000344e-01 9.302447503752163394e-03
4.150000000000000000e+02 5.935759000000000452e-01 9.430458753803796362e-03
4.160000000000000000e+02 5.820756000000000263e-01 9.556905003854797645e-03
4.170000000000000000e+02 5.701093999999999884e-01 9.681171253904921961e-03
4.180000000000000000e+02 5.576533999999999658e-01 9.802548753953879701e-03
4.190000000000000000e+02 5.446822000000000052e-01 9.920208754001336865e-03
4.200000000000000000e+02 5.311687999999999965e-01 1.003319000404690776e-02
4.210000000000000000e+02 5.170848000000000111e-01 1.014037125409014001e-02
4.220000000000000000e+02 5.024001000000000161e-01 1.024044250413050534e-02
4.230000000000000000e+02 4.870828999999999853e-01 1.033187250416738208e-02
4.240000000000000000e+02 4.711001000000000216e-01 1.041286375420005100e-02
4.250000000000000000e+02 4.544163999999999981e-01 1.048130375422765687e-02
4.260000000000000000e+02 4.369953999999999783e-01 1.053469250424919276e-02
4.270000000000000000e+02 4.187989999999999768e-01 1.057007250426346238e-02
4.280000000000000000e+02 3.997882999999999853e-01 1.058391500426904622e-02
4.290000000000000000e+02 3.799235999999999724e-01 1.057199875426423873e-02
4.300000000000000000e+02 3.591655000000000264e-01 1.052924750424699511e-02
4.310000000000000000e+02 3.374762000000000040e-01 1.044951375421483350e-02
4.320000000000000000e+02 3.148213999999999735e-01 1.032532625416474233e-02
4.330000000000000000e+02 2.911735999999999769e-01 1.014756000409304006e-02
4.340000000000000000e+02 2.665178000000000269e-01 9.905055003995225441e-03
4.350000000000000000e+02 2.408592999999999984e-01 9.584218753865815510e-03
4.360000000000000000e+02 2.142388000000000070e-01 9.168746253698234483e-03
4.370000000000000000e+02 1.867561000000000082e-01 8.639825003484891477e-03
4.380000000000000000e+02 1.586125999999999925e-01 7.977626253217793770e-03
4.390000000000000000e+02 1.301827000000000123e-01 7.165562502890245392e-03
4.400000000000000000e+02 1.021224000000000021e-01 6.199300002500501144e-03
4.410000000000000000e+02 7.548755999999999522e-02 5.101110002057544085e-03
4.420000000000000000e+02 5.173099999999999921e-02 3.934371251586936923e-03
4.430000000000000000e+02 3.236892000000000241e-02 2.803556251130820149e-03
4.440000000000000000e+02 1.831210999999999950e-02 1.825150000736178255e-03
4.450000000000000000e+02 9.353069999999999787e-03 1.079408000435381565e-03
4.460000000000000000e+02 4.339504999999999578e-03 5.799507502339244390e-04
4.470000000000000000e+02 1.847064999999999948e-03 2.842142501146384457e-04
4.480000000000000000e+02 7.282500999999999818e-04 1.277695000515361107e-04
4.490000000000000000e+02 2.679646000000000263e-04 5.299968752137753535e-05
4.500000000000000000e+02 9.248753999999999439e-05 2.039175000822505588e-05
4.510000000000000000e+02 3.004381999999999994e-05 7.309408752948265497e-06
4.520000000000000000e+02 9.206445000000000248e-06 2.449787500988126831e-06
4.530000000000000000e+02 2.665820999999999900e-06 7.699783753105725163e-07
4.540000000000000000e+02 7.303894000000000115e-07 2.275033750917639557e-07
4.550000000000000000e+02 1.895573000000000109e-07 6.331790002553941266e-08
4.560000000000000000e+02 4.664327999999999943e-08 1.662706250670656104e-08
4.570000000000000000e+02 1.089017999999999971e-08 4.125276251663939243e-09
4.580000000000000000e+02 2.414106000000000018e-09 9.681335003904986545e-10
4.590000000000000000e+02 5.083692000000000274e-10 2.151150000867670959e-10
4.600000000000000000e+02 1.017379999999999981e-10 4.528898751826741125e-11
4.610000000000000000e+02 1.935546000000000122e-11 9.039976253646294004e-12
4.620000000000000000e+02 3.501349000000000048e-12 1.711597500690376600e-12
4.630000000000000000e+02 6.023291000000000047e-13 3.075021251240316204e-13
4.640000000000000000e+02 9.854092999999999883e-14 5.243343752114913994e-14
4.650000000000000000e+02 1.533080999999999875e-14 8.486671253423116827e-15
4.660000000000000000e+02 2.267897999999999997e-15 1.303901250525931513e-15
4.670000000000000000e+02 3.189343999999999844e-16 1.901503750766975438e-16
4.680000000000000000e+02 4.262562999999999988e-17 2.631585001061455496e-17
4.690000000000000000e+02 5.412121999999999928e-18 3.455311251393707212e-18
4.700000000000000000e+02 6.525132999999999921e-19 4.302735001735517284e-19
4.710000000000000000e+02 7.466110000000000114e-20 5.079073752048655575e-20
4.720000000000000000e+02 8.102136999999999296e-21 5.680115002291086696e-21
4.730000000000000000e+02 8.332552000000000130e-22 6.014027502425771286e-22
4.740000000000000000e+02 8.114395999999999459e-23 6.023695002429670364e-23
4.750000000000000000e+02 7.474983000000000416e-24 5.702308752300037756e-24
4.760000000000000000e+02 6.506712000000000253e-25 5.096508752055687991e-25
4.770000000000000000e+02 5.345298999999999832e-26 4.295480001732590806e-26
4.780000000000000000e+02 4.138445000000000328e-27 3.409432501375202351e-27
4.790000000000000000e+02 3.014943999999999953e-28 2.544625001026380190e-28
4.800000000000000000e+02 2.063185000000000114e-29 1.782757500719079339e-29
4.810000000000000000e+02 1.323609999999999959e-30 1.170171750471991263e-30
4.820000000000000000e+02 7.943014000000000197e-32 7.180408752896233526e-32
4.830000000000000000e+02 4.447657999999999992e-33 4.108861251657317727e-33
4.840000000000000000e+02 2.317253000000000065e-34 2.186521250881937936e-34
4.850000000000000000e+02 1.119744999999999938e-35 1.078610250435059812e-35
4.860000000000000000e+02 5.000094000000000258e-37 4.914438751982249710e-37
4.870000000000000000e+02 2.054570999999999910e-38 2.059501250830704025e-38
4.880000000000000000e+02 7.730865000000000085e-40 7.899838753186417196e-40
4.890000000000000000e+02 2.648621000000000097e-41 2.757855001112386610e-41
4.900000000000000000e+02 8.206621999999999544e-43 8.703581253510608037e-43
4.910000000000000000e+02 2.281127999999999770e-44 2.463161250993521682e-44
4.920000000000000000e+02 5.632472999999999854e-46 6.189943752496727255e-46
4.930000000000000000e+02 1.220404999999999964e-47 1.364511250550378598e-47
4.940000000000000000e+02 2.284586000000000105e-49 2.597848751047847848e-49
4.950000000000000000e+02 3.620226000000000145e-51 4.185321251688157877e-51
4.960000000000000000e+02 4.722067999999999542e-53 5.548438752237975053e-53
4.970000000000000000e+02 4.867927999999999914e-55 5.811555002344103833e-55
4.980000000000000000e+02 3.718916000000000035e-57 4.509653751818978707e-57
4.990000000000000000e+02 1.871834999999999911e-59 2.304872500929675428e-59
5.000000000000000000e+02 4.656168999999999894e-62 5.820211252347594394e-62
5.010000000000000000e+02 0.000000000000000000e+00 0.000000000000000000e+00
