1.000000000000000000e+00 8.380819999999999936e-01 2.615347093535086614e-06
2.000000000000000000e+00 8.401992000000000349e-01 2.354574346672410947e-06
3.000000000000000000e+00 8.455342000000000136e-01 2.238098598073716013e-06
4.000000000000000000e+00 8.400043000000000371e-01 2.867846590497296550e-06
5.000000000000000000e+00 8.379394999999999483e-01 3.614934331509177788e-06
6.000000000000000000e+00 8.380906000000000189e-01 3.935161077656570154e-06
7.000000000000000000e+00 8.402513999999999816e-01 3.816817829080342571e-06
8.000000000000000000e+00 8.451541999999999666e-01 3.886414828243029603e-06
9.000000000000000000e+00 8.398537000000000363e-01 5.113600813478908969e-06
1.000000000000000000e+01 8.379123000000000543e-01 6.437369172552817706e-06
1.100000000000000000e+01 8.381235000000000213e-01 6.932272416598698549e-06
1.200000000000000000e+01 8.402638999999999525e-01 6.619971295355954470e-06
1.300000000000000000e+01 8.449010999999999605e-01 6.590257795713433545e-06
1.400000000000000000e+01 8.397474999999999801e-01 8.397821148966864752e-06
1.500000000000000000e+01 8.378904999999999825e-01 1.028364175127879458e-05
1.600000000000000000e+01 8.381465999999999639e-01 1.081877161984071423e-05
1.700000000000000000e+01 8.402619999999999534e-01 1.010439100343533836e-05
1.800000000000000000e+01 8.446964999999999613e-01 9.809797381979555703e-06
1.900000000000000000e+01 8.396565999999999752e-01 1.214236110391677259e-05
2.000000000000000000e+01 8.378619999999999957e-01 1.453643982511391344e-05
2.100000000000000000e+01 8.381536000000000541e-01 1.502906606918718779e-05
2.200000000000000000e+01 8.402406999999999515e-01 1.382990608361413327e-05
2.300000000000000000e+01 8.445112999999999648e-01 1.321361984102859528e-05
2.400000000000000000e+01 8.395650999999999531e-01 1.603403980709647473e-05
2.500000000000000000e+01 8.378206000000000264e-01 1.889599477266465076e-05
2.600000000000000000e+01 8.381423000000000068e-01 1.931100726767169252e-05
2.700000000000000000e+01 8.401992000000000349e-01 1.761367478809208438e-05
2.800000000000000000e+01 8.443327999999999944e-01 1.667353479940278897e-05
2.900000000000000000e+01 8.394665000000000044e-01 1.996482350980571075e-05
3.000000000000000000e+01 8.377649999999999819e-01 2.327014097003984988e-05
3.100000000000000000e+01 8.381131000000000553e-01 2.359426471614035664e-05
3.200000000000000000e+01 8.401385999999999576e-01 2.140784974244483847e-05
3.300000000000000000e+01 8.441553000000000528e-01 2.015662475749817160e-05
3.400000000000000000e+01 8.393585000000000074e-01 2.390998471234196521e-05
3.500000000000000000e+01 8.376949999999999674e-01 2.764163216744698615e-05
3.600000000000000000e+01 8.380667000000000533e-01 2.786854466471702641e-05
3.700000000000000000e+01 8.400602999999999820e-01 2.520607469674886994e-05
3.800000000000000000e+01 8.439759000000000011e-01 2.365741096538065039e-05
3.900000000000000000e+01 8.392404999999999449e-01 2.786633966474355708e-05
4.000000000000000000e+01 8.376107999999999887e-01 3.201058086488470879e-05
4.100000000000000000e+01 8.380037000000000180e-01 3.213616461337382715e-05
4.200000000000000000e+01 8.399649999999999617e-01 2.901019465098198007e-05
4.300000000000000000e+01 8.437923000000000506e-01 2.717580342305131002e-05
4.400000000000000000e+01 8.391115999999999575e-01 3.183467586700100386e-05
4.500000000000000000e+01 8.375126999999999988e-01 3.637985581231851216e-05
4.600000000000000000e+01 8.379244999999999610e-01 3.640116331206216251e-05
4.700000000000000000e+01 8.398535999999999779e-01 3.282312335510911410e-05
4.800000000000000000e+01 8.436031000000000502e-01 3.071275838049865201e-05
4.900000000000000000e+01 8.389716000000000395e-01 3.581652331909589306e-05
5.000000000000000000e+01 8.374006000000000505e-01 4.075262950971022050e-05
5.100000000000000000e+01 8.378295000000000048e-01 4.066756826073357597e-05
5.200000000000000000e+01 8.397265999999999897e-01 3.664775205909548335e-05
5.300000000000000000e+01 8.434072000000000235e-01 3.426947958770818311e-05
5.400000000000000000e+01 8.388202000000000158e-01 3.981356952100792922e-05
5.500000000000000000e+01 8.372747000000000384e-01 4.513199570702261645e-05
5.600000000000000000e+01 8.377189000000000441e-01 4.493905820934381668e-05
5.700000000000000000e+01 8.395844999999999558e-01 4.048669076290969303e-05
5.800000000000000000e+01 8.432034999999999947e-01 3.784712579466596938e-05
5.900000000000000000e+01 8.386569999999999858e-01 4.382746822271721605e-05
6.000000000000000000e+01 8.371349999999999625e-01 4.952080065422144353e-05
6.100000000000000000e+01 8.375928999999999736e-01 4.921903065785200056e-05
6.200000000000000000e+01 8.394276999999999989e-01 4.434233571652291004e-05
6.300000000000000000e+01 8.429915999999999521e-01 4.144690075135752438e-05
6.400000000000000000e+01 8.384819999999999496e-01 4.785981692420452922e-05
6.500000000000000000e+01 8.369813999999999865e-01 5.392164310127546030e-05
6.600000000000000000e+01 8.374515000000000153e-01 5.351042185622281353e-05
6.700000000000000000e+01 8.392562000000000078e-01 4.821673441991050700e-05
6.800000000000000000e+01 8.427706000000000364e-01 4.506980570777081066e-05
6.900000000000000000e+01 8.382946999999999482e-01 5.191197687545350610e-05
7.000000000000000000e+01 8.368139999999999468e-01 5.833680679815718444e-05
7.100000000000000000e+01 8.372950000000000115e-01 5.781587555442444133e-05
7.200000000000000000e+01 8.390703999999999940e-01 5.211169812305068431e-05
7.300000000000000000e+01 8.425399000000000083e-01 4.871681941389404330e-05
7.400000000000000000e+01 8.380950999999999818e-01 5.598528682644802985e-05
7.500000000000000000e+01 8.366327000000000069e-01 6.276842924484089033e-05
7.600000000000000000e+01 8.371233999999999620e-01 6.213778800242805765e-05
7.700000000000000000e+01 8.388704999999999634e-01 5.602893682592287365e-05
7.800000000000000000e+01 8.422994000000000314e-01 5.238894311971518486e-05
7.900000000000000000e+01 8.378828999999999860e-01 6.008110802717171072e-05
8.000000000000000000e+01 8.364373000000000502e-01 6.721858044130167771e-05
8.100000000000000000e+01 8.369366000000000305e-01 6.647845420020604714e-05
8.200000000000000000e+01 8.386563000000000212e-01 5.997004802850786428e-05
8.300000000000000000e+01 8.420482999999999718e-01 5.608715557522245721e-05
8.400000000000000000e+01 8.376578999999999553e-01 6.420077922760846574e-05
8.500000000000000000e+01 8.362279000000000240e-01 7.168930788751491916e-05
8.600000000000000000e+01 8.367348000000000008e-01 7.084016914773079443e-05
8.700000000000000000e+01 8.384281000000000095e-01 6.393673048078520060e-05
8.800000000000000000e+01 8.417864000000000457e-01 5.981267178040124084e-05
8.900000000000000000e+01 8.374201000000000006e-01 6.834589792773906381e-05
9.000000000000000000e+01 8.360045000000000393e-01 7.618286158345353152e-05
9.100000000000000000e+01 8.365179000000000364e-01 7.522531784497361981e-05
9.200000000000000000e+01 8.381857000000000335e-01 6.793079543273311690e-05
9.300000000000000000e+01 8.415131999999999612e-01 6.356680798523569177e-05
9.400000000000000000e+01 8.371691999999999467e-01 7.251817412754292308e-05
9.500000000000000000e+01 8.357666999999999735e-01 8.070158152908938080e-05
9.600000000000000000e+01 8.362859000000000265e-01 7.963644279190394031e-05
9.700000000000000000e+01 8.379294000000000464e-01 7.195424538432749085e-05
9.800000000000000000e+01 8.412287000000000514e-01 6.735118418970633314e-05
9.900000000000000000e+01 8.369050999999999574e-01 7.671958782699624829e-05
1.000000000000000000e+02 8.355148000000000019e-01 8.524801022439187047e-05
1.010000000000000000e+02 8.360387999999999709e-01 8.407614273849046028e-05
1.020000000000000000e+02 8.376586999999999783e-01 7.600908283554424756e-05
1.030000000000000000e+02 8.409322000000000186e-01 7.116736414379434654e-05
1.040000000000000000e+02 8.366274000000000211e-01 8.095214152607492389e-05
1.050000000000000000e+02 8.352483000000000546e-01 8.982475766932959216e-05
1.060000000000000000e+02 8.357767000000000390e-01 8.854718518469989518e-05
1.070000000000000000e+02 8.373739999999999517e-01 8.009761403635563186e-05
1.080000000000000000e+02 8.406236999999999737e-01 7.501737284747537744e-05
1.090000000000000000e+02 8.363361000000000267e-01 8.521822022475027017e-05
1.100000000000000000e+02 8.349672999999999679e-01 9.443473761386751144e-05
1.110000000000000000e+02 8.354991999999999974e-01 9.305252888049667841e-05
1.120000000000000000e+02 8.370748999999999551e-01 8.422226898673243185e-05
1.130000000000000000e+02 8.403028000000000164e-01 7.890328030072451203e-05
1.140000000000000000e+02 8.360309999999999686e-01 8.952033267299208295e-05
1.150000000000000000e+02 8.346715999999999580e-01 9.908103255796849658e-05
1.160000000000000000e+02 8.352062999999999571e-01 9.759535757584247406e-05
1.170000000000000000e+02 8.367613999999999885e-01 8.838574768664213418e-05
1.180000000000000000e+02 8.399691000000000241e-01 8.282750525351265114e-05
1.190000000000000000e+02 8.357118999999999520e-01 9.386140387076520152e-05
1.200000000000000000e+02 8.343610000000000193e-01 1.037671412515905271e-04
1.210000000000000000e+02 8.348980999999999764e-01 1.021792712706939897e-04
1.220000000000000000e+02 8.364335000000000520e-01 9.259116638604726894e-05
1.230000000000000000e+02 8.396225999999999967e-01 8.679288270580568486e-05
1.240000000000000000e+02 8.353785999999999712e-01 9.824471881803009937e-05
1.250000000000000000e+02 8.340355000000000407e-01 1.084969336946869819e-04
1.260000000000000000e+02 8.345744000000000495e-01 1.068081174650049110e-04
1.270000000000000000e+02 8.360908000000000229e-01 9.684184383490790371e-05
1.280000000000000000e+02 8.392629000000000339e-01 9.080238265756790676e-05
1.290000000000000000e+02 8.350309999999999677e-01 1.026737537647449272e-04
1.300000000000000000e+02 8.336949000000000165e-01 1.132744486372092919e-04
1.310000000000000000e+02 8.342349999999999488e-01 1.114859911587259969e-04
1.320000000000000000e+02 8.357333999999999596e-01 1.011413687831808588e-04
1.330000000000000000e+02 8.388896000000000130e-01 9.485930135875962339e-05
1.340000000000000000e+02 8.346687999999999885e-01 1.071522549608646427e-04
1.350000000000000000e+02 8.333390000000000519e-01 1.181039610791060463e-04
1.360000000000000000e+02 8.338799000000000072e-01 1.162172236018051374e-04
1.370000000000000000e+02 8.353610999999999676e-01 1.054934874808210511e-04
1.380000000000000000e+02 8.385027000000000452e-01 9.896705880933969813e-05
1.390000000000000000e+02 8.342916999999999694e-01 1.116841149063423994e-04
1.400000000000000000e+02 8.329674999999999718e-01 1.229899485203233178e-04
1.410000000000000000e+02 8.335088000000000497e-01 1.210061235441904892e-04
1.420000000000000000e+02 8.349735000000000351e-01 1.099020474277822342e-04
1.430000000000000000e+02 8.381016000000000021e-01 1.031291875092656639e-04
1.440000000000000000e+02 8.338995999999999631e-01 1.162733611011297543e-04
1.450000000000000000e+02 8.325803000000000509e-01 1.279367984608083925e-04
1.460000000000000000e+02 8.331216000000000177e-01 1.258572359858273399e-04
1.470000000000000000e+02 8.345706000000000513e-01 1.143712111240142873e-04
1.480000000000000000e+02 8.376860999999999891e-01 1.073495012084915853e-04
1.490000000000000000e+02 8.334920000000000107e-01 1.209242235451758019e-04
1.500000000000000000e+02 8.321769999999999445e-01 1.329495734005003299e-04
1.510000000000000000e+02 8.327179000000000109e-01 1.307756234266548576e-04
1.520000000000000000e+02 8.341520000000000046e-01 1.189052985694652405e-04
1.530000000000000000e+02 8.372560000000000002e-01 1.116322636569662185e-04
1.540000000000000000e+02 8.330689000000000011e-01 1.256417984884192500e-04
1.550000000000000000e+02 8.317575000000000385e-01 1.380337858393328133e-04
1.560000000000000000e+02 8.322975999999999708e-01 1.357667983666066580e-04
1.570000000000000000e+02 8.337175000000000002e-01 1.235094735140730032e-04
1.580000000000000000e+02 8.368109000000000242e-01 1.159820986046339000e-04
1.590000000000000000e+02 8.326299999999999812e-01 1.304310359308005426e-04
1.600000000000000000e+02 8.313215999999999939e-01 1.431951732772368112e-04
1.610000000000000000e+02 8.318605999999999501e-01 1.408363858056150804e-04
1.620000000000000000e+02 8.332669000000000326e-01 1.281889109577752774e-04
1.630000000000000000e+02 8.363504999999999967e-01 1.204039110514356194e-04
1.640000000000000000e+02 8.321749000000000507e-01 1.352975608722520057e-04
1.650000000000000000e+02 8.308689999999999687e-01 1.484399232141378618e-04
1.660000000000000000e+02 8.314065000000000483e-01 1.459906857436043463e-04
1.670000000000000000e+02 8.327999000000000374e-01 1.329491234005057601e-04
1.680000000000000000e+02 8.358744999999999647e-01 1.249028984973088669e-04
1.690000000000000000e+02 8.317033999999999816e-01 1.402472233127032095e-04
1.700000000000000000e+02 8.303992999999999514e-01 1.537743356499602406e-04
1.710000000000000000e+02 8.309349999999999792e-01 1.512359981804986498e-04
1.720000000000000000e+02 8.323161999999999505e-01 1.377959608421940485e-04
1.730000000000000000e+02 8.353823999999999694e-01 1.294845734421873123e-04
1.740000000000000000e+02 8.312150000000000372e-01 1.452858732520838326e-04
1.750000000000000000e+02 8.299121999999999888e-01 1.592050480846240014e-04
1.760000000000000000e+02 8.304458000000000117e-01 1.565789606162181261e-04
1.770000000000000000e+02 8.318153999999999826e-01 1.427353857827684503e-04
1.780000000000000000e+02 8.348738999999999466e-01 1.341544483860046392e-04
1.790000000000000000e+02 8.307094999999999896e-01 1.504199231903167251e-04
1.800000000000000000e+02 8.294072999999999585e-01 1.647391480180439305e-04
1.810000000000000000e+02 8.299385000000000234e-01 1.620264355506802494e-04
1.820000000000000000e+02 8.312971999999999584e-01 1.477738107221517885e-04
1.830000000000000000e+02 8.343487000000000542e-01 1.389185983286877297e-04
1.840000000000000000e+02 8.301863000000000437e-01 1.556560106273220223e-04
1.850000000000000000e+02 8.288843000000000183e-01 1.703840604501307007e-04
1.860000000000000000e+02 8.294127999999999501e-01 1.675859604837942943e-04
1.870000000000000000e+02 8.307609999999999717e-01 1.529180981602615101e-04
1.880000000000000000e+02 8.338060999999999945e-01 1.437836607701567732e-04
1.890000000000000000e+02 8.296451999999999716e-01 1.610014480630117409e-04
1.900000000000000000e+02 8.283426999999999873e-01 1.761477728807881837e-04
1.910000000000000000e+02 8.288683999999999497e-01 1.732657479154614988e-04
1.920000000000000000e+02 8.302066999999999641e-01 1.581758980970055732e-04
1.930000000000000000e+02 8.332458999999999838e-01 1.487566107103278456e-04
1.940000000000000000e+02 8.290857000000000365e-01 1.664641104972911238e-04
1.950000000000000000e+02 8.277822000000000235e-01 1.820388353099135583e-04
1.960000000000000000e+02 8.283047000000000049e-01 1.790741228455816484e-04
1.970000000000000000e+02 8.296337000000000295e-01 1.635549730322906185e-04
1.980000000000000000e+02 8.326675999999999522e-01 1.538449856491102489e-04
1.990000000000000000e+02 8.285072999999999466e-01 1.720522104300614089e-04
2.000000000000000000e+02 8.272022999999999460e-01 1.880663602373971750e-04
2.010000000000000000e+02 8.277212999999999932e-01 1.850200852740465187e-04
2.020000000000000000e+02 8.290414000000000394e-01 1.690634229660191196e-04
2.030000000000000000e+02 8.320705000000000462e-01 1.590565480864105968e-04
2.040000000000000000e+02 8.279094999999999649e-01 1.777740728612223816e-04
2.050000000000000000e+02 8.266025000000000178e-01 1.942395726631280129e-04
2.060000000000000000e+02 8.271178999999999615e-01 1.911133102007397130e-04
2.070000000000000000e+02 8.284295999999999882e-01 1.747103603980815082e-04
2.080000000000000000e+02 8.314542999999999795e-01 1.643996230221287291e-04
2.090000000000000000e+02 8.272918999999999690e-01 1.836391477906603874e-04
2.100000000000000000e+02 8.259821999999999997e-01 2.005687100869829554e-04
2.110000000000000000e+02 8.264936000000000504e-01 1.973636976255420926e-04
2.120000000000000000e+02 8.277974000000000165e-01 1.805050103283668177e-04
2.130000000000000000e+02 8.308181999999999512e-01 1.698830979561577383e-04
2.140000000000000000e+02 8.266537999999999942e-01 1.896573352182563416e-04
2.150000000000000000e+02 8.253409000000000439e-01 2.070647975088293425e-04
2.160000000000000000e+02 8.258480999999999739e-01 2.037822725483210242e-04
2.170000000000000000e+02 8.271444999999999492e-01 1.864576102567518502e-04
2.180000000000000000e+02 8.301619000000000081e-01 1.755169853883771416e-04
2.190000000000000000e+02 8.259946999999999706e-01 1.958393226438816161e-04
2.200000000000000000e+02 8.246778999999999638e-01 2.137393099285291107e-04
2.210000000000000000e+02 8.251808000000000476e-01 2.103809599689330145e-04
2.220000000000000000e+02 8.264702000000000437e-01 1.925792976831025745e-04
2.230000000000000000e+02 8.294844999999999580e-01 1.813114103186651120e-04
2.240000000000000000e+02 8.253139000000000447e-01 2.021964725673995730e-04
2.250000000000000000e+02 8.239927999999999697e-01 2.206049598459293589e-04
2.260000000000000000e+02 8.244909999999999739e-01 2.171721348872292484e-04
2.270000000000000000e+02 8.257738000000000023e-01 1.988815476072810086e-04
2.280000000000000000e+02 8.287854000000000054e-01 1.872775102468877267e-04
2.290000000000000000e+02 8.246107000000000298e-01 2.087407099886666375e-04
2.300000000000000000e+02 8.232848000000000388e-01 2.276747972608730180e-04
2.310000000000000000e+02 8.237780000000000102e-01 2.241690723030499688e-04
2.320000000000000000e+02 8.250545999999999713e-01 2.053767350291382018e-04
2.330000000000000000e+02 8.280638999999999639e-01 1.934270976729027822e-04
2.340000000000000000e+02 8.238845000000000196e-01 2.154851974075245593e-04
2.350000000000000000e+02 8.225529999999999786e-01 2.349628846731909775e-04
2.360000000000000000e+02 8.230410000000000226e-01 2.313858347162260111e-04
2.370000000000000000e+02 8.243118000000000389e-01 2.120781349485145056e-04
2.380000000000000000e+02 8.273190999999999740e-01 1.997725475965615174e-04
2.390000000000000000e+02 8.231342999999999854e-01 2.224433223238122647e-04
2.400000000000000000e+02 8.217967000000000466e-01 2.424844095827004156e-04
2.410000000000000000e+02 8.222793000000000463e-01 2.388377221265732637e-04
2.420000000000000000e+02 8.235447000000000184e-01 2.190000348652379860e-04
2.430000000000000000e+02 8.265504000000000184e-01 2.063278100176959759e-04
2.440000000000000000e+02 8.223593999999999626e-01 2.296304972373442441e-04
2.450000000000000000e+02 8.210150000000000503e-01 2.502556844892052336e-04
2.460000000000000000e+02 8.214919000000000526e-01 2.465413845338915145e-04
2.470000000000000000e+02 8.227522999999999920e-01 2.261580722791205536e-04
2.480000000000000000e+02 8.257565999999999518e-01 2.131076224361289019e-04
2.490000000000000000e+02 8.215590000000000392e-01 2.370626971479283763e-04
2.500000000000000000e+02 8.202072000000000251e-01 2.582947093924887116e-04
2.510000000000000000e+02 8.206780999999999660e-01 2.545147094379654148e-04
2.520000000000000000e+02 8.219336999999999893e-01 2.335691221899591457e-04
2.530000000000000000e+02 8.249370000000000314e-01 2.201279598516680657e-04
2.540000000000000000e+02 8.207320000000000171e-01 2.447576970553507923e-04
2.550000000000000000e+02 8.193721999999999950e-01 2.666207217923195088e-04
2.560000000000000000e+02 8.198368000000000322e-01 2.627772718385595375e-04
2.570000000000000000e+02 8.210880000000000400e-01 2.412514095975344902e-04
2.580000000000000000e+02 8.240904000000000007e-01 2.274063722641024219e-04
2.590000000000000000e+02 8.198773999999999784e-01 2.527343969593841017e-04
2.600000000000000000e+02 8.185088999999999837e-01 2.752544216884484870e-04
2.610000000000000000e+02 8.189669000000000532e-01 2.713499967354221650e-04
2.620000000000000000e+02 8.202139999999999986e-01 2.492246220016097616e-04
2.630000000000000000e+02 8.232159000000000004e-01 2.349617596732044987e-04
2.640000000000000000e+02 8.189940999999999471e-01 2.610133843597806460e-04
2.650000000000000000e+02 8.176162000000000152e-01 2.842183090806051126e-04
2.660000000000000000e+02 8.180673000000000528e-01 2.802556091282798587e-04
2.670000000000000000e+02 8.193106999999999474e-01 2.575103594019251241e-04
2.680000000000000000e+02 8.223122999999999960e-01 2.428144845787293528e-04
2.690000000000000000e+02 8.180809999999999471e-01 2.696169342562724168e-04
2.700000000000000000e+02 8.166929000000000549e-01 2.935367964684955974e-04
2.710000000000000000e+02 8.171367999999999965e-01 2.895187465168361967e-04
2.720000000000000000e+02 8.183766000000000096e-01 2.661317967982016548e-04
2.730000000000000000e+02 8.213781999999999472e-01 2.509867094804103197e-04
2.740000000000000000e+02 8.171367999999999965e-01 2.785693466485670514e-04
2.750000000000000000e+02 8.157377999999999574e-01 3.032364338518004276e-04
2.760000000000000000e+02 8.161741000000000135e-01 2.991662964007677688e-04
2.770000000000000000e+02 8.174105999999999872e-01 2.751142466901349763e-04
2.780000000000000000e+02 8.204122999999999832e-01 2.595028468779537198e-04
2.790000000000000000e+02 8.161601000000000550e-01 2.878970590363465155e-04
2.800000000000000000e+02 8.147493999999999570e-01 3.133463587301692048e-04
2.810000000000000000e+02 8.151777000000000051e-01 3.092277337797198463e-04
2.820000000000000000e+02 8.164110999999999452e-01 2.844854965773906553e-04
2.830000000000000000e+02 8.194131000000000054e-01 2.683893342710415189e-04
2.840000000000000000e+02 8.151492999999999656e-01 2.976288714192643070e-04
2.850000000000000000e+02 8.137261000000000077e-01 3.238980711032228457e-04
2.860000000000000000e+02 8.141462000000000421e-01 3.197353461533040736e-04
2.870000000000000000e+02 8.153768999999999600e-01 2.942763714595978352e-04
2.880000000000000000e+02 8.183791999999999733e-01 2.776758716593163544e-04
2.890000000000000000e+02 8.141030000000000211e-01 3.077971837969305908e-04
2.900000000000000000e+02 8.126664000000000110e-01 3.349267834705377798e-04
2.910000000000000000e+02 8.130777000000000143e-01 3.307245710210941379e-04
2.920000000000000000e+02 8.143057999999999685e-01 3.045201713363559831e-04
2.930000000000000000e+02 8.173086999999999991e-01 2.873940715423978806e-04
2.940000000000000000e+02 8.130195000000000061e-01 3.184365336689299144e-04
2.950000000000000000e+02 8.115685000000000260e-01 3.464705208316565927e-04
2.960000000000000000e+02 8.119705999999999868e-01 3.422338833826270321e-04
2.970000000000000000e+02 8.131962999999999830e-01 3.152535712072237583e-04
2.980000000000000000e+02 8.161998000000000308e-01 2.975793714198598388e-04
2.990000000000000000e+02 8.118967000000000267e-01 3.295852835348007503e-04
3.000000000000000000e+02 8.104306000000000010e-01 3.585713581860728899e-04
3.010000000000000000e+02 8.108229000000000131e-01 3.543064832373830843e-04
3.020000000000000000e+02 8.120462999999999987e-01 3.265175210717085859e-04
3.030000000000000000e+02 8.150505999999999585e-01 3.082710337912297868e-04
3.040000000000000000e+02 8.107328999999999786e-01 3.412862958940273230e-04
3.050000000000000000e+02 8.092504000000000364e-01 3.712762080332224581e-04
3.060000000000000000e+02 8.096324999999999772e-01 3.669899580847898004e-04
3.070000000000000000e+02 8.108537999999999579e-01 3.383572459292663310e-04
3.080000000000000000e+02 8.138587999999999933e-01 3.195124836559853107e-04
3.090000000000000000e+02 8.095255999999999563e-01 3.535867082460425687e-04
3.100000000000000000e+02 8.080258000000000163e-01 3.846365953724852483e-04
3.110000000000000000e+02 8.083972000000000380e-01 3.803368454242150626e-04
3.120000000000000000e+02 8.096164000000000138e-01 3.508230332792919726e-04
3.130000000000000000e+02 8.126221999999999612e-01 3.313520960135444269e-04
3.140000000000000000e+02 8.082726999999999551e-01 3.665389455902158490e-04
3.150000000000000000e+02 8.067543000000000353e-01 3.987100077031698444e-04
3.160000000000000000e+02 8.071142000000000039e-01 3.944056452549551148e-04
3.170000000000000000e+02 8.083314999999999806e-01 3.639701206211210828e-04
3.180000000000000000e+02 8.113380000000000036e-01 3.438428583632696417e-04
3.190000000000000000e+02 8.069712999999999470e-01 3.802007204258527344e-04
3.200000000000000000e+02 8.054333000000000187e-01 4.135597825245140749e-04
3.210000000000000000e+02 8.057811000000000279e-01 4.092609325762329745e-04
3.220000000000000000e+02 8.069963999999999471e-01 3.778607204540049844e-04
3.230000000000000000e+02 8.100034999999999874e-01 3.570449582044368493e-04
3.240000000000000000e+02 8.056187000000000209e-01 3.946371702521696040e-04
3.250000000000000000e+02 8.040595999999999854e-01 4.292572448356598300e-04
3.260000000000000000e+02 8.043947000000000180e-01 4.249759448871676571e-04
3.270000000000000000e+02 8.056081999999999965e-01 3.925645827771046545e-04
3.280000000000000000e+02 8.086155999999999899e-01 3.710256705362365947e-04
3.290000000000000000e+02 8.042118000000000322e-01 4.099216450682840475e-04
3.300000000000000000e+02 8.026303000000000187e-01 4.458826071356422008e-04
3.310000000000000000e+02 8.029517000000000460e-01 4.416325821867737411e-04
3.320000000000000000e+02 8.041633000000000253e-01 4.081602325894753713e-04
3.330000000000000000e+02 8.071709999999999718e-01 3.858608203577567914e-04
3.340000000000000000e+02 8.027471000000000467e-01 4.261360448732105896e-04
3.350000000000000000e+02 8.011416999999999566e-01 4.635256444233810361e-04
3.360000000000000000e+02 8.014485999999999555e-01 4.593226444739468292e-04
3.370000000000000000e+02 8.026581000000000410e-01 4.247357573900572788e-04
3.380000000000000000e+02 8.056657999999999875e-01 4.016354576679740610e-04
3.390000000000000000e+02 8.012209000000000136e-01 4.433727321658381942e-04
3.400000000000000000e+02 7.995898999999999646e-01 4.822878316976555416e-04
3.410000000000000000e+02 7.998813999999999647e-01 4.781505317474308040e-04
3.420000000000000000e+02 8.010888000000000453e-01 4.423915071776431313e-04
3.430000000000000000e+02 8.040960999999999803e-01 4.184470074657164270e-04
3.440000000000000000e+02 7.996290000000000342e-01 4.617370069448998833e-04
3.450000000000000000e+02 7.979705999999999744e-01 5.022842564570810259e-04
3.460000000000000000e+02 7.982455000000000522e-01 4.982336940058128315e-04
3.470000000000000000e+02 7.994504999999999528e-01 4.612404319508741257e-04
3.480000000000000000e+02 8.024569999999999759e-01 4.364047072496695734e-04
3.490000000000000000e+02 7.979667000000000288e-01 4.813476692089664242e-04
3.500000000000000000e+02 7.962791999999999648e-01 5.236451937000902472e-04
3.510000000000000000e+02 7.965362999999999749e-01 5.197067937474726847e-04
3.520000000000000000e+02 7.977387000000000228e-01 4.814129192081814321e-04
3.530000000000000000e+02 8.007438000000000056e-01 4.556355695183055324e-04
3.540000000000000000e+02 7.962291000000000230e-01 5.023418564563880218e-04
3.550000000000000000e+02 7.945100999999999969e-01 5.465210559248736806e-04
3.560000000000000000e+02 7.947482999999999631e-01 5.427242934705519672e-04
3.570000000000000000e+02 7.959475999999999773e-01 5.030580314477718163e-04
3.580000000000000000e+02 7.989505999999999553e-01 4.762846067698795079e-04
3.590000000000000000e+02 7.944103000000000137e-01 5.248766186852751783e-04
3.600000000000000000e+02 7.926577999999999680e-01 5.710838556293616405e-04
3.610000000000000000e+02 7.928752999999999496e-01 5.674632681729204322e-04
3.620000000000000000e+02 7.940711000000000297e-01 5.263475561675784974e-04
3.630000000000000000e+02 7.970711999999999797e-01 4.985192190023777581e-04
3.640000000000000000e+02 7.925039000000000389e-01 5.491329683934499835e-04
3.650000000000000000e+02 7.907153000000000098e-01 5.975319303111681574e-04
3.660000000000000000e+02 7.909106999999999665e-01 5.941285803521134537e-04
3.670000000000000000e+02 7.921023999999999843e-01 5.514803933652084877e-04
3.680000000000000000e+02 7.950983999999999829e-01 5.225339187134598468e-04
3.690000000000000000e+02 7.905029000000000083e-01 5.753209430783857168e-04
3.700000000000000000e+02 7.886754000000000264e-01 6.260953424675252737e-04
3.710000000000000000e+02 7.888467999999999591e-01 6.229580550052696069e-04
3.720000000000000000e+02 7.900335000000000552e-01 5.786884055378722176e-04
3.730000000000000000e+02 7.930243000000000153e-01 5.485555059003973614e-04
3.740000000000000000e+02 7.883987999999999552e-01 6.036860177371291278e-04
3.750000000000000000e+02 7.865294999999999925e-01 6.570431920951956030e-04
3.760000000000000000e+02 7.866748000000000074e-01 6.542301296290391676e-04
3.770000000000000000e+02 7.878559000000000534e-01 6.082441801822903926e-04
3.780000000000000000e+02 7.908399000000000401e-01 5.768520680599649843e-04
3.790000000000000000e+02 7.861831000000000236e-01 6.345174298662002764e-04
3.800000000000000000e+02 7.842683999999999767e-01 6.906921666903689935e-04
3.810000000000000000e+02 7.843849999999999989e-01 6.882730792194727667e-04
3.820000000000000000e+02 7.855590000000000073e-01 6.404684547946042604e-04
3.830000000000000000e+02 7.885343999999999687e-01 6.077390551883675917e-04
3.840000000000000000e+02 7.838446000000000025e-01 6.681565044614928058e-04
3.850000000000000000e+02 7.818810000000000482e-01 7.274172287485343880e-04
3.860000000000000000e+02 7.819665000000000088e-01 7.254771662718750456e-04
3.870000000000000000e+02 7.831320999999999977e-01 6.757468793701738646e-04
3.880000000000000000e+02 7.860966000000000342e-01 6.415979547810153616e-04
3.890000000000000000e+02 7.813719999999999555e-01 7.050148790180543181e-04
3.900000000000000000e+02 7.793550999999999673e-01 7.676686032642752273e-04
3.910000000000000000e+02 7.794060000000000432e-01 7.663106157806129966e-04
3.920000000000000000e+02 7.805615000000000192e-01 7.145407039034502297e-04
3.930000000000000000e+02 7.835123999999999977e-01 6.788856293324119781e-04
3.940000000000000000e+02 7.787511000000000294e-01 7.455862035299458401e-04
3.950000000000000000e+02 7.766762000000000388e-01 8.119879777310743969e-04
3.960000000000000000e+02 7.766891000000000211e-01 8.113389652388826269e-04
3.970000000000000000e+02 7.778323000000000320e-01 7.574110783876821310e-04
3.980000000000000000e+02 7.807663000000000242e-01 7.201606413358375893e-04
3.990000000000000000e+02 7.759662999999999977e-01 7.904737029899098610e-04
4.000000000000000000e+02 7.738279999999999603e-01 8.610367396409747973e-04
4.010000000000000000e+02 7.737984999999999447e-01 8.612536396383652527e-04
4.020000000000000000e+02 7.749266000000000210e-01 8.050468403145821491e-04
4.030000000000000000e+02 7.778393999999999586e-01 7.661109282830153109e-04
4.040000000000000000e+02 7.729983999999999744e-01 8.404211148889988636e-04
4.050000000000000000e+02 7.707907000000000508e-01 9.156313014841544569e-04
4.060000000000000000e+02 7.707140999999999575e-01 9.169123389687424850e-04
4.070000000000000000e+02 7.718239000000000072e-01 8.583073771738113826e-04
4.080000000000000000e+02 7.747106999999999744e-01 8.175994776635630169e-04
4.090000000000000000e+02 7.698260999999999576e-01 8.963619642159815050e-04
4.100000000000000000e+02 7.675416999999999934e-01 9.767958632482913461e-04
4.110000000000000000e+02 7.674119000000000357e-01 9.793911257170680781e-04
4.120000000000000000e+02 7.684992000000000489e-01 9.182747139523519475e-04
4.130000000000000000e+02 7.713537000000000310e-01 8.757177644643492770e-04
4.140000000000000000e+02 7.664231000000000238e-01 9.594773884566477375e-04
4.150000000000000000e+02 7.640538999999999525e-01 1.045828337417770322e-03
4.160000000000000000e+02 7.638639000000000401e-01 1.050060924866848483e-03
4.170000000000000000e+02 7.649234000000000311e-01 9.863369881335031734e-04
4.180000000000000000e+02 7.677376999999999674e-01 9.418730511684432613e-04
4.190000000000000000e+02 7.627580000000000471e-01 1.031292100092653843e-03
4.200000000000000000e+02 7.602944000000000369e-01 1.124404411472431286e-03
4.210000000000000000e+02 7.600358999999999865e-01 1.130695861396739665e-03
4.220000000000000000e+02 7.610611000000000459e-01 1.064300837195529927e-03
4.230000000000000000e+02 7.638255000000000461e-01 1.017909212753661695e-03
4.240000000000000000e+02 7.587933000000000039e-01 1.113805449099946080e-03
4.250000000000000000e+02 7.562240999999999547e-01 1.214723235385816759e-03
4.260000000000000000e+02 7.558865000000000167e-01 1.223632110278635287e-03
4.270000000000000000e+02 7.568686999999999498e-01 1.154561611109613780e-03
4.280000000000000000e+02 7.595705999999999847e-01 1.106285386690419089e-03
4.290000000000000000e+02 7.544823000000000501e-01 1.209688860446384712e-03
4.300000000000000000e+02 7.517939999999999623e-01 1.319727359122525477e-03
4.310000000000000000e+02 7.513649000000000022e-01 1.332013483974712467e-03
4.320000000000000000e+02 7.522931999999999952e-01 1.260368984836658613e-03
4.330000000000000000e+02 7.549164000000000430e-01 1.210363860438263932e-03
4.340000000000000000e+02 7.497677000000000369e-01 1.322601734087944150e-03
4.350000000000000000e+02 7.469441999999999471e-01 1.443452607634002375e-03
4.360000000000000000e+02 7.464074000000000542e-01 1.460168982432889784e-03
4.370000000000000000e+02 7.472672000000000203e-01 1.386235108322379046e-03
4.380000000000000000e+02 7.497905999999999738e-01 1.334856358940510277e-03
4.390000000000000000e+02 7.445766000000000329e-01 1.457693982462666266e-03
4.400000000000000000e+02 7.415981999999999852e-01 1.591599355851667326e-03
4.410000000000000000e+02 7.409337999999999758e-01 1.614256855579077748e-03
4.420000000000000000e+02 7.417059000000000291e-01 1.538650106488693428e-03
4.430000000000000000e+02 7.441014000000000239e-01 1.486613232114742484e-03
4.440000000000000000e+02 7.388158999999999699e-01 1.622491855480003671e-03
4.450000000000000000e+02 7.356584000000000456e-01 1.772534228674862771e-03
4.460000000000000000e+02 7.348400999999999961e-01 1.803392978303604809e-03
4.470000000000000000e+02 7.354983999999999966e-01 1.727341854218566401e-03
4.480000000000000000e+02 7.377280999999999977e-01 1.676040729835763824e-03
4.490000000000000000e+02 7.323638000000000092e-01 1.828519853001306763e-03
4.500000000000000000e+02 7.289970000000000061e-01 1.999174475948182171e-03
4.510000000000000000e+02 7.279906000000000432e-01 2.041796225435405388e-03
4.520000000000000000e+02 7.284988000000000019e-01 1.967699226326856832e-03
4.530000000000000000e+02 7.305101000000000511e-01 1.919840601902638322e-03
4.540000000000000000e+02 7.250571999999999573e-01 2.094476599801614256e-03
4.550000000000000000e+02 7.214426000000000450e-01 2.292661097417281364e-03
4.560000000000000000e+02 7.202022999999999620e-01 2.353022971691075445e-03
4.570000000000000000e+02 7.205093999999999665e-01 2.285608472502130908e-03
4.580000000000000000e+02 7.222279000000000337e-01 2.246552972972002196e-03
4.590000000000000000e+02 7.166727999999999987e-01 2.452654095492425457e-03
4.600000000000000000e+02 7.127605999999999664e-01 2.689856967638667561e-03
4.610000000000000000e+02 7.112233999999999501e-01 2.778629591570655651e-03
4.620000000000000000e+02 7.112549999999999706e-01 2.727429717186634697e-03
4.630000000000000000e+02 7.125721000000000416e-01 2.708063967419621545e-03
4.640000000000000000e+02 7.068944000000000338e-01 2.962306089360866417e-03
4.650000000000000000e+02 7.026192999999999467e-01 3.258910085792460654e-03
4.660000000000000000e+02 7.006968999999999559e-01 3.396280459139775030e-03
4.670000000000000000e+02 7.003420000000000201e-01 3.381112084322263935e-03
4.680000000000000000e+02 7.010939999999999950e-01 3.404287084043448614e-03
4.690000000000000000e+02 6.952593000000000245e-01 3.738254580025527057e-03
4.700000000000000000e+02 6.905341999999999869e-01 4.132479325282658981e-03
4.710000000000000000e+02 6.881013000000000268e-01 4.358665072561445850e-03
4.720000000000000000e+02 6.871891999999999445e-01 4.422534696793038733e-03
4.730000000000000000e+02 6.871220999999999579e-01 4.538660570395943068e-03
4.740000000000000000e+02 6.810665000000000191e-01 5.016247814650150877e-03
4.750000000000000000e+02 6.757750000000000146e-01 5.585291932804051923e-03
4.760000000000000000e+02 6.726501000000000285e-01 5.988211802956573855e-03
4.770000000000000000e+02 6.709089999999999776e-01 6.235255049984427499e-03
4.780000000000000000e+02 6.696191999999999700e-01 6.572342170928974214e-03
4.790000000000000000e+02 6.632145000000000401e-01 7.350386536568420323e-03
4.800000000000000000e+02 6.571987999999999719e-01 8.292306275236301788e-03
4.810000000000000000e+02 6.531156000000000184e-01 9.129270265166893744e-03
4.820000000000000000e+02 6.500974000000000474e-01 9.923452755612183207e-03
4.830000000000000000e+02 6.469432999999999989e-01 1.103681461721746707e-02
4.840000000000000000e+02 6.399200999999999917e-01 1.302464234330216047e-02
4.850000000000000000e+02 6.329015999999999531e-01 1.596774355789407768e-02
4.860000000000000000e+02 6.272811000000000359e-01 2.018552600715046302e-02
4.870000000000000000e+02 6.220347000000000515e-01 2.672331717849511790e-02
4.880000000000000000e+02 6.160938999999999721e-01 3.724783830187591849e-02
4.890000000000000000e+02 6.081014999999999615e-01 5.335237060812431098e-02
4.900000000000000000e+02 6.002728999999999981e-01 7.397139286005943726e-02
4.910000000000000000e+02 5.931741999999999848e-01 9.423056136632390611e-02
4.920000000000000000e+02 5.846871999999999625e-01 1.064622699691657598e-01
4.930000000000000000e+02 5.733597000000000277e-01 1.026969962644652956e-01
4.940000000000000000e+02 5.596746999999999694e-01 8.060034278030736576e-02
4.950000000000000000e+02 5.449005000000000098e-01 4.886200066214738819e-02
4.960000000000000000e+02 5.292717000000000116e-01 2.179084473783707634e-02
4.970000000000000000e+02 5.125296000000000296e-01 6.785733293361692099e-03
4.980000000000000000e+02 4.942079999999999806e-01 1.377491608427570914e-03
4.990000000000000000e+02 4.739805999999999742e-01 1.621731355489153205e-04
5.000000000000000000e+02 4.531025000000000191e-01 8.319831649905147329e-06
5.010000000000000000e+02 4.378076000000000190e-01 0.000000000000000000e+00
