1.000000000000000000e+00 2.650326000000000071e-01 1.298349969680519819e-04
2.000000000000000000e+00 2.624052000000000051e-01 1.465766765770949547e-04
3.000000000000000000e+00 2.618789999999999729e-01 1.758547158933849107e-04
4.000000000000000000e+00 2.579249000000000125e-01 2.139919150027929534e-04
5.000000000000000000e+00 2.583466999999999847e-01 2.499859941622477907e-04
6.000000000000000000e+00 2.597771999999999859e-01 2.814518734274466328e-04
7.000000000000000000e+00 2.599092000000000069e-01 3.115659527242130820e-04
8.000000000000000000e+00 2.593373999999999957e-01 3.415179520247645269e-04
9.000000000000000000e+00 2.592297000000000073e-01 3.699627913605116184e-04
1.000000000000000000e+01 2.595573999999999937e-01 3.968165107334150092e-04
1.100000000000000000e+01 2.595791000000000071e-01 4.239063901008035921e-04
1.200000000000000000e+01 2.593368999999999813e-01 4.520367894438935639e-04
1.300000000000000000e+01 2.591814000000000062e-01 4.805879887771569246e-04
1.400000000000000000e+01 2.591810999999999976e-01 5.091111881110741604e-04
1.500000000000000000e+01 2.591465000000000019e-01 5.380083874362575312e-04
1.600000000000000000e+01 2.590047999999999795e-01 5.676431867442163900e-04
1.700000000000000000e+01 2.588624999999999954e-01 5.977691860407044911e-04
1.800000000000000000e+01 2.587728999999999724e-01 6.280699853331105477e-04
1.900000000000000000e+01 2.586865999999999888e-01 6.585959846202577147e-04
2.000000000000000000e+01 2.585617000000000054e-01 6.895123838982881396e-04
2.100000000000000000e+01 2.584215000000000262e-01 7.207587831686123724e-04
2.200000000000000000e+01 2.582949999999999968e-01 7.521659824351814442e-04
2.300000000000000000e+01 2.581727999999999801e-01 7.836999816987895396e-04
2.400000000000000000e+01 2.580357999999999818e-01 8.154259809579139043e-04
2.500000000000000000e+01 2.578864000000000156e-01 8.473419802126014528e-04
2.600000000000000000e+01 2.577365999999999824e-01 8.793711794646453953e-04
2.700000000000000000e+01 2.575870000000000104e-01 9.114735787149800096e-04
2.800000000000000000e+01 2.574301999999999979e-01 9.436691779631381028e-04
2.900000000000000000e+01 2.572645000000000071e-01 9.759655772089423972e-04
3.000000000000000000e+01 2.570941999999999950e-01 1.008331976453112058e-03
3.100000000000000000e+01 2.569210000000000105e-01 1.040740775696291339e-03
3.200000000000000000e+01 2.567425999999999875e-01 1.073192374938471269e-03
3.300000000000000000e+01 2.565572999999999881e-01 1.105691974179530456e-03
3.400000000000000000e+01 2.563664999999999972e-01 1.138227973419739464e-03
3.500000000000000000e+01 2.561711999999999878e-01 1.170784372659472092e-03
3.600000000000000000e+01 2.559709000000000012e-01 1.203355971898849731e-03
3.700000000000000000e+01 2.557647000000000115e-01 1.235944371137835196e-03
3.800000000000000000e+01 2.555528000000000244e-01 1.268545170376531072e-03
3.900000000000000000e+01 2.553358000000000017e-01 1.301149569615142739e-03
4.000000000000000000e+01 2.551135999999999959e-01 1.333753168853773000e-03
4.100000000000000000e+01 2.548857999999999957e-01 1.366354368092459470e-03
4.200000000000000000e+01 2.546525000000000039e-01 1.398951567331239336e-03
4.300000000000000000e+01 2.544137000000000204e-01 1.431540766570205993e-03
4.400000000000000000e+01 2.541695999999999955e-01 1.464117565809462240e-03
4.500000000000000000e+01 2.539200999999999819e-01 1.496681165049026886e-03
4.600000000000000000e+01 2.536649000000000265e-01 1.529229964288937116e-03
4.700000000000000000e+01 2.534043000000000267e-01 1.561761963529239303e-03
4.800000000000000000e+01 2.531381999999999799e-01 1.594273962770008900e-03
4.900000000000000000e+01 2.528665999999999969e-01 1.626765162011264282e-03
5.000000000000000000e+01 2.525895000000000223e-01 1.659234361253033229e-03
5.100000000000000000e+01 2.523067999999999977e-01 1.691680360495343956e-03
5.200000000000000000e+01 2.520185999999999815e-01 1.724100759738252239e-03
5.300000000000000000e+01 2.517248999999999737e-01 1.756495158981768133e-03
5.400000000000000000e+01 2.514255000000000240e-01 1.788862358225918985e-03
5.500000000000000000e+01 2.511206000000000271e-01 1.821201157470733224e-03
5.600000000000000000e+01 2.508100999999999803e-01 1.853510356716238415e-03
5.700000000000000000e+01 2.504940999999999973e-01 1.885789555962444396e-03
5.800000000000000000e+01 2.501724000000000170e-01 1.918037155209388134e-03
5.900000000000000000e+01 2.498450999999999866e-01 1.950252754457079251e-03
6.000000000000000000e+01 2.495121999999999896e-01 1.982435553705536556e-03
6.100000000000000000e+01 2.491736999999999980e-01 2.014584352954787612e-03
6.200000000000000000e+01 2.488295000000000090e-01 2.046698352204851228e-03
6.300000000000000000e+01 2.484795999999999949e-01 2.078776751455746214e-03
6.400000000000000000e+01 2.481240999999999863e-01 2.110819150707481974e-03
6.500000000000000000e+01 2.477629000000000081e-01 2.142824749960076883e-03
6.600000000000000000e+01 2.473961000000000077e-01 2.174792349213559590e-03
6.700000000000000000e+01 2.470235000000000070e-01 2.206721148467948035e-03
6.800000000000000000e+01 2.466452000000000089e-01 2.238611147723242652e-03
6.900000000000000000e+01 2.462612000000000134e-01 2.270460746979481061e-03
7.000000000000000000e+01 2.458714999999999928e-01 2.302269546236671363e-03
7.100000000000000000e+01 2.454759999999999998e-01 2.334037145494824265e-03
7.200000000000000000e+01 2.450748000000000093e-01 2.365762344753967548e-03
7.300000000000000000e+01 2.446677999999999908e-01 2.397444344014119585e-03
7.400000000000000000e+01 2.442549999999999999e-01 2.429082343275298754e-03
7.500000000000000000e+01 2.438364000000000087e-01 2.460676342537505487e-03
7.600000000000000000e+01 2.434120999999999924e-01 2.492224741800777403e-03
7.700000000000000000e+01 2.429819000000000007e-01 2.523727541065114068e-03
7.800000000000000000e+01 2.425459000000000087e-01 2.555183540330543696e-03
7.900000000000000000e+01 2.421040000000000136e-01 2.586591939597085096e-03
8.000000000000000000e+01 2.416562999999999906e-01 2.617952338864746806e-03
8.100000000000000000e+01 2.412026999999999921e-01 2.649263938133548501e-03
8.200000000000000000e+01 2.407432999999999934e-01 2.680525137403526933e-03
8.300000000000000000e+01 2.402778999999999887e-01 2.711736336674673131e-03
8.400000000000000000e+01 2.398067000000000115e-01 2.742895935947024279e-03
8.500000000000000000e+01 2.393295000000000006e-01 2.774003135220599187e-03
8.600000000000000000e+01 2.388463999999999865e-01 2.805057534495407259e-03
8.700000000000000000e+01 2.383572999999999942e-01 2.836057933771475841e-03
8.800000000000000000e+01 2.378622999999999987e-01 2.867003533048824611e-03
8.900000000000000000e+01 2.373612999999999973e-01 2.897893932327462105e-03
9.000000000000000000e+01 2.368542999999999898e-01 2.928727931607416970e-03
9.100000000000000000e+01 2.363413000000000042e-01 2.959504330888716554e-03
9.200000000000000000e+01 2.358223000000000125e-01 2.990223130171361290e-03
9.300000000000000000e+01 2.352972000000000119e-01 3.020882329455398200e-03
9.400000000000000000e+01 2.347661000000000053e-01 3.051481928740826417e-03
9.500000000000000000e+01 2.342288999999999899e-01 3.082020728027674589e-03
9.600000000000000000e+01 2.336855999999999933e-01 3.112497527315970496e-03
9.700000000000000000e+01 2.331361999999999879e-01 3.142911526605733381e-03
9.800000000000000000e+01 2.325807000000000013e-01 3.173262325896972214e-03
9.900000000000000000e+01 2.320190000000000030e-01 3.203547925189733150e-03
1.000000000000000000e+02 2.314511999999999958e-01 3.233768324484016625e-03
1.010000000000000000e+02 2.308772000000000046e-01 3.263921923779860255e-03
1.020000000000000000e+02 2.302970000000000017e-01 3.294007523077291822e-03
1.030000000000000000e+02 2.297105999999999870e-01 3.324024322376330134e-03
1.040000000000000000e+02 2.291179999999999883e-01 3.353971121677002537e-03
1.050000000000000000e+02 2.285192000000000057e-01 3.383847120979329142e-03
1.060000000000000000e+02 2.279140000000000055e-01 3.413651120283336862e-03
1.070000000000000000e+02 2.273025999999999935e-01 3.443381519589062880e-03
1.080000000000000000e+02 2.266848999999999947e-01 3.473037518896526440e-03
1.090000000000000000e+02 2.260609000000000091e-01 3.502618318205746352e-03
1.100000000000000000e+02 2.254305000000000059e-01 3.532122317516759799e-03
1.110000000000000000e+02 2.247937000000000130e-01 3.561548716829585157e-03
1.120000000000000000e+02 2.241506000000000054e-01 3.590895516144269016e-03
1.130000000000000000e+02 2.235011000000000081e-01 3.620161915460831051e-03
1.140000000000000000e+02 2.228450999999999904e-01 3.649347114779289206e-03
1.150000000000000000e+02 2.221827000000000107e-01 3.678448714099699039e-03
1.160000000000000000e+02 2.215138000000000107e-01 3.707465913422080660e-03
1.170000000000000000e+02 2.208383999999999903e-01 3.736397112746469955e-03
1.180000000000000000e+02 2.201565000000000050e-01 3.765241112072895569e-03
1.190000000000000000e+02 2.194680999999999993e-01 3.793996311401395122e-03
1.200000000000000000e+02 2.187730999999999981e-01 3.822661510731995959e-03
1.210000000000000000e+02 2.180716000000000043e-01 3.851234310064755376e-03
1.220000000000000000e+02 2.173634000000000122e-01 3.879714309399681475e-03
1.230000000000000000e+02 2.166485999999999967e-01 3.908098708736839656e-03
1.240000000000000000e+02 2.159271000000000107e-01 3.936387108076240191e-03
1.250000000000000000e+02 2.151990000000000014e-01 3.964577107417938638e-03
1.260000000000000000e+02 2.144640999999999909e-01 3.992667106761971750e-03
1.270000000000000000e+02 2.137225000000000097e-01 4.020655906108368607e-03
1.280000000000000000e+02 2.129742000000000024e-01 4.048539905457212117e-03
1.290000000000000000e+02 2.122190999999999939e-01 4.076319904808485203e-03
1.300000000000000000e+02 2.114572000000000118e-01 4.103995904162186133e-03
1.310000000000000000e+02 2.106883999999999979e-01 4.131559903518502996e-03
1.320000000000000000e+02 2.099128000000000105e-01 4.159011902877434927e-03
1.330000000000000000e+02 2.091302999999999912e-01 4.186351902238982792e-03
1.340000000000000000e+02 2.083408999999999955e-01 4.213579901603145723e-03
1.350000000000000000e+02 2.075444999999999929e-01 4.240687900970111814e-03
1.360000000000000000e+02 2.067412000000000138e-01 4.267675900339879327e-03
1.370000000000000000e+02 2.059307999999999972e-01 4.294547899712355954e-03
1.380000000000000000e+02 2.051135000000000042e-01 4.321291899087821228e-03
1.390000000000000000e+02 2.042889999999999984e-01 4.347911898466182840e-03
1.400000000000000000e+02 2.034575000000000133e-01 4.374399897847626277e-03
1.410000000000000000e+02 2.026188999999999907e-01 4.400759897232060097e-03
1.420000000000000000e+02 2.017730000000000079e-01 4.426987896619574876e-03
1.430000000000000000e+02 2.009200999999999904e-01 4.453079896010266395e-03
1.440000000000000000e+02 2.000598000000000098e-01 4.479031895404226964e-03
1.450000000000000000e+02 1.991923999999999917e-01 4.504843894801456583e-03
1.460000000000000000e+02 1.983176000000000105e-01 4.530511894202050166e-03
1.470000000000000000e+02 1.974355999999999889e-01 4.556035893606005110e-03
1.480000000000000000e+02 1.965462000000000042e-01 4.581407893013510375e-03
1.490000000000000000e+02 1.956494000000000011e-01 4.606623892424658272e-03
1.500000000000000000e+02 1.947452000000000072e-01 4.631687891839355621e-03
1.510000000000000000e+02 1.938334999999999919e-01 4.656595891257696469e-03
1.520000000000000000e+02 1.929144000000000136e-01 4.681339890679866306e-03
1.530000000000000000e+02 1.919877000000000111e-01 4.705919890105865998e-03
1.540000000000000000e+02 1.910534999999999872e-01 4.730327889535883637e-03
1.550000000000000000e+02 1.901116999999999946e-01 4.754567888969823443e-03
1.560000000000000000e+02 1.891622000000000026e-01 4.778627888407966685e-03
1.570000000000000000e+02 1.882050999999999863e-01 4.802511887850220186e-03
1.580000000000000000e+02 1.872402999999999984e-01 4.826215887296676256e-03
1.590000000000000000e+02 1.862677000000000083e-01 4.849727886747617032e-03
1.600000000000000000e+02 1.852872999999999881e-01 4.873051886202947602e-03
1.610000000000000000e+02 1.842990999999999935e-01 4.896179885662855190e-03
1.620000000000000000e+02 1.833030999999999966e-01 4.919111885127339795e-03
1.630000000000000000e+02 1.822990999999999917e-01 4.941835884596681820e-03
1.640000000000000000e+02 1.812872000000000094e-01 4.964355884070787220e-03
1.650000000000000000e+02 1.802672999999999914e-01 4.986659883549937264e-03
1.660000000000000000e+02 1.792393999999999932e-01 5.008751883034037906e-03
1.670000000000000000e+02 1.782034000000000118e-01 5.030619882523369550e-03
1.680000000000000000e+02 1.771591999999999889e-01 5.052259882018025373e-03
1.690000000000000000e+02 1.761069000000000107e-01 5.073671881518005376e-03
1.700000000000000000e+02 1.750464999999999938e-01 5.094843881023589961e-03
1.710000000000000000e+02 1.739777000000000129e-01 5.115775880534779996e-03
1.720000000000000000e+02 1.729006999999999905e-01 5.136455880051853280e-03
1.730000000000000000e+02 1.718153000000000041e-01 5.156887879574719238e-03
1.740000000000000000e+02 1.707214999999999983e-01 5.177059879103656538e-03
1.750000000000000000e+02 1.696193000000000006e-01 5.196963878638851536e-03
1.760000000000000000e+02 1.685086000000000084e-01 5.216595878180399146e-03
1.770000000000000000e+02 1.673893999999999938e-01 5.235951877728391678e-03
1.780000000000000000e+02 1.662616000000000094e-01 5.255023877283016356e-03
1.790000000000000000e+02 1.651250999999999969e-01 5.273803876844459539e-03
1.800000000000000000e+02 1.639799999999999869e-01 5.292287876412815270e-03
1.810000000000000000e+02 1.628261000000000014e-01 5.310463875988363953e-03
1.820000000000000000e+02 1.616634999999999878e-01 5.328327875571197900e-03
1.830000000000000000e+02 1.604919999999999958e-01 5.345871875161504333e-03
1.840000000000000000e+02 1.593115999999999977e-01 5.363087874759472212e-03
1.850000000000000000e+02 1.581222999999999934e-01 5.379967874365283557e-03
1.860000000000000000e+02 1.569240000000000079e-01 5.396499873979223975e-03
1.870000000000000000e+02 1.557166000000000106e-01 5.412683873601290864e-03
1.880000000000000000e+02 1.545002000000000042e-01 5.428503873231856937e-03
1.890000000000000000e+02 1.532745000000000080e-01 5.443951872871109418e-03
1.900000000000000000e+02 1.520396999999999998e-01 5.459023872519144088e-03
1.910000000000000000e+02 1.507956000000000019e-01 5.473699872176425105e-03
1.920000000000000000e+02 1.495421000000000111e-01 5.487979871842953335e-03
1.930000000000000000e+02 1.482791999999999999e-01 5.501847871519103227e-03
1.940000000000000000e+02 1.470068999999999959e-01 5.515295871205062005e-03
1.950000000000000000e+02 1.457250999999999963e-01 5.528307870901201515e-03
1.960000000000000000e+02 1.444336999999999982e-01 5.540879870607616671e-03
1.970000000000000000e+02 1.431325999999999987e-01 5.552995870324679319e-03
1.980000000000000000e+02 1.418219000000000007e-01 5.564643870052672463e-03
1.990000000000000000e+02 1.405013999999999985e-01 5.575811869791873036e-03
2.000000000000000000e+02 1.391710999999999920e-01 5.586483869542658090e-03
2.010000000000000000e+02 1.378309000000000062e-01 5.596651869305210511e-03
2.020000000000000000e+02 1.364807000000000103e-01 5.606299869079908217e-03
2.030000000000000000e+02 1.351206000000000074e-01 5.615411868867121320e-03
2.040000000000000000e+02 1.337502999999999886e-01 5.623975868667131957e-03
2.050000000000000000e+02 1.323699000000000126e-01 5.631975868480313709e-03
2.060000000000000000e+02 1.309791999999999901e-01 5.639391868307133335e-03
2.070000000000000000e+02 1.295783000000000074e-01 5.646207868147963549e-03
2.080000000000000000e+02 1.281670000000000031e-01 5.652411868003086488e-03
2.090000000000000000e+02 1.267453000000000052e-01 5.657979867873059489e-03
2.100000000000000000e+02 1.253131000000000106e-01 5.662899867758166422e-03
2.110000000000000000e+02 1.238703000000000026e-01 5.667147867658966359e-03
2.120000000000000000e+02 1.224168999999999952e-01 5.670703867575924324e-03
2.130000000000000000e+02 1.209527999999999992e-01 5.673547867509511414e-03
2.140000000000000000e+02 1.194778999999999980e-01 5.675659867460191785e-03
2.150000000000000000e+02 1.179921000000000025e-01 5.677019867428432197e-03
2.160000000000000000e+02 1.164953999999999990e-01 5.677599867414888368e-03
2.170000000000000000e+02 1.149875999999999954e-01 5.677375867420118502e-03
2.180000000000000000e+02 1.134687999999999947e-01 5.676323867444685138e-03
2.190000000000000000e+02 1.119388999999999940e-01 5.674415867489241393e-03
2.200000000000000000e+02 1.103975999999999985e-01 5.671627867554348071e-03
2.210000000000000000e+02 1.088451000000000002e-01 5.667927867640751467e-03
2.220000000000000000e+02 1.072811999999999932e-01 5.663291867749013254e-03
2.230000000000000000e+02 1.057058000000000025e-01 5.657683867879972905e-03
2.240000000000000000e+02 1.041189000000000003e-01 5.651067868034470761e-03
2.250000000000000000e+02 1.025203999999999976e-01 5.643419868213070227e-03
2.260000000000000000e+02 1.009101000000000026e-01 5.634695868416795400e-03
2.270000000000000000e+02 9.928808999999999552e-02 5.624859868646488355e-03
2.280000000000000000e+02 9.765421000000000518e-02 5.613875868902990299e-03
2.290000000000000000e+02 9.600838999999999901e-02 5.601703869187235618e-03
2.300000000000000000e+02 9.435055999999999998e-02 5.588295869500343321e-03
2.310000000000000000e+02 9.268063999999999469e-02 5.573607869843340973e-03
2.320000000000000000e+02 9.099856000000000611e-02 5.557599870217165561e-03
2.330000000000000000e+02 8.930422999999999834e-02 5.540211870623215629e-03
2.340000000000000000e+02 8.759759000000000295e-02 5.521395871062612787e-03
2.350000000000000000e+02 8.587857000000000129e-02 5.501095871536665002e-03
2.360000000000000000e+02 8.414707999999999910e-02 5.479251872046772553e-03
2.370000000000000000e+02 8.240306000000000020e-02 5.455803872594337453e-03
2.380000000000000000e+02 8.064644999999999453e-02 5.430683873180948071e-03
2.390000000000000000e+02 7.887716999999999645e-02 5.403827873808097863e-03
2.400000000000000000e+02 7.709517000000000453e-02 5.375155874477655603e-03
2.410000000000000000e+02 7.530038999999999483e-02 5.344591875191396016e-03
2.420000000000000000e+02 7.349277999999999367e-02 5.312051875951281053e-03
2.430000000000000000e+02 7.167228000000000487e-02 5.277443876759457288e-03
2.440000000000000000e+02 6.983884999999999399e-02 5.240675877618075629e-03
2.450000000000000000e+02 6.799246999999999930e-02 5.201647878529469006e-03
2.460000000000000000e+02 6.613309000000000548e-02 5.160243879496349134e-03
2.470000000000000000e+02 6.426070999999999867e-02 5.116351880521329346e-03
2.480000000000000000e+02 6.237531000000000325e-02 5.069843881607397421e-03
2.490000000000000000e+02 6.047691000000000178e-02 5.020579882757826747e-03
2.500000000000000000e+02 5.856552999999999759e-02 4.968411883976070129e-03
2.510000000000000000e+02 5.664120000000000266e-02 4.913179885265865979e-03
2.520000000000000000e+02 5.470400000000000262e-02 4.854707886631321953e-03
2.530000000000000000e+02 5.275400999999999702e-02 4.792803888076923625e-03
2.540000000000000000e+02 5.079136000000000067e-02 4.727255889607621595e-03
2.550000000000000000e+02 4.881619999999999709e-02 4.657835891228739172e-03
2.560000000000000000e+02 4.682874000000000064e-02 4.584287892946255390e-03
2.570000000000000000e+02 4.482923999999999937e-02 4.506323894766895571e-03
2.580000000000000000e+02 4.281804000000000165e-02 4.423635896697851802e-03
2.590000000000000000e+02 4.079553999999999819e-02 4.335871898747344598e-03
2.600000000000000000e+02 3.876227000000000145e-02 4.242635900924621173e-03
2.610000000000000000e+02 3.671885999999999900e-02 4.143483903240050351e-03
2.620000000000000000e+02 3.466613999999999807e-02 4.037919905705214009e-03
2.630000000000000000e+02 3.260513000000000300e-02 3.925373508333432869e-03
2.640000000000000000e+02 3.053708999999999937e-02 3.805198311139802812e-03
2.650000000000000000e+02 2.846365999999999827e-02 3.676659514141481216e-03
2.660000000000000000e+02 2.638690999999999953e-02 3.538920317358011051e-03
2.670000000000000000e+02 2.430952000000000113e-02 3.391040720811342151e-03
2.680000000000000000e+02 2.223504999999999926e-02 3.231983924525686381e-03
2.690000000000000000e+02 2.016826000000000035e-02 3.060659128526517850e-03
2.700000000000000000e+02 1.811565999999999871e-02 2.876011132838476262e-03
2.710000000000000000e+02 1.608630999999999950e-02 2.677192737481346070e-03
2.720000000000000000e+02 1.409272999999999949e-02 2.463839942463628193e-03
2.730000000000000000e+02 1.215188000000000032e-02 2.236451147773683458e-03
2.740000000000000000e+02 1.028586000000000084e-02 1.996829953369393725e-03
2.750000000000000000e+02 8.521719999999999989e-03 1.748480759168922778e-03
2.760000000000000000e+02 6.889806000000000055e-03 1.496791565046448787e-03
2.770000000000000000e+02 5.420435999999999831e-03 1.248821970837113394e-03
2.780000000000000000e+02 4.139165999999999679e-03 1.012602776353378753e-03
2.790000000000000000e+02 3.061887000000000116e-03 7.960199814110890297e-04
2.800000000000000000e+02 2.191385000000000121e-03 6.055531858589300199e-04
2.810000000000000000e+02 1.516669999999999911e-03 4.452535896022969991e-04
2.820000000000000000e+02 1.015339000000000085e-03 3.162716726143236347e-04
2.830000000000000000e+02 6.580225000000000310e-04 2.170395549316235008e-04
2.840000000000000000e+02 4.133555000000000237e-04 1.439731166378941253e-04
2.850000000000000000e+02 2.520603999999999965e-04 9.240099784222259658e-05
2.860000000000000000e+02 1.494377999999999874e-04 5.743919865866162054e-05
2.870000000000000000e+02 8.626815000000000514e-05 3.462627519139623808e-05
2.880000000000000000e+02 4.856056000000000115e-05 2.026789552669767947e-05
2.890000000000000000e+02 2.668721000000000160e-05 1.153295573067876019e-05
2.900000000000000000e+02 1.433449999999999972e-05 6.386971850849408197e-06
2.910000000000000000e+02 7.532302999999999735e-06 3.446096319525665910e-06
2.920000000000000000e+02 3.875132999999999817e-06 1.813233157656804549e-06
2.930000000000000000e+02 1.953238999999999799e-06 9.312159782539491778e-07
2.940000000000000000e+02 9.651385999999999229e-07 4.671523890909093279e-07
2.950000000000000000e+02 4.677466999999999833e-07 2.290794346504644154e-07
2.960000000000000000e+02 2.224403999999999938e-07 1.098783974340848347e-07
2.970000000000000000e+02 1.038418000000000001e-07 5.158111879546135454e-08
2.980000000000000000e+02 4.760400000000000063e-08 2.371116344628939320e-08
2.990000000000000000e+02 2.143731000000000153e-08 1.067849975063228798e-08
3.000000000000000000e+02 9.486031999999999984e-09 4.713651889925306516e-09
3.010000000000000000e+02 4.125806999999999709e-09 2.040203152356529016e-09
3.020000000000000000e+02 1.764238999999999991e-09 8.662111797719618498e-10
3.030000000000000000e+02 7.418862999999999675e-10 3.608795915726253709e-10
3.040000000000000000e+02 3.068663999999999858e-10 1.475813565536333573e-10
3.050000000000000000e+02 1.248787000000000115e-10 5.926039861613237566e-11
3.060000000000000000e+02 5.000851000000000296e-11 2.337145145422245508e-11
3.070000000000000000e+02 1.971064999999999942e-11 9.055475788533659206e-12
3.080000000000000000e+02 7.647851999999999914e-12 3.447867519484304457e-12
3.090000000000000000e+02 2.921699999999999960e-12 1.290345169867450414e-12
3.100000000000000000e+02 1.099162000000000078e-12 4.747595889132635753e-13
3.110000000000000000e+02 4.072728999999999983e-13 1.717692359887903450e-13
3.120000000000000000e+02 1.486525999999999890e-13 6.112323857263075475e-14
3.130000000000000000e+02 5.345453000000000048e-14 2.139623950034822929e-14
3.140000000000000000e+02 1.893999000000000112e-14 7.369119827913977394e-15
3.150000000000000000e+02 6.613242999999999612e-15 2.497546341676506123e-15
3.160000000000000000e+02 2.275839000000000100e-15 8.331051805450636621e-16
3.170000000000000000e+02 7.719893999999999576e-16 2.735518336119308457e-16
3.180000000000000000e+02 2.581500000000000138e-16 8.842903793497706740e-17
3.190000000000000000e+02 8.510788000000000354e-17 2.814650334271393085e-17
3.200000000000000000e+02 2.766610000000000103e-17 8.822347793977737290e-18
3.210000000000000000e+02 8.868453999999999572e-18 2.723497136400031403e-18
3.220000000000000000e+02 2.803558999999999844e-18 8.281391806610313200e-19
3.230000000000000000e+02 8.741193000000000862e-19 2.480626342071627080e-19
3.240000000000000000e+02 2.688234000000000228e-19 7.320599829047031916e-20
3.250000000000000000e+02 8.155174000000000362e-20 2.128643950291231698e-20
3.260000000000000000e+02 2.440627999999999957e-20 6.099179857570018241e-21
3.270000000000000000e+02 7.206154999999999667e-21 1.722230759781921189e-21
3.280000000000000000e+02 2.099272000000000064e-21 4.792923888074121710e-22
3.290000000000000000e+02 6.034277000000000151e-22 1.314722769298177129e-22
3.300000000000000000e+02 1.711591999999999922e-22 3.554893916984989632e-23
3.310000000000000000e+02 4.790922000000000161e-23 9.475675778721014324e-24
3.320000000000000000e+02 1.323447000000000010e-23 2.490091141850602214e-24
3.330000000000000000e+02 3.608159999999999776e-24 6.451655849338887099e-25
3.340000000000000000e+02 9.709093999999999309e-25 1.648184761511066781e-25
3.350000000000000000e+02 2.578732999999999815e-25 4.151887903043797478e-26
3.360000000000000000e+02 6.760656999999999612e-26 1.031370775915102691e-26
3.370000000000000000e+02 1.749625000000000040e-26 2.526607540997859509e-27
3.380000000000000000e+02 4.469849000000000210e-27 6.104311857450174113e-28
3.390000000000000000e+02 1.127325000000000057e-27 1.454563566032570384e-28
3.400000000000000000e+02 2.806921999999999831e-28 3.418580720168218679e-29
3.410000000000000000e+02 6.900037000000000210e-29 7.924923814934666383e-30
3.420000000000000000e+02 1.674660000000000018e-29 1.812165557681735469e-30
3.430000000000000000e+02 4.013005000000000328e-30 4.087627904544416626e-31
3.440000000000000000e+02 9.494961999999999128e-31 9.095587787596949957e-32
3.450000000000000000e+02 2.218243000000000218e-31 1.996599553374774209e-32
3.460000000000000000e+02 5.117153000000000369e-32 4.323799899029253702e-33
3.470000000000000000e+02 1.165633000000000027e-32 9.237771784276624015e-34
3.480000000000000000e+02 2.621915000000000120e-33 1.947186354528686616e-34
3.490000000000000000e+02 5.823818999999999691e-34 4.049463905435635180e-35
3.500000000000000000e+02 1.277432999999999918e-34 8.308967805966349652e-36
3.510000000000000000e+02 2.767047000000000242e-35 1.682151160717872520e-36
3.520000000000000000e+02 5.919026999999999972e-36 3.360158321532517678e-37
3.530000000000000000e+02 1.250390000000000030e-36 6.622751845343399150e-38
3.540000000000000000e+02 2.608603000000000135e-37 1.287975569922786140e-38
3.550000000000000000e+02 5.374555999999999896e-38 2.471570742283096257e-39
3.560000000000000000e+02 1.093587999999999958e-38 4.679931890712746621e-40
3.570000000000000000e+02 2.197579999999999976e-39 8.744015795806971048e-41
3.580000000000000000e+02 4.361333999999999662e-40 1.612095562353833103e-41
3.590000000000000000e+02 8.548301000000000102e-41 2.932793931512466239e-42
3.600000000000000000e+02 1.654734000000000031e-41 5.264835877053882773e-43
3.610000000000000000e+02 3.163484000000000253e-42 9.326135782213118805e-44
3.620000000000000000e+02 5.973009000000000369e-43 1.630168361931791719e-44
3.630000000000000000e+02 1.113809000000000037e-43 2.811748734339151921e-45
3.640000000000000000e+02 2.051250000000000123e-44 4.785555888246181389e-46
3.650000000000000000e+02 3.730912000000000045e-45 8.037087812315377279e-47
3.660000000000000000e+02 6.701918000000000100e-46 1.331901568897012279e-47
3.670000000000000000e+02 1.188964000000000085e-46 2.177958349139626308e-48
3.680000000000000000e+02 2.083152000000000116e-47 3.514202317935232696e-49
3.690000000000000000e+02 3.604565999999999770e-48 5.594983869344162541e-50
3.700000000000000000e+02 6.159721999999999894e-49 8.789419794746680891e-51
3.710000000000000000e+02 1.039538999999999912e-49 1.362399568184813442e-51
3.720000000000000000e+02 1.732557999999999978e-50 2.083650351341936478e-52
3.730000000000000000e+02 2.851650999999999810e-51 3.144223526575095424e-53
3.740000000000000000e+02 4.635117000000000294e-52 4.681247890682015357e-54
3.750000000000000000e+02 7.440025000000000414e-53 6.876391839420317291e-55
3.760000000000000000e+02 1.179316000000000040e-53 9.965523767281928632e-56
3.770000000000000000e+02 1.845955000000000119e-54 1.424851966726404995e-56
3.780000000000000000e+02 2.853242000000000101e-55 2.009824353065944376e-57
3.790000000000000000e+02 4.354858999999999772e-56 2.796746734689483313e-58
3.800000000000000000e+02 6.563241999999999590e-57 3.839210710345534193e-59
3.810000000000000000e+02 9.767013000000000359e-58 5.198895878593735585e-60
3.820000000000000000e+02 1.435138999999999953e-58 6.944583837827876694e-61
3.830000000000000000e+02 2.082110000000000044e-59 9.150231786320885922e-62
3.840000000000000000e+02 2.982496000000000176e-60 1.189195172229537211e-62
3.850000000000000000e+02 4.218035999999999865e-61 1.524378364402232996e-63
3.860000000000000000e+02 5.889550999999999688e-62 1.927230354994705959e-64
3.870000000000000000e+02 8.118625999999999487e-63 2.403020343883906922e-65
3.880000000000000000e+02 1.104834999999999962e-63 2.954917530995828901e-66
3.890000000000000000e+02 1.484267999999999977e-64 3.583254716322699526e-67
3.900000000000000000e+02 1.968393999999999816e-65 4.284831899939247123e-68
3.910000000000000000e+02 2.576803999999999841e-66 5.052335882016250928e-69
3.920000000000000000e+02 3.329689999999999758e-67 5.873959862829426517e-70
3.930000000000000000e+02 4.246805000000000336e-68 6.733283842762221195e-71
3.940000000000000000e+02 5.346128999999999623e-69 7.609495822300640018e-72
3.950000000000000000e+02 6.642277000000000507e-70 8.477999802019060103e-73
3.960000000000000000e+02 8.144718999999999497e-71 9.311363782558079657e-74
3.970000000000000000e+02 9.855921999999999635e-72 1.008067176459295658e-74
3.980000000000000000e+02 1.176956000000000056e-72 1.075706774879754284e-75
3.990000000000000000e+02 1.386895999999999934e-73 1.131353173580281851e-76
4.000000000000000000e+02 1.612601999999999935e-74 1.172661972615625807e-77
4.010000000000000000e+02 1.850066999999999916e-75 1.197808772028389755e-78
4.020000000000000000e+02 2.094119999999999876e-76 1.205620371845970743e-79
4.030000000000000000e+02 2.338544999999999855e-77 1.195664772078457235e-80
4.040000000000000000e+02 2.576295999999999849e-78 1.168289972717722037e-81
4.050000000000000000e+02 2.799792999999999718e-79 1.124603573737900745e-82
4.060000000000000000e+02 3.001307000000000151e-80 1.066399575097098935e-83
4.070000000000000000e+02 3.173381999999999776e-81 9.960367767402333829e-85
4.080000000000000000e+02 3.309282000000000042e-82 9.162783786027766579e-86
4.090000000000000000e+02 3.403426000000000027e-83 8.301127806149431525e-87
4.100000000000000000e+02 3.451759999999999890e-84 7.405655827060777720e-88
4.110000000000000000e+02 3.452043999999999947e-85 6.505267848086922358e-89
4.120000000000000000e+02 3.404021000000000327e-86 5.625987868620147253e-90
4.130000000000000000e+02 3.309454000000000064e-87 4.789827888146420512e-91
4.140000000000000000e+02 3.172017999999999819e-88 4.014047906262680977e-92
4.150000000000000000e+02 2.997065000000000142e-89 3.310853922683889077e-93
4.160000000000000000e+02 2.791276000000000066e-90 2.687467137241414995e-94
4.170000000000000000e+02 2.562239000000000070e-91 2.146554349872982170e-95
4.180000000000000000e+02 2.317981000000000034e-92 1.686881160607416313e-96
4.190000000000000000e+02 2.066499000000000174e-93 1.304119969545777136e-97
4.200000000000000000e+02 1.815333000000000109e-94 9.917131768411994635e-99
4.210000000000000000e+02 1.571207000000000161e-95 7.417083826793907005e-100
4.220000000000000000e+02 1.339752000000000033e-96 5.455075872611338365e-101
4.230000000000000000e+02 1.125348999999999970e-97 3.944826707879155965e-102
4.240000000000000000e+02 9.310606000000000799e-99 2.804482734508829730e-103
4.250000000000000000e+02 7.586670000000000416e-100 1.959796754234205071e-104
4.260000000000000000e+02 6.087803000000000007e-101 1.345973168568407759e-105
4.270000000000000000e+02 4.810149000000000278e-102 9.083655787875588985e-107
4.280000000000000000e+02 3.741930000000000024e-103 6.022999859348998116e-108
4.290000000000000000e+02 2.865639999999999717e-104 3.923021908388348626e-109
4.300000000000000000e+02 2.160152000000000091e-105 2.509623941394465861e-110
4.310000000000000000e+02 1.602618999999999910e-106 1.576517963184652801e-111
4.320000000000000000e+02 1.170050000000000041e-107 9.723251772939541316e-113
4.330000000000000000e+02 8.405228000000000150e-109 5.886583862534627321e-114
4.340000000000000000e+02 5.940289999999999896e-110 3.497587518323227273e-115
4.350000000000000000e+02 4.129700000000000310e-111 2.039101552382254237e-116
4.360000000000000000e+02 2.823710000000000214e-112 1.166224772765949506e-117
4.370000000000000000e+02 1.898666000000000048e-113 6.541903847231386843e-119
4.380000000000000000e+02 1.255272999999999953e-114 3.598372315969668739e-120
4.390000000000000000e+02 8.158704000000000026e-116 1.940379554687641489e-121
4.400000000000000000e+02 5.212277999999999895e-117 1.025511576051928473e-122
4.410000000000000000e+02 3.272543000000000192e-118 5.310783875980891033e-124
4.420000000000000000e+02 2.018925999999999949e-119 2.694187537084478192e-125
4.430000000000000000e+02 1.223646000000000084e-120 1.338538368742027739e-126
4.440000000000000000e+02 7.284714999999999897e-122 6.510971847953720256e-128
4.450000000000000000e+02 4.259013999999999997e-123 3.099893527610303439e-129
4.460000000000000000e+02 2.444899999999999997e-124 1.444115966276546144e-130
4.470000000000000000e+02 1.377785000000000108e-125 6.580751846324197092e-132
4.480000000000000000e+02 7.620444999999999571e-127 2.932414331521330750e-133
4.490000000000000000e+02 4.135849000000000079e-128 1.277331970171338779e-134
4.500000000000000000e+02 2.202107000000000095e-129 5.436975873034015453e-136
4.510000000000000000e+02 1.150012000000000045e-130 2.260610747209501293e-137
4.520000000000000000e+02 5.889157999999999983e-132 9.177879785675242509e-139
4.530000000000000000e+02 2.956547000000000099e-133 3.636913515069642382e-140
4.540000000000000000e+02 1.454744999999999968e-134 1.406098367164344927e-141
4.550000000000000000e+02 7.013668000000000746e-136 5.301523876197133715e-143
4.560000000000000000e+02 3.312388000000000110e-137 1.948449154499197614e-144
4.570000000000000000e+02 1.531977000000000143e-138 6.977067837069299930e-146
4.580000000000000000e+02 6.936664000000000159e-140 2.432958343184785434e-147
4.590000000000000000e+02 3.074003000000000196e-141 8.257439807169647934e-149
4.600000000000000000e+02 1.332833000000000045e-142 2.726248336335784163e-150
4.610000000000000000e+02 5.652258999999999964e-144 8.750695795650977563e-152
4.620000000000000000e+02 2.343659999999999903e-145 2.729049936270360339e-153
4.630000000000000000e+02 9.498146999999999535e-147 8.264047807015335691e-155
4.640000000000000000e+02 3.760917000000000248e-148 2.428241943294924132e-156
4.650000000000000000e+02 1.454424999999999974e-149 6.918271838442321635e-158
4.660000000000000000e+02 5.491064000000000301e-151 1.909767155402511810e-159
4.670000000000000000e+02 2.023049999999999991e-152 5.103779880814913843e-161
4.680000000000000000e+02 7.270273999999999541e-154 1.319355569189990438e-162
4.690000000000000000e+02 2.547354000000000126e-155 3.296078723028924386e-164
4.700000000000000000e+02 8.697882999999999984e-157 7.950239814343478734e-166
4.710000000000000000e+02 2.892708000000000119e-158 1.849540356808947097e-167
4.720000000000000000e+02 9.365543999999999928e-160 4.145443903194279262e-169
4.730000000000000000e+02 2.950244999999999807e-161 8.941091791204788780e-171
4.740000000000000000e+02 9.037056999999999792e-163 1.853421556718311856e-172
4.750000000000000000e+02 2.690131999999999964e-164 3.687493513888482256e-174
4.760000000000000000e+02 7.777098999999999649e-166 7.031115835807154297e-176
4.770000000000000000e+02 2.182044000000000100e-167 1.282813170043340156e-177
4.780000000000000000e+02 5.937443000000000531e-169 2.235627147792925806e-179
4.790000000000000000e+02 1.565651999999999981e-170 3.714633113254709748e-181
4.800000000000000000e+02 3.997620999999999966e-172 5.872459862864454630e-183
4.810000000000000000e+02 9.875242000000000382e-174 8.813155794192392203e-185
4.820000000000000000e+02 2.357979000000000031e-175 1.252472370751868095e-186
4.830000000000000000e+02 5.436995000000000155e-177 1.680855960748118722e-188
4.840000000000000000e+02 1.209366000000000002e-178 2.123642750408021107e-190
4.850000000000000000e+02 2.592140000000000033e-180 2.517217141217147237e-192
4.860000000000000000e+02 5.347481999999999742e-182 2.788389934884634387e-194
4.870000000000000000e+02 1.060428000000000012e-183 2.873760332891037689e-196
4.880000000000000000e+02 2.018658000000000006e-185 2.741545135978568479e-198
4.890000000000000000e+02 3.683459000000000221e-187 2.406664343798811017e-200
4.900000000000000000e+02 6.432356000000000107e-189 1.930587554916307292e-202
4.910000000000000000e+02 1.073137999999999990e-190 1.403518367224594198e-204
4.920000000000000000e+02 1.707242999999999950e-192 9.154643786217854473e-207
4.930000000000000000e+02 2.584615000000000039e-194 5.291383876433925939e-209
4.940000000000000000e+02 3.715145999999999783e-196 2.667883937698728382e-211
4.950000000000000000e+02 5.057701999999999988e-198 1.149434773158034714e-213
4.960000000000000000e+02 6.503207000000000451e-200 4.114259903922498241e-216
4.970000000000000000e+02 7.873380000000000044e-202 1.174533572571919651e-218
4.980000000000000000e+02 8.944442999999999634e-204 2.507153141452164948e-221
4.990000000000000000e+02 9.497485000000000202e-206 3.557053116934567968e-224
5.000000000000000000e+02 9.384202000000000422e-208 2.515704741252464952e-227
5.010000000000000000e+02 8.656507999999999666e-210 0.000000000000000000e+00
