1.000000000000000000e+00 8.198725000000000041e-01 3.009079996567903809e-06
2.000000000000000000e+00 8.209547999999999845e-01 2.827377996775149536e-06
3.000000000000000000e+00 8.243555999999999662e-01 2.700923996919380213e-06
4.000000000000000000e+00 8.208997000000000099e-01 3.033723996539795542e-06
5.000000000000000000e+00 8.198349999999999804e-01 3.410547996109997220e-06
6.000000000000000000e+00 8.198706000000000049e-01 3.564591995934298102e-06
7.000000000000000000e+00 8.209716000000000236e-01 3.490333996018995068e-06
8.000000000000000000e+00 8.242441000000000351e-01 3.471985996039922341e-06
9.000000000000000000e+00 8.208615000000000217e-01 4.011111995425006418e-06
1.000000000000000000e+01 8.198199999999999932e-01 4.583483994772170052e-06
1.100000000000000000e+01 8.198640000000000372e-01 4.839051994480674360e-06
1.200000000000000000e+01 8.209672999999999554e-01 4.772083994557056911e-06
1.300000000000000000e+01 8.241576999999999931e-01 4.769223994560318663e-06
1.400000000000000000e+01 8.208216999999999874e-01 5.503811993722462695e-06
1.500000000000000000e+01 8.197967999999999922e-01 6.264805992854487962e-06
1.600000000000000000e+01 8.198491999999999447e-01 6.581311992493487617e-06
1.700000000000000000e+01 8.209554000000000018e-01 6.452871992639983920e-06
1.800000000000000000e+01 8.240779999999999772e-01 6.404623992695014516e-06
1.900000000000000000e+01 8.207788000000000306e-01 7.322727991647843618e-06
2.000000000000000000e+01 8.197668000000000177e-01 8.262357990576120627e-06
2.100000000000000000e+01 8.198267000000000193e-01 8.610153990179430719e-06
2.200000000000000000e+01 8.209353999999999818e-01 8.375449990447129809e-06
2.300000000000000000e+01 8.239990999999999843e-01 8.243265990597896842e-06
2.400000000000000000e+01 8.207313000000000525e-01 9.333351989354565962e-06
2.500000000000000000e+01 8.197297999999999529e-01 1.044098198809122455e-05
2.600000000000000000e+01 8.197963999999999807e-01 1.079935398768247345e-05
2.700000000000000000e+01 8.209068999999999949e-01 1.043119798810238604e-05
2.800000000000000000e+01 8.239180000000000392e-01 1.019275198837435125e-05
2.900000000000000000e+01 8.206778999999999602e-01 1.144519598694583909e-05
3.000000000000000000e+01 8.196852000000000027e-01 1.271149398550152552e-05
3.100000000000000000e+01 8.197581000000000451e-01 1.306714198509587984e-05
3.200000000000000000e+01 8.208695999999999771e-01 1.255098398568459957e-05
3.300000000000000000e+01 8.238330000000000375e-01 1.219533798609024235e-05
3.400000000000000000e+01 8.206179000000000112e-01 1.360315598448451306e-05
3.500000000000000000e+01 8.196329999999999449e-01 1.502097398286737922e-05
3.600000000000000000e+01 8.197115000000000373e-01 1.536611998247371249e-05
3.700000000000000000e+01 8.208233999999999808e-01 1.469561798323847288e-05
3.800000000000000000e+01 8.237428999999999446e-01 1.421901998378207050e-05
3.900000000000000000e+01 8.205506000000000189e-01 1.577765398200432482e-05
4.000000000000000000e+01 8.195725000000000371e-01 1.734194598022012381e-05
4.100000000000000000e+01 8.196563000000000043e-01 1.767246197984314679e-05
4.200000000000000000e+01 8.207680000000000531e-01 1.684601198078577636e-05
4.300000000000000000e+01 8.236472000000000238e-01 1.624869798146706175e-05
4.400000000000000000e+01 8.204759000000000357e-01 1.795542197952040462e-05
4.500000000000000000e+01 8.195040000000000102e-01 1.966276397757304669e-05
4.600000000000000000e+01 8.195928000000000102e-01 1.997664597721503764e-05
4.700000000000000000e+01 8.207037999999999833e-01 1.899497597833471114e-05
4.800000000000000000e+01 8.235453999999999830e-01 1.827900997915132722e-05
4.900000000000000000e+01 8.203934999999999977e-01 2.013223997703756992e-05
5.000000000000000000e+01 8.194270999999999638e-01 2.198027997492973455e-05
5.100000000000000000e+01 8.195206000000000435e-01 2.227659997459175881e-05
5.200000000000000000e+01 8.206305999999999878e-01 2.114133997588661161e-05
5.300000000000000000e+01 8.234371000000000329e-01 2.030937997683553034e-05
5.400000000000000000e+01 8.203032999999999575e-01 2.230821997455569169e-05
5.500000000000000000e+01 8.193420999999999621e-01 2.429523997228933763e-05
5.600000000000000000e+01 8.194399999999999462e-01 2.457351997197193642e-05
5.700000000000000000e+01 8.205485000000000140e-01 2.328647997343990977e-05
5.800000000000000000e+01 8.233220999999999457e-01 2.234117997451809878e-05
5.900000000000000000e+01 8.202051000000000203e-01 2.448503997207285578e-05
6.000000000000000000e+01 8.192485000000000461e-01 2.660969996964951222e-05
6.100000000000000000e+01 8.193506000000000400e-01 2.686963996935303045e-05
6.200000000000000000e+01 8.204574000000000034e-01 2.543251997099217653e-05
6.300000000000000000e+01 8.232000000000000428e-01 2.437627997219690685e-05
6.400000000000000000e+01 8.200990000000000224e-01 2.666473996958673156e-05
6.500000000000000000e+01 8.191467000000000054e-01 2.892591996700767540e-05
6.600000000000000000e+01 8.192526999999999449e-01 2.916725996673240660e-05
6.700000000000000000e+01 8.203574999999999617e-01 2.758149996854109481e-05
6.800000000000000000e+01 8.230709000000000497e-01 2.641637996987000671e-05
6.900000000000000000e+01 8.199847999999999582e-01 2.884911996709527317e-05
7.000000000000000000e+01 8.190363999999999978e-01 3.124583996436162508e-05
7.100000000000000000e+01 8.191462000000000465e-01 3.146825996410793650e-05
7.200000000000000000e+01 8.202488000000000001e-01 2.973509996608474248e-05
7.300000000000000000e+01 8.229345000000000132e-01 2.846287996753580902e-05
7.400000000000000000e+01 8.198625000000000496e-01 3.103957996459688108e-05
7.500000000000000000e+01 8.189178999999999764e-01 3.357097996170961768e-05
7.600000000000000000e+01 8.190311000000000119e-01 3.377417996147784746e-05
7.700000000000000000e+01 8.201313000000000075e-01 3.189459996362166070e-05
7.800000000000000000e+01 8.227906999999999860e-01 3.051683996519310383e-05
7.900000000000000000e+01 8.197320000000000162e-01 3.323721996209029055e-05
8.000000000000000000e+01 8.187906000000000351e-01 3.590245995905037629e-05
8.100000000000000000e+01 8.189071999999999463e-01 3.608611995884089508e-05
8.200000000000000000e+01 8.200049000000000365e-01 3.406107996115062059e-05
8.300000000000000000e+01 8.226394999999999680e-01 3.257913996284089221e-05
8.400000000000000000e+01 8.195934000000000275e-01 3.544295995957447496e-05
8.500000000000000000e+01 8.186550999999999689e-01 3.824133995638269435e-05
8.600000000000000000e+01 8.187748000000000248e-01 3.840515995619584708e-05
8.700000000000000000e+01 8.198697999999999819e-01 3.623541995867060969e-05
8.800000000000000000e+01 8.224806000000000061e-01 3.465049996047833345e-05
8.900000000000000000e+01 8.194464000000000192e-01 3.765755995704854557e-05
9.000000000000000000e+01 8.185109999999999886e-01 4.058841995370566559e-05
9.100000000000000000e+01 8.186335999999999613e-01 4.073209995354178364e-05
9.200000000000000000e+01 8.197257000000000016e-01 3.841837995618076635e-05
9.300000000000000000e+01 8.223139000000000420e-01 3.673159995810467213e-05
9.400000000000000000e+01 8.192911000000000499e-01 3.988173995451168538e-05
9.500000000000000000e+01 8.183582000000000356e-01 4.294455995101829307e-05
9.600000000000000000e+01 8.184835999999999778e-01 4.306787995087763888e-05
9.700000000000000000e+01 8.195729000000000486e-01 4.061085995368006934e-05
9.800000000000000000e+01 8.221395000000000231e-01 3.882321995571902092e-05
9.900000000000000000e+01 8.191273000000000026e-01 4.211637995196290565e-05
1.000000000000000000e+02 8.181969000000000047e-01 4.531075994831945414e-05
1.010000000000000000e+02 8.183249000000000217e-01 4.541351994820225089e-05
1.020000000000000000e+02 8.194112000000000062e-01 4.281377995116746494e-05
1.030000000000000000e+02 8.219570999999999961e-01 4.092623995332035717e-05
1.040000000000000000e+02 8.189551000000000469e-01 4.436243994940109446e-05
1.050000000000000000e+02 8.180268000000000539e-01 4.768803994560798009e-05
1.060000000000000000e+02 8.181572999999999762e-01 4.777009994551438738e-05
1.070000000000000000e+02 8.192407000000000439e-01 4.502813994864181014e-05
1.080000000000000000e+02 8.217666000000000137e-01 4.304155995090765965e-05
1.090000000000000000e+02 8.187744000000000133e-01 4.662089994682513451e-05
1.100000000000000000e+02 8.178480000000000194e-01 5.007751994288258725e-05
1.110000000000000000e+02 8.179807000000000050e-01 5.013871994281277685e-05
1.120000000000000000e+02 8.190610999999999864e-01 4.725501994610187945e-05
1.130000000000000000e+02 8.215679999999999650e-01 4.517019994847977320e-05
1.140000000000000000e+02 8.185850000000000071e-01 4.889287994423376245e-05
1.150000000000000000e+02 8.176603999999999539e-01 5.248045994014184586e-05
1.160000000000000000e+02 8.177953000000000028e-01 5.252073994009589489e-05
1.170000000000000000e+02 8.188725999999999505e-01 4.949573994354615247e-05
1.180000000000000000e+02 8.213610999999999551e-01 4.731339994603528702e-05
1.190000000000000000e+02 8.183869000000000282e-01 5.117975994162539432e-05
1.200000000000000000e+02 8.174639000000000211e-01 5.489837993738401234e-05
1.210000000000000000e+02 8.176008000000000164e-01 5.491769993736197899e-05
1.220000000000000000e+02 8.186750999999999889e-01 5.175169994097304662e-05
1.230000000000000000e+02 8.211458999999999842e-01 4.947249994357266176e-05
1.240000000000000000e+02 8.181800999999999657e-01 5.348295993899840827e-05
1.250000000000000000e+02 8.172584999999999988e-01 5.733279993460736344e-05
1.260000000000000000e+02 8.173972999999999933e-01 5.733113993460925309e-05
1.270000000000000000e+02 8.184685000000000432e-01 5.402435993838090221e-05
1.280000000000000000e+02 8.209220999999999879e-01 5.164885994109035271e-05
1.290000000000000000e+02 8.179642999999999775e-01 5.580395993635112569e-05
1.300000000000000000e+02 8.170439000000000451e-01 5.978531993181005952e-05
1.310000000000000000e+02 8.171844999999999803e-01 5.976267993183588572e-05
1.320000000000000000e+02 8.182527000000000550e-01 5.631529993576789853e-05
1.330000000000000000e+02 8.206898999999999722e-01 5.384399993858660950e-05
1.340000000000000000e+02 8.177396999999999583e-01 5.814441993368163659e-05
1.350000000000000000e+02 8.168204000000000020e-01 6.225773992899007842e-05
1.360000000000000000e+02 8.169625999999999832e-01 6.221415992903977620e-05
1.370000000000000000e+02 8.180275999999999659e-01 5.862617993313215271e-05
1.380000000000000000e+02 8.204487999999999781e-01 5.605951993605963316e-05
1.390000000000000000e+02 8.175059000000000076e-01 6.050601993098804596e-05
1.400000000000000000e+02 8.165873999999999633e-01 6.475185992614533701e-05
1.410000000000000000e+02 8.167311999999999905e-01 6.468739992621884958e-05
1.420000000000000000e+02 8.177931999999999979e-01 6.095883993047157085e-05
1.430000000000000000e+02 8.201988999999999530e-01 5.829719993350738658e-05
1.440000000000000000e+02 8.172629000000000143e-01 6.289073992826808672e-05
1.450000000000000000e+02 8.163451999999999931e-01 6.726985992327334503e-05
1.460000000000000000e+02 8.164903999999999495e-01 6.718457992337062239e-05
1.470000000000000000e+02 8.175493999999999817e-01 6.331531992778382232e-05
1.480000000000000000e+02 8.199400999999999495e-01 6.055895993092766627e-05
1.490000000000000000e+02 8.170106999999999786e-01 6.530057992551947289e-05
1.500000000000000000e+02 8.160935999999999746e-01 6.981385992037171648e-05
1.510000000000000000e+02 8.162401000000000240e-01 6.970785992049261654e-05
1.520000000000000000e+02 8.172960999999999698e-01 6.569761992506662114e-05
1.530000000000000000e+02 8.196721000000000146e-01 6.284675992831825796e-05
1.540000000000000000e+02 8.167489999999999473e-01 6.773765992273977779e-05
1.550000000000000000e+02 8.158322999999999547e-01 7.238609991743787044e-05
1.560000000000000000e+02 8.159800000000000386e-01 7.225947991758229177e-05
1.570000000000000000e+02 8.170330000000000092e-01 6.810793992231745813e-05
1.580000000000000000e+02 8.193947999999999787e-01 6.516269992567674037e-05
1.590000000000000000e+02 8.164776999999999729e-01 7.020425991992643687e-05
1.600000000000000000e+02 8.155613000000000445e-01 7.498903991446899744e-05
1.610000000000000000e+02 8.157100999999999935e-01 7.484191991463681293e-05
1.620000000000000000e+02 8.167602000000000473e-01 7.054861991953366451e-05
1.630000000000000000e+02 8.191081000000000056e-01 6.750909992300047719e-05
1.640000000000000000e+02 8.161966999999999972e-01 7.270281991707662570e-05
1.650000000000000000e+02 8.152804999999999636e-01 7.762527991146217585e-05
1.660000000000000000e+02 8.154303000000000523e-01 7.745781991165316628e-05
1.670000000000000000e+02 8.164774999999999672e-01 7.302217991671236725e-05
1.680000000000000000e+02 8.188117999999999785e-01 6.988831992028678749e-05
1.690000000000000000e+02 8.159058999999999617e-01 7.523585991418749836e-05
1.700000000000000000e+02 8.149895999999999807e-01 8.029747990841431204e-05
1.710000000000000000e+02 8.151403000000000398e-01 8.010981990862835168e-05
1.720000000000000000e+02 8.161846000000000378e-01 7.553113991385069332e-05
1.730000000000000000e+02 8.185057000000000027e-01 7.230285991753281039e-05
1.740000000000000000e+02 8.156050000000000244e-01 7.780607991125595047e-05
1.750000000000000000e+02 8.146887000000000434e-01 8.300855990532210015e-05
1.760000000000000000e+02 8.148400999999999561e-01 8.280085990555901047e-05
1.770000000000000000e+02 8.158815000000000373e-01 7.807831991094542476e-05
1.780000000000000000e+02 8.181895999999999614e-01 7.475541991473546861e-05
1.790000000000000000e+02 8.152939000000000158e-01 8.041631990827876545e-05
1.800000000000000000e+02 8.143772000000000233e-01 8.576145990218219512e-05
1.810000000000000000e+02 8.145293999999999590e-01 8.553391990244173259e-05
1.820000000000000000e+02 8.155679999999999596e-01 8.066657990799331929e-05
1.830000000000000000e+02 8.178634000000000182e-01 7.724883991189153204e-05
1.840000000000000000e+02 8.149724999999999886e-01 8.306961990525245614e-05
1.850000000000000000e+02 8.140553999999999846e-01 8.855945989899085549e-05
1.860000000000000000e+02 8.142080999999999902e-01 8.831223989927282803e-05
1.870000000000000000e+02 8.152439000000000213e-01 8.329899990499082477e-05
1.880000000000000000e+02 8.175267000000000506e-01 7.978607990899760276e-05
1.890000000000000000e+02 8.146402999999999839e-01 8.576911990217347460e-05
1.900000000000000000e+02 8.137225999999999626e-01 9.140589989574426271e-05
1.910000000000000000e+02 8.138758999999999855e-01 9.113925989604839035e-05
1.920000000000000000e+02 8.149089000000000471e-01 8.597891990193416332e-05
1.930000000000000000e+02 8.171794999999999476e-01 8.237041990604996645e-05
1.940000000000000000e+02 8.142973999999999490e-01 8.851835989903774520e-05
1.950000000000000000e+02 8.133791000000000215e-01 9.430447989243820328e-05
1.960000000000000000e+02 8.135326999999999975e-01 9.401859989276426823e-05
1.970000000000000000e+02 8.145630000000000370e-01 8.870979989881938924e-05
1.980000000000000000e+02 8.168214000000000308e-01 8.500519990304479100e-05
1.990000000000000000e+02 8.139433999999999836e-01 9.132079989584133582e-05
2.000000000000000000e+02 8.130241999999999747e-01 9.725883988906852727e-05
2.010000000000000000e+02 8.131781000000000148e-01 9.695397988941623600e-05
2.020000000000000000e+02 8.142057000000000322e-01 9.149519989564241476e-05
2.030000000000000000e+02 8.164521000000000139e-01 8.769393989997805361e-05
2.040000000000000000e+02 8.135780999999999707e-01 9.418025989257987872e-05
2.050000000000000000e+02 8.126579000000000441e-01 1.002730798856305342e-04
2.060000000000000000e+02 8.128119999999999790e-01 9.994947988599963242e-05
2.070000000000000000e+02 8.138368999999999742e-01 9.433909989239872072e-05
2.080000000000000000e+02 8.160714999999999497e-01 9.044051989684536363e-05
2.090000000000000000e+02 8.132011999999999574e-01 9.710079988924877900e-05
2.100000000000000000e+02 8.122799000000000547e-01 1.033514598821193991e-04
2.110000000000000000e+02 8.124341000000000479e-01 1.030093998825095406e-04
2.120000000000000000e+02 8.134563999999999684e-01 9.724561988908359445e-05
2.130000000000000000e+02 8.156792000000000487e-01 9.324895989364210983e-05
2.140000000000000000e+02 8.128125000000000488e-01 1.000866998858431184e-04
2.150000000000000000e+02 8.118897999999999948e-01 1.064984998785299496e-04
2.160000000000000000e+02 8.120439999999999880e-01 1.061382598789408285e-04
2.170000000000000000e+02 8.130636999999999448e-01 1.002190598856921461e-04
2.180000000000000000e+02 8.152747999999999662e-01 9.612353989036342809e-05
2.190000000000000000e+02 8.124114999999999531e-01 1.031424798823577649e-04
2.200000000000000000e+02 8.114873999999999699e-01 1.097189598748567587e-04
2.210000000000000000e+02 8.116415999999999631e-01 1.093408998752879666e-04
2.220000000000000000e+02 8.126586999999999561e-01 1.032642198822189111e-04
2.230000000000000000e+02 8.148583000000000354e-01 9.906893988700395375e-05
2.240000000000000000e+02 8.119982000000000033e-01 1.062731398787869968e-04
2.250000000000000000e+02 8.110724000000000267e-01 1.130181398710937868e-04
2.260000000000000000e+02 8.112262999999999558e-01 1.126225798715449532e-04
2.270000000000000000e+02 8.122407999999999850e-01 1.063860998786581540e-04
2.280000000000000000e+02 8.144289000000000112e-01 1.020900598835581207e-04
2.290000000000000000e+02 8.115719000000000127e-01 1.094838598751249152e-04
2.300000000000000000e+02 8.106444000000000427e-01 1.164014998672347888e-04
2.310000000000000000e+02 8.107980999999999661e-01 1.159888198677054929e-04
2.320000000000000000e+02 8.118100000000000316e-01 1.095900998750037338e-04
2.330000000000000000e+02 8.139864999999999462e-01 1.051922598800198258e-04
2.340000000000000000e+02 8.111325000000000340e-01 1.127802998713650585e-04
2.350000000000000000e+02 8.102030999999999539e-01 1.198749798632729974e-04
2.360000000000000000e+02 8.103563000000000294e-01 1.194455598637628050e-04
2.370000000000000000e+02 8.113654999999999617e-01 1.128818998712491768e-04
2.380000000000000000e+02 8.135305000000000453e-01 1.083810998763826952e-04
2.390000000000000000e+02 8.106792999999999916e-01 1.161683398675007230e-04
2.400000000000000000e+02 8.097478999999999649e-01 1.234448198592013137e-04
2.410000000000000000e+02 8.099005999999999705e-01 1.229991798597096107e-04
2.420000000000000000e+02 8.109073999999999449e-01 1.162678198673872544e-04
2.430000000000000000e+02 8.130608999999999753e-01 1.116628798726395668e-04
2.440000000000000000e+02 8.102122999999999964e-01 1.196546998635242607e-04
2.450000000000000000e+02 8.092785999999999591e-01 1.271180598550116924e-04
2.460000000000000000e+02 8.094306999999999475e-01 1.266566398555379674e-04
2.470000000000000000e+02 8.104348000000000107e-01 1.197544998634104350e-04
2.480000000000000000e+02 8.125767000000000406e-01 1.150440798687830333e-04
2.490000000000000000e+02 8.097307999999999728e-01 1.232461798594278938e-04
2.500000000000000000e+02 8.087946000000000302e-01 1.309018398506959862e-04
2.510000000000000000e+02 8.089460000000000539e-01 1.304251998512396551e-04
2.520000000000000000e+02 8.099475000000000424e-01 1.233490398593105688e-04
2.530000000000000000e+02 8.120777000000000134e-01 1.185317598648050506e-04
2.540000000000000000e+02 8.092342000000000146e-01 1.269501998552031562e-04
2.550000000000000000e+02 8.082954999999999446e-01 1.348040198462452312e-04
2.560000000000000000e+02 8.084459000000000506e-01 1.343127198468056012e-04
2.570000000000000000e+02 8.094449000000000227e-01 1.270590798550789611e-04
2.580000000000000000e+02 8.115632999999999875e-01 1.221334798606970131e-04
2.590000000000000000e+02 8.087221999999999467e-01 1.307748398508408417e-04
2.600000000000000000e+02 8.077807000000000182e-01 1.388330598416498006e-04
2.610000000000000000e+02 8.079300999999999844e-01 1.383277998422260805e-04
2.620000000000000000e+02 8.089264000000000454e-01 1.308930398507060229e-04
2.630000000000000000e+02 8.110328999999999455e-01 1.258575998564493413e-04
2.640000000000000000e+02 8.081941000000000264e-01 1.347289198463309150e-04
2.650000000000000000e+02 8.072496000000000116e-01 1.429982798368990436e-04
2.660000000000000000e+02 8.073979000000000017e-01 1.424797798374904164e-04
2.670000000000000000e+02 8.083915999999999880e-01 1.348600398461813604e-04
2.680000000000000000e+02 8.104860000000000397e-01 1.297131598520517577e-04
2.690000000000000000e+02 8.076493000000000144e-01 1.388219998416624168e-04
2.700000000000000000e+02 8.067016999999999660e-01 1.473097598319814410e-04
2.710000000000000000e+02 8.068486999999999743e-01 1.467788798325869639e-04
2.720000000000000000e+02 8.078397999999999968e-01 1.389700598414935558e-04
2.730000000000000000e+02 8.099220000000000308e-01 1.337101198474929245e-04
2.740000000000000000e+02 8.070874000000000104e-01 1.430645998368233979e-04
2.750000000000000000e+02 8.061363999999999752e-01 1.517785198268844550e-04
2.760000000000000000e+02 8.062820000000000542e-01 1.512361198275031311e-04
2.770000000000000000e+02 8.072702000000000488e-01 1.432338398366303771e-04
2.780000000000000000e+02 8.093398000000000536e-01 1.378590798427607083e-04
2.790000000000000000e+02 8.065073000000000381e-01 1.474678998318010878e-04
2.800000000000000000e+02 8.055527000000000104e-01 1.564163198215946782e-04
2.810000000000000000e+02 8.056967999999999908e-01 1.558634798222252550e-04
2.820000000000000000e+02 8.066822999999999633e-01 1.476631598315783641e-04
2.830000000000000000e+02 8.087391999999999914e-01 1.421718798378416259e-04
2.840000000000000000e+02 8.059085999999999750e-01 1.520444198265811836e-04
2.850000000000000000e+02 8.049501999999999491e-01 1.612363598160970691e-04
2.860000000000000000e+02 8.050926000000000471e-01 1.606742398167381911e-04
2.870000000000000000e+02 8.060751999999999917e-01 1.522709798263227837e-04
2.880000000000000000e+02 8.081190000000000317e-01 1.466613398327210158e-04
2.890000000000000000e+02 8.052903999999999618e-01 1.568077198211482624e-04
2.900000000000000000e+02 8.043278999999999845e-01 1.662528398103753553e-04
2.910000000000000000e+02 8.044683999999999724e-01 1.656827398110255955e-04
2.920000000000000000e+02 8.054481000000000002e-01 1.570714398208474948e-04
2.930000000000000000e+02 8.074784999999999879e-01 1.513416198273827924e-04
2.940000000000000000e+02 8.046518000000000281e-01 1.617726798154853402e-04
2.950000000000000000e+02 8.036849999999999827e-01 1.714814398044117142e-04
2.960000000000000000e+02 8.038233999999999657e-01 1.709047598050694630e-04
2.970000000000000000e+02 8.047999999999999599e-01 1.620799798151348206e-04
2.980000000000000000e+02 8.068165999999999949e-01 1.562280998218093563e-04
2.990000000000000000e+02 8.039918000000000342e-01 1.669555998095737979e-04
3.000000000000000000e+02 8.030203999999999676e-01 1.769392597981866609e-04
3.010000000000000000e+02 8.031565999999999983e-01 1.763577397988498987e-04
3.020000000000000000e+02 8.041300999999999588e-01 1.673138398091652049e-04
3.030000000000000000e+02 8.061323999999999712e-01 1.613381398159809425e-04
3.040000000000000000e+02 8.033095000000000097e-01 1.723747598033928234e-04
3.050000000000000000e+02 8.023333000000000270e-01 1.826455197916782025e-04
3.060000000000000000e+02 8.024668999999999830e-01 1.820610197923448639e-04
3.070000000000000000e+02 8.034371000000000151e-01 1.727920198029169103e-04
3.080000000000000000e+02 8.054246999999999934e-01 1.666907198098759209e-04
3.090000000000000000e+02 8.026037000000000310e-01 1.780503197969193784e-04
3.100000000000000000e+02 8.016225000000000156e-01 1.886214597848621564e-04
3.110000000000000000e+02 8.017535000000000078e-01 1.880362197855296876e-04
3.120000000000000000e+02 8.027203000000000532e-01 1.785358997963655471e-04
3.130000000000000000e+02 8.046925000000000328e-01 1.723073198034697189e-04
3.140000000000000000e+02 8.018733000000000111e-01 1.840047797901278506e-04
3.150000000000000000e+02 8.008866000000000041e-01 1.948906197777116548e-04
3.160000000000000000e+02 8.010146999999999684e-01 1.943070197783772950e-04
3.170000000000000000e+02 8.019777999999999629e-01 1.845688597894844804e-04
3.180000000000000000e+02 8.039340999999999848e-01 1.782114597967356031e-04
3.190000000000000000e+02 8.011169999999999680e-01 1.902631197829897109e-04
3.200000000000000000e+02 8.001245999999999636e-01 2.014793997701966419e-04
3.210000000000000000e+02 8.002494999999999470e-01 2.009001997708572773e-04
3.220000000000000000e+02 8.012088000000000543e-01 1.909175197822433174e-04
3.230000000000000000e+02 8.031483999999999845e-01 1.844298997896429463e-04
3.240000000000000000e+02 8.003333000000000252e-01 1.968535597754727813e-04
3.250000000000000000e+02 7.993348000000000120e-01 2.084171997622835041e-04
3.260000000000000000e+02 7.994563000000000086e-01 2.078459997629350498e-04
3.270000000000000000e+02 8.004116000000000009e-01 1.976116797746080658e-04
3.280000000000000000e+02 8.023337999999999859e-01 1.909927597821574807e-04
3.290000000000000000e+02 7.995208000000000315e-01 2.038077997675408985e-04
3.300000000000000000e+02 7.985158999999999452e-01 2.157375997539340414e-04
3.310000000000000000e+02 7.986336000000000546e-01 2.151779997545722768e-04
3.320000000000000000e+02 7.995845999999999787e-01 2.046847997665406256e-04
3.330000000000000000e+02 8.014885000000000481e-01 1.979337797742406922e-04
3.340000000000000000e+02 7.986777000000000459e-01 2.111615997591533315e-04
3.350000000000000000e+02 7.976659999999999862e-01 2.234779997451054692e-04
3.360000000000000000e+02 7.977796000000000332e-01 2.229343997457254980e-04
3.370000000000000000e+02 7.987260999999999944e-01 2.121747997579976795e-04
3.380000000000000000e+02 8.006105999999999501e-01 2.052911997658489875e-04
3.390000000000000000e+02 7.978020999999999585e-01 2.189551997502640793e-04
3.400000000000000000e+02 7.967832000000000248e-01 2.316805997357497548e-04
3.410000000000000000e+02 7.968923999999999452e-01 2.311581997363456253e-04
3.420000000000000000e+02 7.978340000000000432e-01 2.201243997489305264e-04
3.430000000000000000e+02 7.996980000000000199e-01 2.131087997569324117e-04
3.440000000000000000e+02 7.968920999999999921e-01 2.272347997408205372e-04
3.450000000000000000e+02 7.958655000000000035e-01 2.403937997258116831e-04
3.460000000000000000e+02 7.959697999999999496e-01 2.398985997263764695e-04
3.470000000000000000e+02 7.969060999999999506e-01 2.285831997392825986e-04
3.480000000000000000e+02 7.987484999999999724e-01 2.214363997474340872e-04
3.490000000000000000e+02 7.959452999999999667e-01 2.360533997307622282e-04
3.500000000000000000e+02 7.949106000000000227e-01 2.496737997152270977e-04
3.510000000000000000e+02 7.950097999999999887e-01 2.492127997157528871e-04
3.520000000000000000e+02 7.959403000000000450e-01 2.376079997289891040e-04
3.530000000000000000e+02 7.977596000000000132e-01 2.303319997372879776e-04
3.540000000000000000e+02 7.949593000000000353e-01 2.454719997200195854e-04
3.550000000000000000e+02 7.939159999999999551e-01 2.595839997039236721e-04
3.560000000000000000e+02 7.940095000000000347e-01 2.591655997044008878e-04
3.570000000000000000e+02 7.949336999999999653e-01 2.472639997179756736e-04
3.580000000000000000e+02 7.967284000000000033e-01 2.398621997264179960e-04
3.590000000000000000e+02 7.939313000000000065e-01 2.555607997085124639e-04
3.600000000000000000e+02 7.928789000000000531e-01 2.701987996918167037e-04
3.610000000000000000e+02 7.929661999999999544e-01 2.698327996922341592e-04
3.620000000000000000e+02 7.938834999999999642e-01 2.576273997061553456e-04
3.630000000000000000e+02 7.956518000000000201e-01 2.501047997147354761e-04
3.640000000000000000e+02 7.928583000000000158e-01 2.664025996961465301e-04
3.650000000000000000e+02 7.917961000000000027e-01 2.816047996788072455e-04
3.660000000000000000e+02 7.918764999999999832e-01 2.813029996791514549e-04
3.670000000000000000e+02 7.927863000000000548e-01 2.687869996934269686e-04
3.680000000000000000e+02 7.945261999999999603e-01 2.611511997021362234e-04
3.690000000000000000e+02 7.917366999999999599e-01 2.780935996828120160e-04
3.700000000000000000e+02 7.906642000000000392e-01 2.939033996647797136e-04
3.710000000000000000e+02 7.907372999999999763e-01 2.936801996650342285e-04
3.720000000000000000e+02 7.916387000000000285e-01 2.808487996796695343e-04
3.730000000000000000e+02 7.933480000000000532e-01 2.731097996884964156e-04
3.740000000000000000e+02 7.905628000000000100e-01 2.907487996683777551e-04
3.750000000000000000e+02 7.894792000000000476e-01 3.072153996495962996e-04
3.760000000000000000e+02 7.895440000000000236e-01 3.070883996497411552e-04
3.770000000000000000e+02 7.904362000000000332e-01 2.939375996647406895e-04
3.780000000000000000e+02 7.921122999999999914e-01 2.861097996736689116e-04
3.790000000000000000e+02 7.893322000000000394e-01 3.045053996526872453e-04
3.800000000000000000e+02 7.882369000000000181e-01 3.216855996330918719e-04
3.810000000000000000e+02 7.882926999999999573e-01 3.216763996331023956e-04
3.820000000000000000e+02 7.891745999999999484e-01 3.082049996484675924e-04
3.830000000000000000e+02 7.908144000000000284e-01 3.003073996574753910e-04
3.840000000000000000e+02 7.880397999999999570e-01 3.195291996355513996e-04
3.850000000000000000e+02 7.869319000000000175e-01 3.374887996150670224e-04
3.860000000000000000e+02 7.869777999999999496e-01 3.376243996149124143e-04
3.870000000000000000e+02 7.878481000000000511e-01 3.238351996306401085e-04
3.880000000000000000e+02 7.894484000000000501e-01 3.158943996396971978e-04
3.890000000000000000e+02 7.866800999999999933e-01 3.360245996167371017e-04
3.900000000000000000e+02 7.855588000000000015e-01 3.548415995952747975e-04
3.910000000000000000e+02 7.855938000000000088e-01 3.551563995949157224e-04
3.920000000000000000e+02 7.864510000000000112e-01 3.410575996109965129e-04
3.930000000000000000e+02 7.880080999999999891e-01 3.331097996200616234e-04
3.940000000000000000e+02 7.852468999999999699e-01 3.542471995959527468e-04
3.950000000000000000e+02 7.841110999999999498e-01 3.740147995734062784e-04
3.960000000000000000e+02 7.841339000000000503e-01 3.745537995727914573e-04
3.970000000000000000e+02 7.849760999999999544e-01 3.601613995892071103e-04
3.980000000000000000e+02 7.864854000000000012e-01 3.522563995982234443e-04
3.990000000000000000e+02 7.837323999999999957e-01 3.745217995728279247e-04
4.000000000000000000e+02 7.825811000000000295e-01 3.953543995490666797e-04
4.010000000000000000e+02 7.825904000000000194e-01 3.961771995481282367e-04
4.020000000000000000e+02 7.834155999999999898e-01 3.815205995648453014e-04
4.030000000000000000e+02 7.848720000000000141e-01 3.737279995737333767e-04
4.040000000000000000e+02 7.821282000000000512e-01 3.972723995468790351e-04
4.050000000000000000e+02 7.809603000000000517e-01 4.193141995217386530e-04
4.060000000000000000e+02 7.809542000000000428e-01 4.205021995203836742e-04
4.070000000000000000e+02 7.817598999999999521e-01 4.056289995373476925e-04
4.080000000000000000e+02 7.831574000000000035e-01 3.980467995459958074e-04
4.090000000000000000e+02 7.804242999999999597e-01 4.230651995174603626e-04
4.100000000000000000e+02 7.792384999999999451e-01 4.465027994907278951e-04
4.110000000000000000e+02 7.792151999999999967e-01 4.481697994888265394e-04
4.120000000000000000e+02 7.799981000000000275e-01 4.331567995059500760e-04
4.130000000000000000e+02 7.813297000000000159e-01 4.259251995141982521e-04
4.140000000000000000e+02 7.786087000000000424e-01 4.526753994836875427e-04
4.150000000000000000e+02 7.774035000000000251e-01 4.777579994550787976e-04
4.160000000000000000e+02 7.773605000000000098e-01 4.800663994524459141e-04
4.170000000000000000e+02 7.781169999999999476e-01 4.650347994695906467e-04
4.180000000000000000e+02 7.793744000000000227e-01 4.583575994772065391e-04
4.190000000000000000e+02 7.766674999999999551e-01 4.871915994443190979e-04
4.200000000000000000e+02 7.754412000000000527e-01 5.142621994134428205e-04
4.210000000000000000e+02 7.753757000000000010e-01 5.174497994098071346e-04
4.220000000000000000e+02 7.761008999999999824e-01 5.025913994267542989e-04
4.230000000000000000e+02 7.772744999999999793e-01 4.967697994333943609e-04
4.240000000000000000e+02 7.745836999999999861e-01 5.281815993975666999e-04
4.250000000000000000e+02 7.733343999999999774e-01 5.577261993638687630e-04
4.260000000000000000e+02 7.732428999999999553e-01 5.621493993588236402e-04
4.270000000000000000e+02 7.739308999999999772e-01 5.477673993752275525e-04
4.280000000000000000e+02 7.750089000000000006e-01 5.432549993803743133e-04
4.290000000000000000e+02 7.723368000000000455e-01 5.779575993407931774e-04
4.300000000000000000e+02 7.710622000000000309e-01 6.106845993034653707e-04
4.310000000000000000e+02 7.709403000000000228e-01 6.168879992963898764e-04
4.320000000000000000e+02 7.715834999999999777e-01 6.034681993116962871e-04
4.330000000000000000e+02 7.725518999999999581e-01 6.009629993145536569e-04
4.340000000000000000e+02 7.699015000000000164e-01 6.400131992700137246e-04
4.350000000000000000e+02 7.685990999999999795e-01 6.769825992278472645e-04
4.360000000000000000e+02 7.684412999999999938e-01 6.858189992177685709e-04
4.370000000000000000e+02 7.690301999999999971e-01 6.741519992310758156e-04
4.380000000000000000e+02 7.698719000000000534e-01 6.747541992303889794e-04
4.390000000000000000e+02 7.672465000000000535e-01 7.197583991790581105e-04
4.400000000000000000e+02 7.659133000000000191e-01 7.625981991301959131e-04
4.410000000000000000e+02 7.657125000000000181e-01 7.754333991155562111e-04
4.420000000000000000e+02 7.662345000000000406e-01 7.668343991253641443e-04
4.430000000000000000e+02 7.669285999999999603e-01 7.723245991191021080e-04
4.440000000000000000e+02 7.643322000000000171e-01 8.257919990581182252e-04
4.450000000000000000e+02 7.629645999999999928e-01 8.770703989996310544e-04
4.460000000000000000e+02 7.627118000000000508e-01 8.961543989778643360e-04
4.470000000000000000e+02 7.631504000000000065e-01 8.928711989816090185e-04
4.480000000000000000e+02 7.636714000000000002e-01 9.062213989663820898e-04
4.490000000000000000e+02 7.611082999999999599e-01 9.721839988911465001e-04
4.500000000000000000e+02 7.597021000000000468e-01 1.036071398818277835e-03
4.510000000000000000e+02 7.593853000000000408e-01 1.065227198785023352e-03
4.520000000000000000e+02 7.597186999999999690e-01 1.071227398778179648e-03
4.530000000000000000e+02 7.600346999999999520e-01 1.097572198748131235e-03
4.540000000000000000e+02 7.575096999999999525e-01 1.182720798651012463e-03
4.550000000000000000e+02 7.560599000000000069e-01 1.266222198555772309e-03
4.560000000000000000e+02 7.556631999999999794e-01 1.312191798503340367e-03
4.570000000000000000e+02 7.558614999999999640e-01 1.334754798477605711e-03
4.580000000000000000e+02 7.559331000000000245e-01 1.383332598422198651e-03
4.590000000000000000e+02 7.534509999999999819e-01 1.499216198290024204e-03
4.600000000000000000e+02 7.519514999999999949e-01 1.614604598158414462e-03
4.610000000000000000e+02 7.514532999999999907e-01 1.689852998072587618e-03
4.620000000000000000e+02 7.514754999999999630e-01 1.743000798011968113e-03
4.630000000000000000e+02 7.512541000000000357e-01 1.831331597911219945e-03
4.640000000000000000e+02 7.488190999999999597e-01 1.999069197719901669e-03
4.650000000000000000e+02 7.472621000000000402e-01 2.169361997525669130e-03
4.660000000000000000e+02 7.466313999999999451e-01 2.298851997377975541e-03
4.670000000000000000e+02 7.464195999999999609e-01 2.412055997248857466e-03
4.680000000000000000e+02 7.458466999999999736e-01 2.576827997060921957e-03
4.690000000000000000e+02 7.434606000000000270e-01 2.839949996760810207e-03
4.700000000000000000e+02 7.418346000000000107e-01 3.114621996447524462e-03
4.710000000000000000e+02 7.410255000000000036e-01 3.355685996172572128e-03
4.720000000000000000e+02 7.404988000000000126e-01 3.599201995894822561e-03
4.730000000000000000e+02 7.395091999999999777e-01 3.927919995519893286e-03
4.740000000000000000e+02 7.371689000000000158e-01 4.392141994990410823e-03
4.750000000000000000e+02 7.354560999999999460e-01 4.903275994407422199e-03
4.760000000000000000e+02 7.343977999999999895e-01 5.435595993800268304e-03
4.770000000000000000e+02 7.334401000000000392e-01 6.077175993068495256e-03
4.780000000000000000e+02 7.319662999999999586e-01 6.992205992024829939e-03
4.790000000000000000e+02 7.296441000000000177e-01 8.348099990478323809e-03
4.800000000000000000e+02 7.277582000000000217e-01 1.025580398830243552e-02
4.810000000000000000e+02 7.262657000000000140e-01 1.303119598513687895e-02
4.820000000000000000e+02 7.246791999999999678e-01 1.731633398024933629e-02
4.830000000000000000e+02 7.226664999999999894e-01 2.405693997256113520e-02
4.840000000000000000e+02 7.203256999999999577e-01 3.427629996090514330e-02
4.850000000000000000e+02 7.183222999999999692e-01 4.857421994459722170e-02
4.860000000000000000e+02 7.165629999999999500e-01 6.674157992387590166e-02
4.870000000000000000e+02 7.146552999999999933e-01 8.695109990082533491e-02
4.880000000000000000e+02 7.124268999999999741e-01 1.048519198804080121e-01
4.890000000000000000e+02 7.098761000000000099e-01 1.141097598698486981e-01
4.900000000000000000e+02 7.069066000000000516e-01 1.094176198752004614e-01
4.910000000000000000e+02 7.033665000000000056e-01 9.031459989698897850e-02
4.920000000000000000e+02 6.994032999999999500e-01 6.257309992863038794e-02
4.930000000000000000e+02 6.952641999999999989e-01 3.545159995956461557e-02
4.940000000000000000e+02 6.910169999999999924e-01 1.600875398174073788e-02
4.950000000000000000e+02 6.865898000000000279e-01 5.608907993602592346e-03
4.960000000000000000e+02 6.818927999999999656e-01 1.476721198315681651e-03
4.970000000000000000e+02 6.768640000000000212e-01 2.798265996808353717e-04
4.980000000000000000e+02 6.714934999999999654e-01 3.573113995924577909e-05
4.990000000000000000e+02 6.659386999999999945e-01 2.729887996886344572e-06
5.000000000000000000e+02 6.608376999999999724e-01 9.337857989349426617e-08
5.010000000000000000e+02 6.575723999999999458e-01 0.000000000000000000e+00
