1.000000000000000000e+00 3.212880000000000180e-01 3.936482134127862454e-05
2.000000000000000000e+00 3.239445000000000241e-01 4.101220385556082922e-05
3.000000000000000000e+00 3.278001999999999860e-01 4.586355039762023936e-05
4.000000000000000000e+00 3.213058999999999776e-01 5.573578548320890630e-05
5.000000000000000000e+00 3.193812999999999791e-01 6.662457057761070334e-05
6.000000000000000000e+00 3.210942999999999992e-01 7.584048065750926973e-05
7.000000000000000000e+00 3.237228999999999801e-01 8.424202573034760531e-05
8.000000000000000000e+00 3.245991999999999766e-01 9.465862582065571486e-05
9.000000000000000000e+00 3.208783000000000052e-01 1.080639909368753468e-04
1.000000000000000000e+01 3.203142999999999962e-01 1.197591760382683298e-04
1.100000000000000000e+01 3.217580999999999913e-01 1.280997011105776157e-04
1.200000000000000000e+01 3.234044999999999837e-01 1.354652561744342908e-04
1.300000000000000000e+01 3.234675000000000189e-01 1.452667062594092875e-04
1.400000000000000000e+01 3.209431999999999841e-01 1.577632963677501657e-04
1.500000000000000000e+01 3.207762000000000113e-01 1.682075264582978246e-04
1.600000000000000000e+01 3.219216999999999773e-01 1.756956165232168552e-04
1.700000000000000000e+01 3.229905000000000137e-01 1.830690015871413935e-04
1.800000000000000000e+01 3.227165000000000172e-01 1.933852966765799153e-04
1.900000000000000000e+01 3.208934999999999982e-01 2.060406917862975436e-04
2.000000000000000000e+01 3.209154000000000173e-01 2.164095018761913567e-04
2.100000000000000000e+01 3.218397000000000063e-01 2.241217819430540124e-04
2.200000000000000000e+01 3.225428000000000184e-01 2.322069320131493211e-04
2.300000000000000000e+01 3.221239000000000186e-01 2.432902971092380199e-04
2.400000000000000000e+01 3.207672999999999774e-01 2.561387422206293511e-04
2.500000000000000000e+01 3.208866000000000218e-01 2.664415373099508376e-04
2.600000000000000000e+01 3.216330000000000022e-01 2.743450223784711498e-04
2.700000000000000000e+01 3.220830000000000082e-01 2.829762924533011010e-04
2.800000000000000000e+01 3.216046000000000182e-01 2.945216725533953621e-04
2.900000000000000000e+01 3.205730999999999997e-01 3.072917276641070391e-04
3.000000000000000000e+01 3.207374000000000058e-01 3.173881077516389824e-04
3.100000000000000000e+01 3.213349999999999818e-01 3.254039578211334843e-04
3.200000000000000000e+01 3.216019999999999990e-01 3.344519728995764803e-04
3.300000000000000000e+01 3.211070999999999787e-01 3.462641130019834118e-04
3.400000000000000000e+01 3.203096999999999750e-01 3.588258631108891912e-04
3.500000000000000000e+01 3.204889000000000210e-01 3.686954431964548974e-04
3.600000000000000000e+01 3.209603999999999790e-01 3.768309482669867250e-04
3.700000000000000000e+01 3.210918999999999857e-01 3.862400433485601355e-04
3.800000000000000000e+01 3.206031999999999771e-01 3.982086484523235143e-04
3.900000000000000000e+01 3.199781999999999904e-01 4.105120535589896298e-04
4.000000000000000000e+01 3.201538999999999913e-01 4.201807986428141321e-04
4.100000000000000000e+01 3.205177000000000165e-01 4.284613837146037003e-04
4.200000000000000000e+01 3.205472999999999795e-01 4.381916887989619250e-04
4.300000000000000000e+01 3.200765999999999889e-01 4.502394039034112155e-04
4.400000000000000000e+01 3.195798999999999723e-01 4.622674540076899879e-04
4.500000000000000000e+01 3.197408999999999946e-01 4.717737040901057556e-04
4.600000000000000000e+01 3.200120000000000187e-01 4.802224541633533391e-04
4.700000000000000000e+01 3.199641999999999764e-01 4.902376542501814044e-04
4.800000000000000000e+01 3.195168999999999926e-01 5.023066543548152310e-04
4.900000000000000000e+01 3.191163000000000194e-01 5.140606544567180884e-04
5.000000000000000000e+01 3.192553000000000196e-01 5.234458545380843777e-04
5.100000000000000000e+01 3.194461000000000106e-01 5.320809046129471465e-04
5.200000000000000000e+01 3.193391999999999897e-01 5.423458547019404741e-04
5.300000000000000000e+01 3.189173000000000147e-01 5.543937048063909056e-04
5.400000000000000000e+01 3.185882999999999909e-01 5.658867049060310435e-04
5.500000000000000000e+01 3.187010000000000121e-01 5.751913549866989606e-04
5.600000000000000000e+01 3.188222000000000000e-01 5.840248550632821598e-04
5.700000000000000000e+01 3.186698000000000031e-01 5.945071551541598973e-04
5.800000000000000000e+01 3.182730999999999755e-01 6.065010052581421875e-04
5.900000000000000000e+01 3.179969999999999741e-01 6.177532553556951047e-04
6.000000000000000000e+01 3.180807999999999969e-01 6.270151554359923917e-04
6.100000000000000000e+01 3.181412000000000129e-01 6.360529555143469137e-04
6.200000000000000000e+01 3.179537000000000058e-01 6.467202056068280464e-04
6.300000000000000000e+01 3.175805999999999907e-01 6.586362057101353279e-04
6.400000000000000000e+01 3.173428999999999833e-01 6.696715558058077833e-04
6.500000000000000000e+01 3.173965999999999732e-01 6.789244558860270829e-04
6.600000000000000000e+01 3.174039000000000166e-01 6.881679059661644469e-04
6.700000000000000000e+01 3.171893000000000074e-01 6.989899560599875921e-04
6.800000000000000000e+01 3.168375999999999970e-01 7.108119061624796828e-04
6.900000000000000000e+01 3.166266999999999832e-01 7.216560062564940110e-04
7.000000000000000000e+01 3.166496999999999784e-01 7.309291563368889178e-04
7.100000000000000000e+01 3.166105000000000169e-01 7.403751064187818120e-04
7.200000000000000000e+01 3.163749000000000144e-01 7.513236065137012714e-04
7.300000000000000000e+01 3.160417999999999839e-01 7.630407066152842827e-04
7.400000000000000000e+01 3.158486999999999822e-01 7.737214567078824507e-04
7.500000000000000000e+01 3.158412999999999915e-01 7.830400567886713513e-04
7.600000000000000000e+01 3.157611000000000168e-01 7.926822068722652603e-04
7.700000000000000000e+01 3.155091999999999897e-01 8.037315069680586992e-04
7.800000000000000000e+01 3.151919000000000248e-01 8.153388070686896352e-04
7.900000000000000000e+01 3.150092999999999921e-01 8.258823071600980342e-04
8.000000000000000000e+01 3.149719000000000269e-01 8.352675072414642151e-04
8.100000000000000000e+01 3.148557000000000161e-01 8.450977573266889396e-04
8.200000000000000000e+01 3.145909000000000066e-01 8.562253574231611184e-04
8.300000000000000000e+01 3.142866000000000271e-01 8.677219575228325163e-04
8.400000000000000000e+01 3.141087000000000184e-01 8.781552076132848918e-04
8.500000000000000000e+01 3.140420999999999907e-01 8.876250076953845448e-04
8.600000000000000000e+01 3.138940000000000063e-01 8.976325577821465214e-04
8.700000000000000000e+01 3.136188999999999782e-01 9.088186578791257811e-04
8.800000000000000000e+01 3.133247000000000115e-01 9.202068079778569481e-04
8.900000000000000000e+01 3.131468000000000029e-01 9.305563580675837478e-04
9.000000000000000000e+01 3.130519999999999969e-01 9.401247081505378564e-04
9.100000000000000000e+01 3.128756999999999788e-01 9.502987582387431966e-04
9.200000000000000000e+01 3.125921999999999867e-01 9.615262583360815671e-04
9.300000000000000000e+01 3.123054000000000108e-01 9.728118084339231787e-04
9.400000000000000000e+01 3.121237000000000039e-01 9.831024085231389494e-04
9.500000000000000000e+01 3.120018999999999987e-01 9.927810086070487563e-04
9.600000000000000000e+01 3.118004999999999804e-01 1.003110308696600166e-03
9.700000000000000000e+01 3.115099000000000062e-01 1.014365258794176338e-03
9.800000000000000000e+01 3.112279000000000018e-01 1.025557658891210330e-03
9.900000000000000000e+01 3.110394000000000214e-01 1.035812708980117991e-03
1.000000000000000000e+02 3.108915999999999902e-01 1.045610559065061809e-03
1.010000000000000000e+02 3.106677999999999940e-01 1.056082959155853554e-03
1.020000000000000000e+02 3.103709000000000051e-01 1.067354559253574182e-03
1.030000000000000000e+02 3.100914000000000170e-01 1.078463709349886546e-03
1.040000000000000000e+02 3.098936999999999942e-01 1.088706159438684743e-03
1.050000000000000000e+02 3.097211000000000269e-01 1.098630009524721035e-03
1.060000000000000000e+02 3.094771000000000050e-01 1.109234259616655822e-03
1.070000000000000000e+02 3.091743000000000130e-01 1.120513959714446867e-03
1.080000000000000000e+02 3.088949999999999751e-01 1.131553359810154530e-03
1.090000000000000000e+02 3.086862000000000217e-01 1.141803459899019086e-03
1.100000000000000000e+02 3.084900999999999893e-01 1.151858259986190307e-03
1.110000000000000000e+02 3.082277999999999962e-01 1.162583110079171058e-03
1.120000000000000000e+02 3.079193000000000069e-01 1.173866410176993037e-03
1.130000000000000000e+02 3.076381999999999728e-01 1.184849110272209087e-03
1.140000000000000000e+02 3.074167999999999901e-01 1.195126660361311771e-03
1.150000000000000000e+02 3.071980999999999740e-01 1.205315560449645882e-03
1.160000000000000000e+02 3.069192000000000031e-01 1.216151560543590011e-03
1.170000000000000000e+02 3.066050000000000164e-01 1.227435310641416047e-03
1.180000000000000000e+02 3.063201999999999869e-01 1.238376610736272986e-03
1.190000000000000000e+02 3.060849999999999960e-01 1.248699160825765715e-03
1.200000000000000000e+02 3.058448999999999751e-01 1.259023510915274020e-03
1.210000000000000000e+02 3.055506000000000055e-01 1.269961661010103864e-03
1.220000000000000000e+02 3.052304000000000128e-01 1.281245861107933740e-03
1.230000000000000000e+02 3.049401999999999946e-01 1.292161061202564505e-03
1.240000000000000000e+02 3.046903000000000250e-01 1.302545261292591735e-03
1.250000000000000000e+02 3.044297999999999726e-01 1.313005961383282346e-03
1.260000000000000000e+02 3.041211999999999804e-01 1.324038611478931329e-03
1.270000000000000000e+02 3.037946000000000257e-01 1.335325061576780620e-03
1.280000000000000000e+02 3.034974999999999756e-01 1.346230811671329450e-03
1.290000000000000000e+02 3.032322000000000073e-01 1.356690611762012165e-03
1.300000000000000000e+02 3.029523000000000077e-01 1.367288111853888705e-03
1.310000000000000000e+02 3.026303000000000187e-01 1.378408061950294524e-03
1.320000000000000000e+02 3.022966999999999738e-01 1.389700812048198656e-03
1.330000000000000000e+02 3.019912000000000152e-01 1.400613312142805949e-03
1.340000000000000000e+02 3.017100999999999811e-01 1.411162212234261075e-03
1.350000000000000000e+02 3.014116000000000017e-01 1.421895612327315865e-03
1.360000000000000000e+02 3.010767999999999778e-01 1.433099262424447152e-03
1.370000000000000000e+02 3.007356999999999947e-01 1.444404162522456691e-03
1.380000000000000000e+02 3.004205999999999821e-01 1.455339612617262846e-03
1.390000000000000000e+02 3.001232999999999818e-01 1.465989312709591952e-03
1.400000000000000000e+02 2.998069999999999902e-01 1.476856812803809416e-03
1.410000000000000000e+02 2.994599000000000011e-01 1.488140562901635235e-03
1.420000000000000000e+02 2.991106000000000043e-01 1.499465262999816108e-03
1.430000000000000000e+02 2.987848000000000170e-01 1.510439863094961959e-03
1.440000000000000000e+02 2.984709999999999863e-01 1.521200713188254660e-03
1.450000000000000000e+02 2.981377000000000055e-01 1.532201863283630741e-03
1.460000000000000000e+02 2.977783999999999986e-01 1.543563463382131460e-03
1.470000000000000000e+02 2.974203000000000263e-01 1.554916513480558357e-03
1.480000000000000000e+02 2.970826999999999773e-01 1.565946013576180245e-03
1.490000000000000000e+02 2.967524000000000273e-01 1.576827463670518259e-03
1.500000000000000000e+02 2.964025000000000132e-01 1.587961363767045062e-03
1.510000000000000000e+02 2.960314000000000001e-01 1.599401263866224738e-03
1.520000000000000000e+02 2.956636000000000264e-01 1.610792563964983217e-03
1.530000000000000000e+02 2.953135000000000066e-01 1.621892714061217702e-03
1.540000000000000000e+02 2.949666000000000232e-01 1.632902414156667606e-03
1.550000000000000000e+02 2.946005999999999903e-01 1.644167714254333610e-03
1.560000000000000000e+02 2.942176000000000236e-01 1.655686814354200139e-03
1.570000000000000000e+02 2.938393999999999728e-01 1.667127614453387495e-03
1.580000000000000000e+02 2.934760000000000146e-01 1.678313264550363023e-03
1.590000000000000000e+02 2.931123999999999952e-01 1.689458414646987337e-03
1.600000000000000000e+02 2.927309000000000161e-01 1.700855564745796817e-03
1.610000000000000000e+02 2.923357999999999790e-01 1.712456564846373021e-03
1.620000000000000000e+02 2.919464999999999977e-01 1.723959014946095094e-03
1.630000000000000000e+02 2.915690000000000226e-01 1.735243215043925187e-03
1.640000000000000000e+02 2.911888000000000254e-01 1.746530565141782157e-03
1.650000000000000000e+02 2.907918999999999921e-01 1.758059115241730405e-03
1.660000000000000000e+02 2.903846999999999956e-01 1.769746965343059822e-03
1.670000000000000000e+02 2.899835000000000051e-01 1.781323215443421804e-03
1.680000000000000000e+02 2.895913999999999988e-01 1.792719915542227010e-03
1.690000000000000000e+02 2.891946000000000239e-01 1.804155765641371695e-03
1.700000000000000000e+02 2.887826000000000004e-01 1.815816165742462985e-03
1.710000000000000000e+02 2.883627999999999747e-01 1.827595815844588502e-03
1.720000000000000000e+02 2.879491000000000134e-01 1.839260265945714999e-03
1.730000000000000000e+02 2.875418000000000140e-01 1.850782066045604567e-03
1.740000000000000000e+02 2.871283000000000030e-01 1.862370466146071957e-03
1.750000000000000000e+02 2.867013999999999951e-01 1.874164966248325704e-03
1.760000000000000000e+02 2.862687999999999899e-01 1.886043616351309408e-03
1.770000000000000000e+02 2.858417999999999792e-01 1.897807966453301989e-03
1.780000000000000000e+02 2.854187999999999725e-01 1.909466116554374079e-03
1.790000000000000000e+02 2.849886999999999837e-01 1.921212016656206629e-03
1.800000000000000000e+02 2.845467999999999886e-01 1.933143316759646738e-03
1.810000000000000000e+02 2.841008999999999896e-01 1.945129066863558612e-03
1.820000000000000000e+02 2.836599000000000204e-01 1.957006816966534203e-03
1.830000000000000000e+02 2.832207999999999948e-01 1.968813917068897631e-03
1.840000000000000000e+02 2.827741999999999756e-01 1.980722717172142718e-03
1.850000000000000000e+02 2.823171999999999904e-01 1.992794417276799908e-03
1.860000000000000000e+02 2.818575999999999859e-01 2.004896717381722537e-03
1.870000000000000000e+02 2.814018999999999826e-01 2.016902267485806179e-03
1.880000000000000000e+02 2.809464999999999879e-01 2.028867317589538605e-03
1.890000000000000000e+02 2.804830999999999852e-01 2.040942617694226947e-03
1.900000000000000000e+02 2.800109000000000070e-01 2.053158317800132804e-03
1.910000000000000000e+02 2.795368999999999771e-01 2.065386167906143634e-03
1.920000000000000000e+02 2.790659999999999807e-01 2.077532118011444790e-03
1.930000000000000000e+02 2.785936999999999997e-01 2.089664568116628585e-03
1.940000000000000000e+02 2.781136000000000164e-01 2.101912218222811400e-03
1.950000000000000000e+02 2.776258999999999810e-01 2.114278218330020113e-03
1.960000000000000000e+02 2.771371999999999725e-01 2.126644218437228825e-03
1.970000000000000000e+02 2.766503000000000156e-01 2.138943618543859716e-03
1.980000000000000000e+02 2.761608999999999869e-01 2.151253368650581088e-03
1.990000000000000000e+02 2.756638000000000144e-01 2.163677418758292934e-03
2.000000000000000000e+02 2.751604000000000272e-01 2.176199118866851880e-03
2.010000000000000000e+02 2.746561000000000141e-01 2.188713168975343817e-03
2.020000000000000000e+02 2.741527000000000269e-01 2.201178169083410716e-03
2.030000000000000000e+02 2.736457999999999946e-01 2.213673319191739215e-03
2.040000000000000000e+02 2.731315999999999744e-01 2.226279169301027469e-03
2.050000000000000000e+02 2.726121000000000238e-01 2.238965569411013878e-03
2.060000000000000000e+02 2.720917999999999948e-01 2.251640269520898720e-03
2.070000000000000000e+02 2.715713000000000155e-01 2.264283919630514716e-03
2.080000000000000000e+02 2.710465000000000235e-01 2.276973019740524597e-03
2.090000000000000000e+02 2.705150000000000055e-01 2.289766519851439610e-03
2.100000000000000000e+02 2.699788000000000188e-01 2.302624819962916219e-03
2.110000000000000000e+02 2.694418000000000091e-01 2.315471870074295533e-03
2.120000000000000000e+02 2.689036000000000204e-01 2.328304970185553647e-03
2.130000000000000000e+02 2.683607000000000076e-01 2.341195220297307648e-03
2.140000000000000000e+02 2.678113999999999773e-01 2.354182670409904043e-03
2.150000000000000000e+02 2.672580999999999984e-01 2.367222320522952787e-03
2.160000000000000000e+02 2.667036999999999880e-01 2.380253420635928142e-03
2.170000000000000000e+02 2.661471999999999727e-01 2.393287670748930375e-03
2.180000000000000000e+02 2.655856999999999801e-01 2.406387170862498044e-03
2.190000000000000000e+02 2.650183999999999873e-01 2.419574870976830445e-03
2.200000000000000000e+02 2.644473999999999991e-01 2.432805771091537533e-03
2.210000000000000000e+02 2.638749000000000233e-01 2.446033521206217309e-03
2.220000000000000000e+02 2.632996000000000225e-01 2.459278821321049004e-03
2.230000000000000000e+02 2.627190999999999832e-01 2.472594321436490106e-03
2.240000000000000000e+02 2.621332000000000106e-01 2.485990371552628496e-03
2.250000000000000000e+02 2.615438999999999958e-01 2.499422421669079703e-03
2.260000000000000000e+02 2.609526999999999819e-01 2.512859421785573581e-03
2.270000000000000000e+02 2.603579999999999783e-01 2.526326121902324785e-03
2.280000000000000000e+02 2.597579999999999889e-01 2.539865722019708436e-03
2.290000000000000000e+02 2.591530000000000222e-01 2.553477322137715985e-03
2.300000000000000000e+02 2.585448000000000190e-01 2.567121322256004333e-03
2.310000000000000000e+02 2.579339999999999966e-01 2.580778372374406202e-03
2.320000000000000000e+02 2.573192999999999730e-01 2.594476822493166530e-03
2.330000000000000000e+02 2.566994000000000220e-01 2.608248172612559306e-03
2.340000000000000000e+02 2.560746999999999884e-01 2.622084772732517517e-03
2.350000000000000000e+02 2.554467999999999739e-01 2.635951972852740733e-03
2.360000000000000000e+02 2.548157999999999812e-01 2.649840772973151726e-03
2.370000000000000000e+02 2.541804999999999759e-01 2.663778623093987757e-03
2.380000000000000000e+02 2.535399999999999876e-01 2.677787573215440441e-03
2.390000000000000000e+02 2.528949999999999809e-01 2.691855923337407776e-03
2.400000000000000000e+02 2.522464999999999846e-01 2.705955323459644825e-03
2.410000000000000000e+02 2.515946000000000016e-01 2.720085323582146445e-03
2.420000000000000000e+02 2.509379999999999944e-01 2.734270673705128159e-03
2.430000000000000000e+02 2.502763000000000071e-01 2.748526673828722688e-03
2.440000000000000000e+02 2.496102000000000043e-01 2.762837573952793037e-03
2.450000000000000000e+02 2.489405000000000090e-01 2.777182674077159543e-03
2.460000000000000000e+02 2.482669000000000126e-01 2.791566474201861905e-03
2.470000000000000000e+02 2.475883999999999863e-01 2.806010124327082758e-03
2.480000000000000000e+02 2.469049000000000105e-01 2.820520824452885707e-03
2.490000000000000000e+02 2.462168999999999885e-01 2.835081924579125213e-03
2.500000000000000000e+02 2.455249999999999932e-01 2.849679924705684347e-03
2.510000000000000000e+02 2.448288000000000131e-01 2.864323374832637367e-03
2.520000000000000000e+02 2.441274999999999973e-01 2.879029374960133652e-03
2.530000000000000000e+02 2.434212000000000042e-01 2.893799725088186826e-03
2.540000000000000000e+02 2.427104999999999957e-01 2.908620925216681263e-03
2.550000000000000000e+02 2.419956000000000051e-01 2.923483525345534160e-03
2.560000000000000000e+02 2.412760999999999934e-01 2.938397425474833027e-03
2.570000000000000000e+02 2.405512999999999957e-01 2.953374775604681104e-03
2.580000000000000000e+02 2.398214999999999930e-01 2.968414675735071145e-03
2.590000000000000000e+02 2.390870999999999968e-01 2.983503625865887091e-03
2.600000000000000000e+02 2.383482000000000101e-01 2.998638475997100761e-03
2.610000000000000000e+02 2.376043999999999934e-01 3.013829126128797931e-03
2.620000000000000000e+02 2.368551999999999880e-01 3.029083226261045179e-03
2.630000000000000000e+02 2.361009000000000024e-01 3.044397176393811785e-03
2.640000000000000000e+02 2.353418999999999928e-01 3.059761526527014948e-03
2.650000000000000000e+02 2.345780000000000087e-01 3.075176276660655100e-03
2.660000000000000000e+02 2.338088999999999862e-01 3.090649076794798385e-03
2.670000000000000000e+02 2.330342999999999998e-01 3.106185776929496021e-03
2.680000000000000000e+02 2.322545000000000026e-01 3.121780977064700629e-03
2.690000000000000000e+02 2.314698000000000033e-01 3.137427477200350773e-03
2.700000000000000000e+02 2.306797999999999904e-01 3.153127527336464352e-03
2.710000000000000000e+02 2.298843999999999888e-01 3.168887877473100696e-03
2.720000000000000000e+02 2.290834999999999955e-01 3.184711227610283277e-03
2.730000000000000000e+02 2.282771000000000106e-01 3.200591727747961312e-03
2.740000000000000000e+02 2.274654999999999871e-01 3.216525327886100242e-03
2.750000000000000000e+02 2.266483999999999999e-01 3.232515178024726078e-03
2.760000000000000000e+02 2.258255999999999875e-01 3.248566678163886633e-03
2.770000000000000000e+02 2.249970000000000026e-01 3.264679828303581905e-03
2.780000000000000000e+02 2.241628999999999983e-01 3.280849228443764518e-03
2.790000000000000000e+02 2.233231999999999995e-01 3.297073078584419545e-03
2.800000000000000000e+02 2.224777000000000005e-01 3.313354528725573865e-03
2.810000000000000000e+02 2.216262999999999983e-01 3.329697178867258630e-03
2.820000000000000000e+02 2.207688999999999901e-01 3.346099229009458480e-03
2.830000000000000000e+02 2.199057000000000095e-01 3.362557529152146105e-03
2.840000000000000000e+02 2.190365999999999980e-01 3.379070729295309550e-03
2.850000000000000000e+02 2.181615000000000082e-01 3.395642879438983807e-03
2.860000000000000000e+02 2.172801000000000038e-01 3.412274879583177423e-03
2.870000000000000000e+02 2.163925999999999905e-01 3.428965829727881418e-03
2.880000000000000000e+02 2.154989999999999961e-01 3.445712129873065507e-03
2.890000000000000000e+02 2.145991999999999900e-01 3.462514230018733964e-03
2.900000000000000000e+02 2.136928999999999912e-01 3.479373930164901280e-03
2.910000000000000000e+02 2.127803000000000055e-01 3.496291230311568323e-03
2.920000000000000000e+02 2.118610999999999966e-01 3.513263880458715026e-03
2.930000000000000000e+02 2.109354999999999980e-01 3.530290080606326032e-03
2.940000000000000000e+02 2.100034000000000067e-01 3.547371630754416263e-03
2.950000000000000000e+02 2.090644999999999865e-01 3.564508980902991297e-03
2.960000000000000000e+02 2.081189999999999984e-01 3.581701681052045123e-03
2.970000000000000000e+02 2.071667000000000092e-01 3.598948381201567959e-03
2.980000000000000000e+02 2.062075999999999909e-01 3.616247281351543576e-03
2.990000000000000000e+02 2.052415999999999963e-01 3.633598381501971109e-03
3.000000000000000000e+02 2.042684999999999917e-01 3.651002131652854830e-03
3.010000000000000000e+02 2.032884000000000080e-01 3.668457631804187928e-03
3.020000000000000000e+02 2.023011999999999866e-01 3.685961731955942223e-03
3.030000000000000000e+02 2.013068000000000080e-01 3.703514432108117715e-03
3.040000000000000000e+02 2.003051000000000137e-01 3.721115732260714837e-03
3.050000000000000000e+02 1.992960000000000009e-01 3.738764282413720771e-03
3.060000000000000000e+02 1.982793999999999945e-01 3.756458282567121457e-03
3.070000000000000000e+02 1.972553999999999974e-01 3.774197282720912188e-03
3.080000000000000000e+02 1.962239000000000066e-01 3.791979932875081012e-03
3.090000000000000000e+02 1.951846000000000136e-01 3.809805333029620683e-03
3.100000000000000000e+02 1.941375999999999935e-01 3.827671683184515842e-03
3.110000000000000000e+02 1.930826999999999960e-01 3.845577633339753668e-03
3.120000000000000000e+02 1.920198999999999934e-01 3.863520483495311558e-03
3.130000000000000000e+02 1.909491000000000105e-01 3.881500233651189943e-03
3.140000000000000000e+02 1.898701999999999890e-01 3.899514183807363619e-03
3.150000000000000000e+02 1.887831000000000092e-01 3.917560533963818960e-03
3.160000000000000000e+02 1.876877000000000129e-01 3.935637034120535900e-03
3.170000000000000000e+02 1.865838999999999970e-01 3.953741434277494374e-03
3.180000000000000000e+02 1.854715999999999865e-01 3.971871484434674748e-03
3.190000000000000000e+02 1.843508000000000091e-01 3.990025384592062532e-03
3.200000000000000000e+02 1.832213000000000036e-01 4.008199984749629546e-03
3.210000000000000000e+02 1.820829999999999949e-01 4.026392584907353620e-03
3.220000000000000000e+02 1.809358000000000077e-01 4.044600485065209111e-03
3.230000000000000000e+02 1.797796999999999867e-01 4.062820535223170444e-03
3.240000000000000000e+02 1.786144000000000065e-01 4.081049585381209439e-03
3.250000000000000000e+02 1.774399999999999866e-01 4.099284035539295379e-03
3.260000000000000000e+02 1.762562000000000018e-01 4.117521185697404357e-03
3.270000000000000000e+02 1.750629999999999964e-01 4.135756085855495437e-03
3.280000000000000000e+02 1.738602999999999954e-01 4.153985586013537838e-03
3.290000000000000000e+02 1.726478999999999930e-01 4.172204736171491492e-03
3.300000000000000000e+02 1.714257999999999893e-01 4.190409036329316265e-03
3.310000000000000000e+02 1.701937000000000033e-01 4.208594436486977168e-03
3.320000000000000000e+02 1.689517000000000102e-01 4.226756436644434067e-03
3.330000000000000000e+02 1.676995000000000013e-01 4.244889636801642621e-03
3.340000000000000000e+02 1.664370000000000016e-01 4.262988636958554151e-03
3.350000000000000000e+02 1.651641000000000081e-01 4.281048037115123446e-03
3.360000000000000000e+02 1.638806999999999903e-01 4.299060637271285602e-03
3.370000000000000000e+02 1.625865999999999978e-01 4.317020587426992004e-03
3.380000000000000000e+02 1.612817000000000001e-01 4.334920687582179480e-03
3.390000000000000000e+02 1.599657999999999913e-01 4.352754187736789133e-03
3.400000000000000000e+02 1.586387999999999965e-01 4.370512987890751849e-03
3.410000000000000000e+02 1.573006000000000126e-01 4.388189438044000183e-03
3.420000000000000000e+02 1.559510000000000063e-01 4.405775438196464153e-03
3.430000000000000000e+02 1.545897999999999994e-01 4.423261988348066095e-03
3.440000000000000000e+02 1.532168999999999892e-01 4.440640538498731756e-03
3.450000000000000000e+02 1.518322000000000005e-01 4.457900738648371518e-03
3.460000000000000000e+02 1.504353999999999969e-01 4.475032688796899173e-03
3.470000000000000000e+02 1.490264000000000033e-01 4.492025138944217427e-03
3.480000000000000000e+02 1.476050999999999891e-01 4.508865039090213626e-03
3.490000000000000000e+02 1.461712000000000011e-01 4.525546539234835686e-03
3.500000000000000000e+02 1.447246000000000088e-01 4.542048039377897563e-03
3.510000000000000000e+02 1.432652000000000092e-01 4.558360539519320728e-03
3.520000000000000000e+02 1.417925999999999909e-01 4.574470539658989122e-03
3.530000000000000000e+02 1.403068000000000093e-01 4.590360039796745686e-03
3.540000000000000000e+02 1.388073999999999975e-01 4.606015539932472626e-03
3.550000000000000000e+02 1.372945000000000138e-01 4.621419040066015484e-03
3.560000000000000000e+02 1.357676999999999912e-01 4.636552540197217201e-03
3.570000000000000000e+02 1.342268000000000072e-01 4.651398040325922453e-03
3.580000000000000000e+02 1.326716000000000006e-01 4.665933040451935784e-03
3.590000000000000000e+02 1.311019999999999963e-01 4.680135040575061738e-03
3.600000000000000000e+02 1.295176000000000105e-01 4.693990540695184253e-03
3.610000000000000000e+02 1.279183000000000126e-01 4.707468040812029346e-03
3.620000000000000000e+02 1.263038999999999967e-01 4.720545040925401559e-03
3.630000000000000000e+02 1.246740999999999960e-01 4.733194541035068773e-03
3.640000000000000000e+02 1.230287000000000047e-01 4.745389541140794532e-03
3.650000000000000000e+02 1.213674000000000003e-01 4.757103041242345849e-03
3.660000000000000000e+02 1.196900000000000047e-01 4.768299041339411209e-03
3.670000000000000000e+02 1.179962999999999984e-01 4.778946041431717494e-03
3.680000000000000000e+02 1.162858999999999976e-01 4.789008041518951451e-03
3.690000000000000000e+02 1.145586999999999994e-01 4.798444541600761434e-03
3.700000000000000000e+02 1.128143000000000062e-01 4.807215041676799264e-03
3.710000000000000000e+02 1.110523999999999956e-01 4.815279041746710689e-03
3.720000000000000000e+02 1.092728000000000033e-01 4.822587041810069003e-03
3.730000000000000000e+02 1.074751000000000040e-01 4.829089541866443160e-03
3.740000000000000000e+02 1.056591000000000058e-01 4.834737041915404716e-03
3.750000000000000000e+02 1.038246000000000030e-01 4.839471041956446701e-03
3.760000000000000000e+02 1.019710999999999951e-01 4.843237541989100538e-03
3.770000000000000000e+02 1.000984000000000040e-01 4.845973542012820857e-03
3.780000000000000000e+02 9.820619999999999350e-02 4.847611542027021291e-03
3.790000000000000000e+02 9.629414000000000029e-02 4.848075042031040408e-03
3.800000000000000000e+02 9.436189000000000382e-02 4.847292042024251707e-03
3.810000000000000000e+02 9.240911000000000264e-02 4.845177042005916097e-03
3.820000000000000000e+02 9.043542000000000247e-02 4.841635541975212488e-03
3.830000000000000000e+02 8.844045999999999852e-02 4.836573041931322391e-03
3.840000000000000000e+02 8.642386000000000512e-02 4.829881541873309522e-03
3.850000000000000000e+02 8.438526000000000360e-02 4.821444041800159071e-03
3.860000000000000000e+02 8.232430000000000303e-02 4.811148041710896356e-03
3.870000000000000000e+02 8.024061000000000388e-02 4.798854041604311976e-03
3.880000000000000000e+02 7.813383000000000134e-02 4.784427041479234928e-03
3.890000000000000000e+02 7.600358000000000114e-02 4.767709541334300485e-03
3.900000000000000000e+02 7.384946000000000565e-02 4.748539541168103791e-03
3.910000000000000000e+02 7.167110000000000147e-02 4.726728040979006132e-03
3.920000000000000000e+02 6.946808999999999623e-02 4.702077040765291135e-03
3.930000000000000000e+02 6.724003000000000618e-02 4.674361540525007706e-03
3.940000000000000000e+02 6.498653000000000068e-02 4.643347540256127955e-03
3.950000000000000000e+02 6.270720000000000460e-02 4.608756039956232210e-03
3.960000000000000000e+02 6.040166999999999758e-02 4.570303539622862406e-03
3.970000000000000000e+02 5.806957000000000091e-02 4.527661539253172163e-03
3.980000000000000000e+02 5.571055999999999925e-02 4.480477688844105091e-03
3.990000000000000000e+02 5.332436000000000120e-02 4.428367238392326606e-03
4.000000000000000000e+02 5.091071999999999959e-02 4.370904937894149606e-03
4.010000000000000000e+02 4.846943000000000085e-02 4.307621437345504622e-03
4.020000000000000000e+02 4.600031000000000259e-02 4.237985736741788773e-03
4.030000000000000000e+02 4.350319999999999881e-02 4.161377736077625025e-03
4.040000000000000000e+02 4.097797999999999718e-02 4.077042335346468815e-03
4.050000000000000000e+02 3.842451000000000200e-02 3.984007084539885855e-03
4.060000000000000000e+02 3.584270999999999985e-02 3.880957533646484624e-03
4.070000000000000000e+02 3.323249000000000342e-02 3.766059032650356363e-03
4.080000000000000000e+02 3.059397000000000158e-02 3.636749731529291887e-03
4.090000000000000000e+02 2.792781999999999903e-02 3.489544380253075794e-03
4.100000000000000000e+02 2.523618999999999862e-02 3.319978978783005505e-03
4.110000000000000000e+02 2.252445999999999962e-02 3.122865027074099315e-03
4.120000000000000000e+02 1.980395000000000072e-02 2.893071625081874813e-03
4.130000000000000000e+02 1.709569000000000019e-02 2.626996522775100484e-03
4.140000000000000000e+02 1.443413999999999982e-02 2.324633420153723005e-03
4.150000000000000000e+02 1.186933000000000085e-02 1.991722067267502790e-03
4.160000000000000000e+02 9.464793000000000858e-03 1.640988464226770865e-03
4.170000000000000000e+02 7.289498000000000158e-03 1.291363211195647575e-03
4.180000000000000000e+02 5.404640999999999959e-03 9.646632083632776305e-04
4.190000000000000000e+02 3.849340000000000140e-03 6.805372559000095632e-04
4.200000000000000000e+02 2.631374000000000126e-03 4.516654539157745080e-04
4.210000000000000000e+02 1.727054000000000002e-03 2.813432874391435926e-04
4.220000000000000000e+02 1.089687999999999898e-03 1.643146664245481541e-04
4.230000000000000000e+02 6.621261000000000030e-04 8.999433078021797398e-05
4.240000000000000000e+02 3.881935999999999894e-04 4.627309540117083866e-05
4.250000000000000000e+02 2.199831999999999981e-04 2.237503969398342300e-05
4.260000000000000000e+02 1.206701000000000019e-04 1.019598758839548874e-05
4.270000000000000000e+02 6.414590999999999924e-05 4.388360438045482331e-06
4.280000000000000000e+02 3.307155000000000018e-05 1.787978715501122318e-06
4.290000000000000000e+02 1.654663000000000051e-05 6.911109059916791753e-07
4.300000000000000000e+02 8.037336999999999650e-06 2.539385572015545762e-07
4.310000000000000000e+02 3.791341000000000094e-06 8.885781077036477877e-08
4.320000000000000000e+02 1.737215000000000061e-06 2.965898725713258767e-08
4.330000000000000000e+02 7.733588999999999649e-07 9.456673581985905556e-09
4.340000000000000000e+02 3.345464000000000052e-07 2.884002775003250844e-09
4.350000000000000000e+02 1.406560000000000122e-07 8.421997573015643884e-10
4.360000000000000000e+02 5.748656000000000254e-08 2.357350670437369493e-10
4.370000000000000000e+02 2.284340999999999980e-08 6.329920554878099982e-11
4.380000000000000000e+02 8.827209999999999341e-09 1.631797214147085893e-11
4.390000000000000000e+02 3.317684000000000100e-09 4.041256535036218421e-12
4.400000000000000000e+02 1.213042999999999902e-09 9.620572583406851381e-13
4.410000000000000000e+02 4.315441999999999851e-10 2.202617269095887509e-13
4.420000000000000000e+02 1.494028999999999898e-10 4.852008042065138382e-14
4.430000000000000000e+02 5.034436999999999988e-11 1.028757158918948778e-14
4.440000000000000000e+02 1.651472000000000054e-11 2.100159918207619480e-15
4.450000000000000000e+02 5.274561000000000268e-12 4.129125785798012554e-16
4.460000000000000000e+02 1.640438000000000083e-12 7.820365567799714357e-17
4.470000000000000000e+02 4.968790000000000278e-13 1.427041362371927397e-17
4.480000000000000000e+02 1.465935000000000104e-13 2.509262121754386272e-18
4.490000000000000000e+02 4.213123999999999709e-14 4.252040586863638973e-19
4.500000000000000000e+02 1.179687999999999932e-14 6.944094060202759384e-20
4.510000000000000000e+02 3.218459000000000023e-15 1.092973509475681291e-20
4.520000000000000000e+02 8.556331999999999778e-16 1.657954814373862890e-21
4.530000000000000000e+02 2.216782999999999955e-16 2.423719821012765828e-22
4.540000000000000000e+02 5.597420999999999422e-17 3.414296279600702055e-23
4.550000000000000000e+02 1.377563999999999983e-17 4.634217040176969616e-24
4.560000000000000000e+02 3.304608999999999963e-18 6.059547052534060193e-25
4.570000000000000000e+02 7.727436000000000140e-19 7.631491566162244924e-26
4.580000000000000000e+02 1.761473000000000062e-19 9.255190580239122900e-27
4.590000000000000000e+02 3.914317999999999752e-20 1.080570609368152480e-27
4.600000000000000000e+02 8.479823999999999656e-21 1.214177410526474657e-28
4.610000000000000000e+02 1.790914999999999917e-21 1.312577561379568096e-29
4.620000000000000000e+02 3.687426000000000133e-22 1.364634461830882448e-30
4.630000000000000000e+02 7.401700000000000514e-23 1.363870361824257852e-31
4.640000000000000000e+02 1.448420999999999970e-23 1.309764161355176927e-32
4.650000000000000000e+02 2.763150999999999893e-24 1.207964260472609105e-33
4.660000000000000000e+02 5.138647000000000044e-25 1.069331409270712891e-34
4.670000000000000000e+02 9.315605999999999492e-26 9.080329578723141761e-36
4.680000000000000000e+02 1.646156999999999973e-26 7.391479564081429300e-37
4.690000000000000000e+02 2.835341000000000020e-27 5.763487549967332071e-38
4.700000000000000000e+02 4.759756999999999856e-28 4.301492437292368645e-39
4.710000000000000000e+02 7.787134000000000426e-29 3.070135376616952656e-40
4.720000000000000000e+02 1.241501999999999997e-29 2.093594418150698988e-41
4.730000000000000000e+02 1.928650999999999838e-30 1.362636461813560473e-42
4.740000000000000000e+02 2.919117000000000182e-31 8.455432573305513444e-44
4.750000000000000000e+02 4.304190999999999752e-32 4.996111543314462530e-45
4.760000000000000000e+02 6.181875000000000358e-33 2.807318274338424411e-46
4.770000000000000000e+02 8.647273000000000773e-34 1.497902862986270630e-47
4.780000000000000000e+02 1.177891999999999983e-34 7.577320565692601635e-49
4.790000000000000000e+02 1.562179999999999947e-35 3.627658831450477773e-50
4.800000000000000000e+02 2.016894999999999856e-36 1.640502464222557249e-51
4.810000000000000000e+02 2.534451000000000155e-37 6.992595060623244812e-53
4.820000000000000000e+02 3.099202000000000208e-38 2.802717924298540528e-54
4.830000000000000000e+02 3.687161000000000242e-39 1.053537309133783697e-55
4.840000000000000000e+02 4.266936000000000103e-40 3.703053632104123122e-57
4.850000000000000000e+02 4.801987999999999938e-41 1.212987160516155667e-58
4.860000000000000000e+02 5.254122999999999794e-42 3.688830481980812907e-60
4.870000000000000000e+02 5.587790999999999794e-43 1.036984058990273061e-61
4.880000000000000000e+02 5.774582999999999974e-44 2.681222873245223503e-63
4.890000000000000000e+02 5.797147999999999404e-45 6.339280554959248264e-65
4.900000000000000000e+02 5.651795000000000035e-46 1.361171711800861722e-66
4.910000000000000000e+02 5.349264000000000050e-47 2.632640422824031365e-68
4.920000000000000000e+02 4.913444000000000060e-48 4.541035539369119633e-70
4.930000000000000000e+02 4.378269999999999679e-49 6.900012059820584629e-72
4.940000000000000000e+02 3.783331000000000193e-50 9.092407578827854032e-74
4.950000000000000000e+02 3.169000000000000241e-51 1.017952658825277786e-75
4.960000000000000000e+02 2.571915000000000084e-52 9.414585081621013796e-78
4.970000000000000000e+02 2.021513999999999918e-53 6.905731559870171113e-80
4.980000000000000000e+02 1.538048000000000137e-54 3.766711532656013346e-82
4.990000000000000000e+02 1.132167999999999961e-55 1.358137811774558772e-84
5.000000000000000000e+02 8.060958000000000346e-57 2.428016421050016001e-87
5.010000000000000000e+02 5.911488999999999914e-58 0.000000000000000000e+00
