1.000000000000000000e+00 9.469180999999999848e-01 1.166787962843500431e-09
2.000000000000000000e+00 9.501403000000000487e-01 1.116124408901331750e-09
3.000000000000000000e+00 9.540996000000000477e-01 1.815253719970810181e-09
4.000000000000000000e+00 9.497356999999999605e-01 5.084448726974023271e-09
5.000000000000000000e+00 9.464901000000000009e-01 1.070130188143800878e-08
6.000000000000000000e+00 9.469944999999999613e-01 1.454932842556381888e-08
7.000000000000000000e+00 9.499746000000000024e-01 1.706530612321999302e-08
8.000000000000000000e+00 9.532091999999999787e-01 2.897185241072129527e-08
9.000000000000000000e+00 9.490747000000000488e-01 7.291795323347479154e-08
1.000000000000000000e+01 9.462604999999999489e-01 1.355783512380470698e-07
1.100000000000000000e+01 9.470868000000000064e-01 1.618395948461991309e-07
1.200000000000000000e+01 9.497626999999999597e-01 1.646539503121311816e-07
1.300000000000000000e+01 9.525822999999999929e-01 2.374239479947620995e-07
1.400000000000000000e+01 9.486031000000000324e-01 5.236164277698178825e-07
1.500000000000000000e+01 9.461500999999999939e-01 8.743430832675530841e-07
1.600000000000000000e+01 9.471859999999999724e-01 9.398990811799147152e-07
1.700000000000000000e+01 9.495812000000000141e-01 8.457706397330013726e-07
1.800000000000000000e+01 9.521292000000000089e-01 1.040872411297740379e-06
1.900000000000000000e+01 9.482789999999999830e-01 2.034467490767699610e-06
2.000000000000000000e+01 9.461285999999999863e-01 3.118799011792590765e-06
2.100000000000000000e+01 9.472935000000000105e-01 3.119303456220971179e-06
2.200000000000000000e+01 9.494314999999999838e-01 2.588793250892908642e-06
2.300000000000000000e+01 9.517921999999999771e-01 2.818851021344469576e-06
2.400000000000000000e+01 9.480553000000000452e-01 4.979168730326676443e-06
2.500000000000000000e+01 9.461521000000000514e-01 7.147386439057306860e-06
2.600000000000000000e+01 9.473894000000000482e-01 6.834959782339903949e-06
2.700000000000000000e+01 9.492968999999999991e-01 5.447599826520544257e-06
2.800000000000000000e+01 9.515234000000000192e-01 5.509222046780399670e-06
2.900000000000000000e+01 9.478857000000000532e-01 9.040079712117601369e-06
3.000000000000000000e+01 9.461838999999999666e-01 1.236292849518998056e-05
3.100000000000000000e+01 9.474580000000000224e-01 1.151115963342577001e-05
3.200000000000000000e+01 9.491635999999999962e-01 9.036421934456304850e-06
3.300000000000000000e+01 9.512907000000000446e-01 8.793204164423826707e-06
3.400000000000000000e+01 9.477400000000000269e-01 1.372311067409704237e-05
3.500000000000000000e+01 9.462062999999999446e-01 1.811389275649429443e-05
3.600000000000000000e+01 9.474962999999999580e-01 1.660066169357220209e-05
3.700000000000000000e+01 9.490264000000000477e-01 1.299907069715417915e-05
3.800000000000000000e+01 9.510777000000000259e-01 1.240528849384102168e-05
3.900000000000000000e+01 9.476042000000000076e-01 1.869069273812603020e-05
4.000000000000000000e+01 9.462142999999999526e-01 2.401682145740372510e-05
4.100000000000000000e+01 9.475067000000000350e-01 2.180003930577519209e-05
4.200000000000000000e+01 9.488845999999999670e-01 1.712739056568734954e-05
4.300000000000000000e+01 9.508767000000000191e-01 1.618231504022783448e-05
4.400000000000000000e+01 9.474721000000000393e-01 2.374882591038251809e-05
4.500000000000000000e+01 9.462070999999999676e-01 2.987513238195623846e-05
4.600000000000000000e+01 9.474928999999999713e-01 2.695982136368354657e-05
4.700000000000000000e+01 9.487381000000000286e-01 2.130877265475297007e-05
4.800000000000000000e+01 9.506828999999999974e-01 2.002996825103219890e-05
4.900000000000000000e+01 9.473403999999999714e-01 2.879423908304407532e-05
5.000000000000000000e+01 9.461848000000000480e-01 3.560084775517571555e-05
5.100000000000000000e+01 9.474576000000000109e-01 3.201766564706034823e-05
5.200000000000000000e+01 9.485867999999999522e-01 2.548887918830365233e-05
5.300000000000000000e+01 9.504930999999999797e-01 2.389978590557518225e-05
5.400000000000000000e+01 9.472066999999999570e-01 3.378237670197402646e-05
5.500000000000000000e+01 9.461473999999999718e-01 4.117074091113514519e-05
5.600000000000000000e+01 9.474029000000000478e-01 3.696169660072821207e-05
5.700000000000000000e+01 9.484302000000000010e-01 2.964912794470893201e-05
5.800000000000000000e+01 9.503051000000000137e-01 2.777236356003027064e-05
5.900000000000000000e+01 9.470695000000000086e-01 3.870308321194021911e-05
6.000000000000000000e+01 9.460954999999999782e-01 4.659537629394255599e-05
6.100000000000000000e+01 9.473306000000000227e-01 4.180503866871363420e-05
6.200000000000000000e+01 9.482680999999999472e-01 3.378979892395989081e-05
6.300000000000000000e+01 9.501167999999999836e-01 3.164395010340580980e-05
6.400000000000000000e+01 9.469275999999999804e-01 4.356285194606920012e-05
6.500000000000000000e+01 9.460294999999999677e-01 5.189866501394759272e-05
6.600000000000000000e+01 9.472422999999999815e-01 4.656973185031475996e-05
6.700000000000000000e+01 9.481000000000000538e-01 3.791902990357515441e-05
6.800000000000000000e+01 9.499265999999999543e-01 3.551782998004165005e-05
6.900000000000000000e+01 9.467794999999999961e-01 4.837430957062554410e-05
7.000000000000000000e+01 9.459494000000000513e-01 5.710697595919942744e-05
7.100000000000000000e+01 9.471386000000000527e-01 5.127857614480550171e-05
7.200000000000000000e+01 9.479256000000000348e-01 4.204702977211851255e-05
7.300000000000000000e+01 9.497335000000000083e-01 3.939985652308472389e-05
7.400000000000000000e+01 9.466248999999999914e-01 5.315146497405203184e-05
7.500000000000000000e+01 9.458556999999999659e-01 6.224528690668043162e-05
7.600000000000000000e+01 9.470205000000000428e-01 5.595235377374628913e-05
7.700000000000000000e+01 9.477444000000000424e-01 4.618395408482211427e-05
7.800000000000000000e+01 9.495363999999999471e-01 4.329657195454892173e-05
7.900000000000000000e+01 9.464628999999999959e-01 5.790795371146997931e-05
8.000000000000000000e+01 9.457486999999999977e-01 6.733546452236090294e-05
8.100000000000000000e+01 9.468887999999999749e-01 6.060897584767783091e-05
8.200000000000000000e+01 9.475559999999999539e-01 5.033879839695505973e-05
8.300000000000000000e+01 9.493344000000000227e-01 4.721390960757862026e-05
8.400000000000000000e+01 9.462928000000000450e-01 6.265524244918090546e-05
8.500000000000000000e+01 9.456282000000000298e-01 7.239550880566762931e-05
8.600000000000000000e+01 9.467436999999999658e-01 6.526275347725552292e-05
8.700000000000000000e+01 9.473599000000000325e-01 5.451910937494367670e-05
8.800000000000000000e+01 9.491266999999999898e-01 5.115728725977907235e-05
8.900000000000000000e+01 9.461142999999999637e-01 6.740386452018268747e-05
9.000000000000000000e+01 9.454945999999999628e-01 7.744110864498991557e-05
9.100000000000000000e+01 9.465854999999999686e-01 6.992639777318566756e-05
9.200000000000000000e+01 9.471559000000000506e-01 5.873159812968536540e-05
9.300000000000000000e+01 9.489127000000000534e-01 5.513186491098596222e-05
9.400000000000000000e+01 9.459269000000000149e-01 7.216306436862541336e-05
9.500000000000000000e+01 9.453479999999999661e-01 8.248577515100858715e-05
9.600000000000000000e+01 9.464148000000000005e-01 7.461044206846617589e-05
9.700000000000000000e+01 9.469435000000000491e-01 6.298230910543208797e-05
9.800000000000000000e+01 9.486917000000000266e-01 5.914208700550218565e-05
9.900000000000000000e+01 9.457301000000000180e-01 7.694097532758339129e-05
1.000000000000000000e+02 9.451882000000000339e-01 8.754088610113911091e-05
1.010000000000000000e+02 9.462312999999999974e-01 7.932390858503194470e-05
1.020000000000000000e+02 9.467223999999999640e-01 6.727639785757522463e-05
1.030000000000000000e+02 9.484633000000000091e-01 6.319248687651672441e-05
1.040000000000000000e+02 9.455236999999999670e-01 8.174537517458672106e-05
1.050000000000000000e+02 9.450155999999999556e-01 9.261719705059449426e-05
1.060000000000000000e+02 9.460355000000000292e-01 8.407541954483062287e-05
1.070000000000000000e+02 9.464922000000000057e-01 7.161915327483521347e-05
1.080000000000000000e+02 9.482268999999999837e-01 6.728719785723128518e-05
1.090000000000000000e+02 9.453070999999999557e-01 8.658310835386186070e-05
1.100000000000000000e+02 9.448296999999999946e-01 9.772386355463877990e-05
1.110000000000000000e+02 9.458271000000000317e-01 8.887221939207597056e-05
1.120000000000000000e+02 9.462525000000000519e-01 7.601524202373015500e-05
1.130000000000000000e+02 9.479819999999999913e-01 7.143066439194879086e-05
1.140000000000000000e+02 9.450802999999999843e-01 9.146141930962259749e-05
1.150000000000000000e+02 9.446309999999999985e-01 1.028703078351940855e-04
1.160000000000000000e+02 9.456063999999999581e-01 9.372208590429806049e-05
1.170000000000000000e+02 9.460032000000000441e-01 8.046986410409440811e-05
1.180000000000000000e+02 9.477282999999999680e-01 7.562724203608605126e-05
1.190000000000000000e+02 9.448427000000000353e-01 9.638693026388021857e-05
1.200000000000000000e+02 9.444188999999999501e-01 1.080649298919929703e-04
1.210000000000000000e+02 9.453730999999999662e-01 9.863190797016643092e-05
1.220000000000000000e+02 9.457438000000000233e-01 8.498804173799028169e-05
1.230000000000000000e+02 9.474654000000000131e-01 7.988173078949024506e-05
1.240000000000000000e+02 9.445940999999999921e-01 1.013668412164054987e-04
1.250000000000000000e+02 9.441937999999999720e-01 1.133166630580842248e-04
1.260000000000000000e+02 9.451273999999999509e-01 1.036091967005529847e-04
1.270000000000000000e+02 9.454740000000000366e-01 8.957524159191037217e-05
1.280000000000000000e+02 9.471927999999999459e-01 8.419888620756547069e-05
1.290000000000000000e+02 9.443342000000000125e-01 1.064079077225388032e-04
1.300000000000000000e+02 9.439551999999999943e-01 1.186337295554282906e-04
1.310000000000000000e+02 9.448689999999999589e-01 1.086608854285702456e-04
1.320000000000000000e+02 9.451933999999999614e-01 9.423679699901814366e-05
1.330000000000000000e+02 9.469100999999999768e-01 8.858395273458918081e-05
1.340000000000000000e+02 9.440627999999999798e-01 1.115174186709369454e-04
1.350000000000000000e+02 9.437033000000000227e-01 1.240248404948588552e-04
1.360000000000000000e+02 9.445976999999999846e-01 1.137946630428622748e-04
1.370000000000000000e+02 9.449016999999999555e-01 9.897870795912254579e-05
1.380000000000000000e+02 9.466170000000000417e-01 9.304226370372486662e-05
1.390000000000000000e+02 9.437794000000000461e-01 1.167026629502566709e-04
1.400000000000000000e+02 9.434375999999999873e-01 1.294986180983235266e-04
1.410000000000000000e+02 9.443135000000000279e-01 1.190180406543009752e-04
1.420000000000000000e+02 9.445987999999999607e-01 1.038071078053615792e-04
1.430000000000000000e+02 9.463131999999999655e-01 9.757973022589537147e-05
1.440000000000000000e+02 9.434839000000000420e-01 1.219714183380280929e-04
1.450000000000000000e+02 9.431581999999999466e-01 1.350641290322002956e-04
1.460000000000000000e+02 9.440161000000000247e-01 1.243391071515176425e-04
1.470000000000000000e+02 9.442840000000000122e-01 1.087285298708605467e-04
1.480000000000000000e+02 9.459980000000000055e-01 1.022023523009096585e-04
1.490000000000000000e+02 9.431756999999999502e-01 1.273314626117812978e-04
1.500000000000000000e+02 9.428646000000000527e-01 1.407303510739810193e-04
1.510000000000000000e+02 9.437052000000000218e-01 1.297659958675866391e-04
1.520000000000000000e+02 9.439570000000000460e-01 1.137499519331749981e-04
1.530000000000000000e+02 9.456714000000000508e-01 1.069167077063360024e-04
1.540000000000000000e+02 9.428547000000000455e-01 1.327914179934639209e-04
1.550000000000000000e+02 9.425569999999999782e-01 1.465072397789042092e-04
1.560000000000000000e+02 9.433808000000000193e-01 1.353077734688858471e-04
1.570000000000000000e+02 9.436177000000000037e-01 1.188789739920629017e-04
1.580000000000000000e+02 9.453327999999999731e-01 1.117299519975021248e-04
1.590000000000000000e+02 9.425206000000000417e-01 1.383599511494667048e-04
1.600000000000000000e+02 9.422346000000000332e-01 1.524045729244362997e-04
1.610000000000000000e+02 9.430422000000000526e-01 1.409734177329072051e-04
1.620000000000000000e+02 9.432654000000000316e-01 1.241232849361683190e-04
1.630000000000000000e+02 9.449817999999999829e-01 1.166491518408496275e-04
1.640000000000000000e+02 9.421728000000000325e-01 1.440461731906105035e-04
1.650000000000000000e+02 9.418976000000000015e-01 1.584327949546890618e-04
1.660000000000000000e+02 9.426894999999999580e-01 1.467727508815600923e-04
1.670000000000000000e+02 9.428999999999999604e-01 1.294914180985528196e-04
1.680000000000000000e+02 9.446181000000000161e-01 1.216823516805667937e-04
1.690000000000000000e+02 9.418109000000000064e-01 1.498597285610327005e-04
1.700000000000000000e+02 9.415453000000000294e-01 1.646026614248756112e-04
1.710000000000000000e+02 9.423221000000000513e-01 1.527156395811969951e-04
1.720000000000000000e+02 9.425206999999999891e-01 1.349920401456070919e-04
1.730000000000000000e+02 9.442411000000000554e-01 1.268376848497279315e-04
1.740000000000000000e+02 9.414348000000000161e-01 1.558107505937439386e-04
1.750000000000000000e+02 9.411775999999999476e-01 1.709257723346265044e-04
1.760000000000000000e+02 9.419397000000000464e-01 1.588131949425751835e-04
1.770000000000000000e+02 9.421273999999999482e-01 1.406348399659114641e-04
1.780000000000000000e+02 9.438503999999999783e-01 1.321240846813818992e-04
1.790000000000000000e+02 9.410437999999999859e-01 1.619099948439572251e-04
1.800000000000000000e+02 9.407938999999999607e-01 1.774140387946735614e-04
1.810000000000000000e+02 9.415419000000000427e-01 1.650767058542240587e-04
1.820000000000000000e+02 9.417195000000000427e-01 1.464298175591475007e-04
1.830000000000000000e+02 9.434455999999999953e-01 1.375509733974508958e-04
1.840000000000000000e+02 9.406375000000000153e-01 1.681687502002019612e-04
1.850000000000000000e+02 9.403941000000000106e-01 1.840802608046091774e-04
1.860000000000000000e+02 9.411283000000000287e-01 1.715183500935335700e-04
1.870000000000000000e+02 9.412964000000000331e-01 1.523877284805282635e-04
1.880000000000000000e+02 9.430260000000000309e-01 1.431283509976164045e-04
1.890000000000000000e+02 9.402154999999999818e-01 1.745989722176530202e-04
1.900000000000000000e+02 9.399773999999999630e-01 1.909378161417850590e-04
1.910000000000000000e+02 9.406984000000000457e-01 1.781508832156531135e-04
1.920000000000000000e+02 9.408577999999999664e-01 1.585200393963552036e-04
1.930000000000000000e+02 9.425913999999999682e-01 1.488668841482054892e-04
1.940000000000000000e+02 9.397771999999999792e-01 1.812134164514597170e-04
1.950000000000000000e+02 9.395434999999999759e-01 1.980010603612996755e-04
1.960000000000000000e+02 9.402515999999999652e-01 1.849882163312507627e-04
1.970000000000000000e+02 9.404029000000000416e-01 1.648390169729044036e-04
1.980000000000000000e+02 9.421408999999999478e-01 1.547779506266335761e-04
1.990000000000000000e+02 9.393219999999999903e-01 1.880255495678598645e-04
2.000000000000000000e+02 9.390918000000000321e-01 2.052849712404538067e-04
2.010000000000000000e+02 9.397874000000000505e-01 1.920447938843110119e-04
2.020000000000000000e+02 9.399313000000000251e-01 1.713576834319833618e-04
2.030000000000000000e+02 9.416740999999999584e-01 1.608737726547336132e-04
2.040000000000000000e+02 9.388493999999999451e-01 1.950499048997240091e-04
2.050000000000000000e+02 9.386217999999999506e-01 2.128059932231682002e-04
2.060000000000000000e+02 9.393053000000000097e-01 1.993365714298812950e-04
2.070000000000000000e+02 9.394422999999999524e-01 1.780903498842474674e-04
2.080000000000000000e+02 9.411903000000000352e-01 1.671674613431992323e-04
2.090000000000000000e+02 9.383588000000000484e-01 2.023018602243401921e-04
2.100000000000000000e+02 9.381329000000000473e-01 2.205812374200090485e-04
2.110000000000000000e+02 9.388045999999999891e-01 2.068802156340974899e-04
2.120000000000000000e+02 9.389351999999999698e-01 1.850519941069975541e-04
2.130000000000000000e+02 9.406889000000000500e-01 1.736731500249137183e-04
2.140000000000000000e+02 9.378494000000000552e-01 2.097980377634013193e-04
2.150000000000000000e+02 9.376244000000000245e-01 2.286294593859347244e-04
2.160000000000000000e+02 9.382846000000000242e-01 2.146939487186015757e-04
2.170000000000000000e+02 9.384093999999999491e-01 1.922589716552682633e-04
2.180000000000000000e+02 9.401692000000000382e-01 1.804058609216208499e-04
2.190000000000000000e+02 9.373207000000000066e-01 2.175560375163468970e-04
2.200000000000000000e+02 9.370956000000000286e-01 2.369703035647640135e-04
2.210000000000000000e+02 9.377446000000000392e-01 2.227970151272251305e-04
2.220000000000000000e+02 9.378640000000000310e-01 1.997286158618410263e-04
2.230000000000000000e+02 9.396303000000000294e-01 1.873818162550262986e-04
2.240000000000000000e+02 9.367716999999999850e-01 2.255948817047934271e-04
2.250000000000000000e+02 9.365457999999999839e-01 2.456252810669230118e-04
2.260000000000000000e+02 9.371838999999999587e-01 2.312104815259639901e-04
2.270000000000000000e+02 9.372983999999999760e-01 2.074799489483322365e-04
2.280000000000000000e+02 9.390714999999999479e-01 1.946184826912404923e-04
2.290000000000000000e+02 9.362017000000000255e-01 2.339349703280911921e-04
2.300000000000000000e+02 9.359741000000000311e-01 2.546172363361286781e-04
2.310000000000000000e+02 9.366014999999999757e-01 2.399568368029908504e-04
2.320000000000000000e+02 9.367115000000000302e-01 2.155332375807632068e-04
2.330000000000000000e+02 9.384919999999999929e-01 2.021347491185507468e-04
2.340000000000000000e+02 9.356098999999999943e-01 2.425983033855396830e-04
2.350000000000000000e+02 9.353795000000000304e-01 2.639709249271482536e-04
2.360000000000000000e+02 9.359965000000000090e-01 2.490603476241995580e-04
2.370000000000000000e+02 9.361024999999999485e-01 2.239104817584333196e-04
2.380000000000000000e+02 9.378908000000000245e-01 2.099510599807505329e-04
2.390000000000000000e+02 9.349952000000000263e-01 2.516088808763745628e-04
2.400000000000000000e+02 9.347613000000000172e-01 2.737134579502294683e-04
2.410000000000000000e+02 9.353681000000000356e-01 2.585478139887367418e-04
2.420000000000000000e+02 9.354704999999999826e-01 2.326357259250213453e-04
2.430000000000000000e+02 9.372669000000000139e-01 2.180895930549113374e-04
2.440000000000000000e+02 9.343567000000000400e-01 2.609921694664515436e-04
2.450000000000000000e+02 9.341184000000000154e-01 2.838735020711261265e-04
2.460000000000000000e+02 9.347149999999999626e-01 2.684474136734828383e-04
2.470000000000000000e+02 9.348142000000000396e-01 2.417345700797120201e-04
2.480000000000000000e+02 9.366193000000000435e-01 2.265741261180537203e-04
2.490000000000000000e+02 9.336932999999999483e-01 2.707763024882080087e-04
2.500000000000000000e+02 9.334495999999999905e-01 2.944827906221609919e-04
2.510000000000000000e+02 9.340363000000000415e-01 2.787907466774314788e-04
2.520000000000000000e+02 9.341327000000000380e-01 2.512355031104870169e-04
2.530000000000000000e+02 9.359467999999999677e-01 2.354309702804509156e-04
2.540000000000000000e+02 9.330036999999999914e-01 2.809914132740177302e-04
2.550000000000000000e+02 9.327537000000000189e-01 3.055754569355803975e-04
2.560000000000000000e+02 9.333306000000000102e-01 2.896114574439558184e-04
2.570000000000000000e+02 9.334244999999999903e-01 2.611691027941504223e-04
2.580000000000000000e+02 9.352481999999999740e-01 2.446886588745275952e-04
2.590000000000000000e+02 9.322869000000000295e-01 2.916710573783675938e-04
2.600000000000000000e+02 9.320296000000000136e-01 3.171895454546172933e-04
2.610000000000000000e+02 9.325968000000000035e-01 3.009472793051875161e-04
2.620000000000000000e+02 9.326885999999999788e-01 2.715693246851763024e-04
2.630000000000000000e+02 9.345221999999999696e-01 2.543783030104041854e-04
2.640000000000000000e+02 9.315413000000000165e-01 3.028510125778962215e-04
2.650000000000000000e+02 9.312757000000000396e-01 3.293653672890990117e-04
2.660000000000000000e+02 9.318334000000000339e-01 3.128383011487386660e-04
2.670000000000000000e+02 9.319233999999999574e-01 2.824725687824056436e-04
2.680000000000000000e+02 9.337674000000000252e-01 2.645338137981119160e-04
2.690000000000000000e+02 9.307655999999999707e-01 3.145707455380132339e-04
2.700000000000000000e+02 9.304905999999999455e-01 3.421479002153710535e-04
2.710000000000000000e+02 9.310388000000000552e-01 3.253292340842967750e-04
2.720000000000000000e+02 9.311274000000000495e-01 2.939193239734379909e-04
2.730000000000000000e+02 9.329821999999999838e-01 2.751926579031241816e-04
2.740000000000000000e+02 9.299581000000000097e-01 3.268738562573303788e-04
2.750000000000000000e+02 9.296725999999999601e-01 3.555866108985248752e-04
2.760000000000000000e+02 9.302112999999999632e-01 3.384693669991810329e-04
2.770000000000000000e+02 9.302989000000000397e-01 3.059543013679605263e-04
2.780000000000000000e+02 9.321650000000000214e-01 2.863961686574581847e-04
2.790000000000000000e+02 9.291171999999999764e-01 3.398079891787747194e-04
2.800000000000000000e+02 9.288201000000000374e-01 3.697354993368407523e-04
2.810000000000000000e+02 9.293491999999999864e-01 3.523123887805706413e-04
2.820000000000000000e+02 9.294360000000000399e-01 3.186259898533179706e-04
2.830000000000000000e+02 9.313139999999999752e-01 2.981891460596872135e-04
2.840000000000000000e+02 9.282409000000000354e-01 3.534251887451334397e-04
2.850000000000000000e+02 9.279309000000000029e-01 3.846539877506486259e-04
2.860000000000000000e+02 9.284504999999999564e-01 3.669178549821245109e-04
2.870000000000000000e+02 9.285369999999999457e-01 3.319884338722337881e-04
2.880000000000000000e+02 9.304272000000000098e-01 3.106217234415481151e-04
2.890000000000000000e+02 9.273272999999999655e-01 3.677834993990024563e-04
2.900000000000000000e+02 9.270032000000000272e-01 4.004082539156188290e-04
2.910000000000000000e+02 9.275132000000000376e-01 3.823518544906269771e-04
2.920000000000000000e+02 9.275995000000000212e-01 3.461017223116833645e-04
2.930000000000000000e+02 9.295025000000000093e-01 3.237495452457132914e-04
2.940000000000000000e+02 9.263742999999999839e-01 3.829474100272170587e-04
2.950000000000000000e+02 9.260346000000000410e-01 4.170718089405215344e-04
2.960000000000000000e+02 9.265347999999999917e-01 3.986878539704051322e-04
2.970000000000000000e+02 9.266212999999999811e-01 3.610322107251091373e-04
2.980000000000000000e+02 9.285375999999999630e-01 3.376337670257908616e-04
2.990000000000000000e+02 9.253791999999999573e-01 3.989874539608644034e-04
3.000000000000000000e+02 9.250224999999999698e-01 4.347251861561254632e-04
3.010000000000000000e+02 9.255128000000000243e-01 4.160066978633289881e-04
3.020000000000000000e+02 9.255999000000000310e-01 3.768535435546102488e-04
3.030000000000000000e+02 9.275299000000000182e-01 3.523429221129316478e-04
3.040000000000000000e+02 9.243396000000000390e-01 4.159830978640805866e-04
3.050000000000000000e+02 9.239644000000000190e-01 4.534595411150832661e-04
3.060000000000000000e+02 9.244445000000000023e-01 4.343998528331523778e-04
3.070000000000000000e+02 9.245324999999999793e-01 3.936486096864360716e-04
3.080000000000000000e+02 9.264767999999999892e-01 3.679534993935887300e-04
3.090000000000000000e+02 9.232525999999999788e-01 4.340226972896073471e-04
3.100000000000000000e+02 9.228572000000000441e-01 4.733755404808559259e-04
3.110000000000000000e+02 9.233268999999999505e-01 4.539688744321968591e-04
3.120000000000000000e+02 9.234160000000000146e-01 4.115096313398719356e-04
3.130000000000000000e+02 9.253751000000000060e-01 3.845508321983780761e-04
3.140000000000000000e+02 9.221148999999999596e-01 4.532048744565264696e-04
3.150000000000000000e+02 9.216976000000000058e-01 4.945870953609270539e-04
3.160000000000000000e+02 9.221565000000000456e-01 4.748275404346168570e-04
3.170000000000000000e+02 9.222470999999999863e-01 4.305402974005048114e-04
3.180000000000000000e+02 9.242215000000000291e-01 4.022313205242297350e-04
3.190000000000000000e+02 9.209233000000000002e-01 4.736408738057397319e-04
3.200000000000000000e+02 9.204820000000000224e-01 5.172213168623598098e-04
3.210000000000000000e+02 9.209298000000000206e-01 4.971048730585259220e-04
3.220000000000000000e+02 9.210220999999999547e-01 4.508582078645897431e-04
3.230000000000000000e+02 9.230123999999999551e-01 4.211033643676917633e-04
3.240000000000000000e+02 9.196739000000000441e-01 4.954564286665763236e-04
3.250000000000000000e+02 9.192065999999999848e-01 5.414226494249988657e-04
3.260000000000000000e+02 9.196427000000000351e-01 5.209462056326291928e-04
3.270000000000000000e+02 9.197370999999999741e-01 4.725946516168345554e-04
3.280000000000000000e+02 9.217435999999999963e-01 4.412890970582080243e-04
3.290000000000000000e+02 9.183622000000000174e-01 5.187915390345781497e-04
3.300000000000000000e+02 9.178665999999999769e-01 5.673528708214701892e-04
3.310000000000000000e+02 9.182905999999999569e-01 5.465155381517041019e-04
3.320000000000000000e+02 9.183873000000000175e-01 4.959004286524370782e-04
3.330000000000000000e+02 9.204107000000000260e-01 4.629275408135736874e-04
3.340000000000000000e+02 9.169840000000000213e-01 5.438070937935103859e-04
3.350000000000000000e+02 9.164575000000000360e-01 5.951973143792050691e-04
3.360000000000000000e+02 9.168686000000000336e-01 5.740008706097638261e-04
3.370000000000000000e+02 9.169680000000000053e-01 5.209457611881989324e-04
3.380000000000000000e+02 9.190087999999999591e-01 4.861782067398202293e-04
3.390000000000000000e+02 9.155337999999999532e-01 5.706866484930833879e-04
3.400000000000000000e+02 9.149737999999999483e-01 6.251679800914523725e-04
3.410000000000000000e+02 9.153712000000000515e-01 6.036159807777782740e-04
3.420000000000000000e+02 9.154733999999999927e-01 5.479266492178782536e-04
3.430000000000000000e+02 9.175320000000000142e-01 5.112208726090001955e-04
3.440000000000000000e+02 9.140057999999999794e-01 5.996386475711036135e-04
3.450000000000000000e+02 9.134092999999999796e-01 6.575044235061389564e-04
3.460000000000000000e+02 9.137920999999999960e-01 6.356057575368378619e-04
3.470000000000000000e+02 9.138973999999999709e-01 5.770662038454812872e-04
3.480000000000000000e+02 9.159743999999999664e-01 5.382644273033505757e-04
3.490000000000000000e+02 9.123936000000000268e-01 6.309013132422069221e-04
3.500000000000000000e+02 9.117572999999999928e-01 6.924839779477664180e-04
3.510000000000000000e+02 9.121243999999999463e-01 6.702528675446077456e-04
3.520000000000000000e+02 9.122329999999999606e-01 6.086239806182979113e-04
3.530000000000000000e+02 9.143286999999999942e-01 5.675488708152284876e-04
3.540000000000000000e+02 9.106897999999999938e-01 6.647528677197558650e-04
3.550000000000000000e+02 9.100101000000000440e-01 7.304284211838656506e-04
3.560000000000000000e+02 9.103603000000000112e-01 7.078844219017819440e-04
3.570000000000000000e+02 9.104723999999999595e-01 6.428995350823444796e-04
3.580000000000000000e+02 9.125872000000000428e-01 5.993533142468566782e-04
3.590000000000000000e+02 9.088863000000000358e-01 7.015137554379900124e-04
3.600000000000000000e+02 9.081590999999999969e-01 7.717093087581598614e-04
3.610000000000000000e+02 9.084908999999999901e-01 7.488813094851201092e-04
3.620000000000000000e+02 9.086066000000000420e-01 6.802422005598295508e-04
3.630000000000000000e+02 9.107408999999999644e-01 6.340030909212082330e-04
3.640000000000000000e+02 9.069738000000000522e-01 7.415573097183537216e-04
3.650000000000000000e+02 9.061945999999999612e-01 8.167604184346131642e-04
3.660000000000000000e+02 9.065062000000000397e-01 7.936875302804829958e-04
3.670000000000000000e+02 9.066254999999999731e-01 7.210608659266210278e-04
3.680000000000000000e+02 9.087796000000000207e-01 6.718786452706124353e-04
3.690000000000000000e+02 9.049416000000000126e-01 7.853213083246842093e-04
3.700000000000000000e+02 9.041053000000000006e-01 8.660906390859086749e-04
3.710000000000000000e+02 9.043949000000000016e-01 8.428266398267533982e-04
3.720000000000000000e+02 9.045176999999999801e-01 7.658368645007240360e-04
3.730000000000000000e+02 9.066916999999999893e-01 7.134297550585235338e-04
3.740000000000000000e+02 9.027775999999999579e-01 8.333217512405488667e-04
3.750000000000000000e+02 9.018785999999999747e-01 9.203008595818001425e-04
3.760000000000000000e+02 9.021436000000000455e-01 8.969168603264663069e-04
3.770000000000000000e+02 9.022698999999999581e-01 8.151421962639233357e-04
3.780000000000000000e+02 9.044638000000000400e-01 7.591906424901516577e-04
3.790000000000000000e+02 9.004680000000000462e-01 8.861701940020283441e-04
3.800000000000000000e+02 8.994997999999999605e-01 9.801053021217651009e-04
3.810000000000000000e+02 8.997374000000000205e-01 9.566955250894743166e-04
3.820000000000000000e+02 8.998669000000000251e-01 8.696590834167155408e-04
3.830000000000000000e+02 9.020804999999999518e-01 8.097999742118248620e-04
3.840000000000000000e+02 8.979966999999999810e-01 9.445995254746728485e-04
3.850000000000000000e+02 8.969519999999999715e-01 1.046358633345253249e-03
3.860000000000000000e+02 8.971588999999999814e-01 1.023047078532056961e-03
3.870000000000000000e+02 8.972909999999999497e-01 9.302088592662786492e-04
3.880000000000000000e+02 8.995239999999999903e-01 8.660279724212376160e-04
3.890000000000000000e+02 8.953449999999999465e-01 1.009491523408179593e-03
3.900000000000000000e+02 8.942153999999999936e-01 1.120090630997249261e-03
3.910000000000000000e+02 8.943877000000000077e-01 1.097040853953494153e-03
3.920000000000000000e+02 8.945216000000000278e-01 9.977870793364644608e-04
3.930000000000000000e+02 8.967732000000000481e-01 9.288101926441526572e-04
3.940000000000000000e+02 8.924912000000000400e-01 1.081915076657398661e-03
3.950000000000000000e+02 8.912670000000000314e-01 1.202554183926743186e-03
3.960000000000000000e+02 8.913997999999999644e-01 1.179981295756690491e-03
3.970000000000000000e+02 8.915345000000000075e-01 1.073611965810701086e-03
3.980000000000000000e+02 8.938036000000000314e-01 9.992955237328722626e-04
3.990000000000000000e+02 8.894092999999999583e-01 1.163183518513839863e-03
4.000000000000000000e+02 8.880795000000000217e-01 1.295285736529251620e-03
4.010000000000000000e+02 8.881670000000000398e-01 1.273473737223857274e-03
4.020000000000000000e+02 8.883010000000000073e-01 1.159191074196535371e-03
4.030000000000000000e+02 8.905857999999999830e-01 1.078907521197618961e-03
4.040000000000000000e+02 8.860689999999999955e-01 1.254921737814647690e-03
4.050000000000000000e+02 8.846203000000000261e-01 1.400191955410722824e-03
4.060000000000000000e+02 8.846557000000000448e-01 1.379515956069152661e-03
4.070000000000000000e+02 8.847865999999999786e-01 1.256404404434098869e-03
4.080000000000000000e+02 8.870846000000000009e-01 1.169430184981580783e-03
4.090000000000000000e+02 8.824334000000000344e-01 1.359162623383973478e-03
4.100000000000000000e+02 8.808506000000000391e-01 1.519658618272959859e-03
4.110000000000000000e+02 8.808251000000000275e-01 1.500618618879290701e-03
4.120000000000000000e+02 8.809498999999999524e-01 1.367630623114309170e-03
4.130000000000000000e+02 8.832577999999999818e-01 1.273126626123799801e-03
4.140000000000000000e+02 8.784581999999999669e-01 1.478483952917504941e-03
4.150000000000000000e+02 8.767230000000000301e-01 1.656714613908395360e-03
4.160000000000000000e+02 8.766260999999999637e-01 1.639981281107937049e-03
4.170000000000000000e+02 8.767405000000000337e-01 1.495913730140229500e-03
4.180000000000000000e+02 8.790531999999999790e-01 1.392906622309391697e-03
4.190000000000000000e+02 8.740890999999999522e-01 1.616194615198759390e-03
4.200000000000000000e+02 8.721796000000000548e-01 1.815249275526507108e-03
4.210000000000000000e+02 8.719978999999999925e-01 1.801728387068192655e-03
4.220000000000000000e+02 8.720961000000000407e-01 1.645204392052717485e-03
4.230000000000000000e+02 8.744068000000000396e-01 1.532566617861902880e-03
4.240000000000000000e+02 8.692587999999999981e-01 1.776604832312699651e-03
4.250000000000000000e+02 8.671482000000000356e-01 2.000332380743625061e-03
4.260000000000000000e+02 8.668649999999999967e-01 1.991262158810245056e-03
4.270000000000000000e+02 8.669386999999999510e-01 1.820714608685796397e-03
4.280000000000000000e+02 8.692379000000000078e-01 1.697143057065391390e-03
4.290000000000000000e+02 8.638829000000000091e-01 1.965427937410716818e-03
4.300000000000000000e+02 8.615386000000000433e-01 2.218687484901192119e-03
4.310000000000000000e+02 8.611322000000000143e-01 2.215783484993670473e-03
4.320000000000000000e+02 8.611697999999999853e-01 2.029443935372119735e-03
4.330000000000000000e+02 8.634439999999999893e-01 1.893445717480776724e-03
4.340000000000000000e+02 8.578535000000000466e-01 2.190370596914057756e-03
4.350000000000000000e+02 8.552345999999999560e-01 2.479384365488158676e-03
4.360000000000000000e+02 8.546768999999999616e-01 2.485056809751963209e-03
4.370000000000000000e+02 8.546620999999999801e-01 2.280976816250914613e-03
4.380000000000000000e+02 8.568923000000000512e-01 2.130876821030866855e-03
4.390000000000000000e+02 8.510311999999999877e-01 2.462067921595158335e-03
4.400000000000000000e+02 8.480858999999999481e-01 2.794938577661520030e-03
4.410000000000000000e+02 8.473395000000000232e-01 2.812642132653303453e-03
4.420000000000000000e+02 8.472488000000000241e-01 2.588767917560381906e-03
4.430000000000000000e+02 8.494074999999999820e-01 2.422762145069077590e-03
4.440000000000000000e+02 8.432311999999999585e-01 2.795566577641521184e-03
4.450000000000000000e+02 8.398923999999999834e-01 3.183056343079641599e-03
4.460000000000000000e+02 8.389067999999999525e-01 3.217852786415989833e-03
4.470000000000000000e+02 8.387056000000000511e-01 2.972223905349181006e-03
4.480000000000000000e+02 8.407525999999999611e-01 2.788545244531782756e-03
4.490000000000000000e+02 8.342032999999999809e-01 3.212804786576743503e-03
4.500000000000000000e+02 8.303823999999999650e-01 3.669542549809653997e-03
4.510000000000000000e+02 8.290872999999999715e-01 3.729061214580941652e-03
4.520000000000000000e+02 8.287240999999999636e-01 3.460291889806598516e-03
4.530000000000000000e+02 8.305991000000000346e-01 3.257636785149063338e-03
4.540000000000000000e+02 8.235997999999999930e-01 3.746959880677622635e-03
4.550000000000000000e+02 8.191764999999999741e-01 4.293414085497947001e-03
4.560000000000000000e+02 8.174709999999999477e-01 4.389562971324963668e-03
4.570000000000000000e+02 8.168665000000000509e-01 4.097943425056066458e-03
4.580000000000000000e+02 8.184763999999999928e-01 3.876504320996709482e-03
4.590000000000000000e+02 8.109203999999999857e-01 4.450479858273946945e-03
4.600000000000000000e+02 8.057261000000000006e-01 5.116346503736012886e-03
4.610000000000000000e+02 8.034603999999999635e-01 5.268564276666397143e-03
4.620000000000000000e+02 8.024881999999999849e-01 4.958639842091532718e-03
4.630000000000000000e+02 8.036841000000000124e-01 4.722639849606980085e-03
4.640000000000000000e+02 7.954174000000000522e-01 5.411044272129104243e-03
4.650000000000000000e+02 7.892061999999999689e-01 6.241555356792492446e-03
4.660000000000000000e+02 7.861474000000000517e-01 6.483479793532824845e-03
4.670000000000000000e+02 7.845974000000000004e-01 6.170315359061139329e-03
4.680000000000000000e+02 7.851295000000000357e-01 5.934462033238582616e-03
4.690000000000000000e+02 7.759165000000000090e-01 6.786102006118007596e-03
4.700000000000000000e+02 7.683119000000000476e-01 7.854848638750312403e-03
4.710000000000000000e+02 7.640780999999999823e-01 8.249350848409565604e-03
4.720000000000000000e+02 7.615800000000000347e-01 7.974857523817503388e-03
4.730000000000000000e+02 7.610031000000000434e-01 7.781835307742097398e-03
4.740000000000000000e+02 7.504558000000000062e-01 8.884826383728328808e-03
4.750000000000000000e+02 7.408451000000000342e-01 1.032240856017057652e-02
4.760000000000000000e+02 7.347639000000000253e-01 1.099827520531419280e-02
4.770000000000000000e+02 7.306226999999999583e-01 1.087485743146666788e-02
4.780000000000000000e+02 7.280883000000000216e-01 1.084327965469448693e-02
4.790000000000000000e+02 7.154947000000000390e-01 1.237259516154881091e-02
4.800000000000000000e+02 7.028010000000000090e-01 1.442688398501863062e-02
4.810000000000000000e+02 6.936105000000000187e-01 1.565976839020172956e-02
4.820000000000000000e+02 6.864202000000000359e-01 1.597922171336203095e-02
4.830000000000000000e+02 6.801517999999999731e-01 1.642639947689938235e-02
4.840000000000000000e+02 6.640276999999999985e-01 1.872730607029340910e-02
4.850000000000000000e+02 6.462409999999999544e-01 2.184416374881448936e-02
4.860000000000000000e+02 6.313891000000000364e-01 2.421909256207348954e-02
4.870000000000000000e+02 6.180434999999999679e-01 2.577779029021435436e-02
4.880000000000000000e+02 6.040524000000000449e-01 2.776533244914306323e-02
4.890000000000000000e+02 5.808754000000000417e-01 3.219417675255044353e-02
4.900000000000000000e+02 5.538184999999999913e-01 3.865475432459036798e-02
4.910000000000000000e+02 5.275929000000000313e-01 4.601484297909637367e-02
4.920000000000000000e+02 5.003545000000000353e-01 5.396217605934595235e-02
4.930000000000000000e+02 4.681854999999999767e-01 6.147079804245522694e-02
4.940000000000000000e+02 4.251505999999999896e-01 6.497164237541487586e-02
4.950000000000000000e+02 3.725828999999999946e-01 5.801653148579007796e-02
4.960000000000000000e+02 3.116276000000000046e-01 3.967072762556991122e-02
4.970000000000000000e+02 2.427819999999999978e-01 1.891143050887439045e-02
4.980000000000000000e+02 1.709527999999999881e-01 5.660288708636330469e-03
4.990000000000000000e+02 1.039614999999999984e-01 9.268901927052952813e-04
5.000000000000000000e+02 5.243748000000000159e-02 6.199257580361693012e-05
5.010000000000000000e+02 2.534290000000000154e-02 0.000000000000000000e+00
