1.000000000000000000e+00 5.956669999999999465e-01 1.095474603870443987e-05
2.000000000000000000e+00 5.996356999999999937e-01 1.057516023736331663e-05
3.000000000000000000e+00 6.079835999999999574e-01 1.102898163896672239e-05
4.000000000000000000e+00 5.984815999999999470e-01 1.412437144990310728e-05
5.000000000000000000e+00 5.948780999999999652e-01 1.769254026250987927e-05
6.000000000000000000e+00 5.957481000000000027e-01 1.985225407014040683e-05
7.000000000000000000e+00 5.998044999999999627e-01 2.070408607315003187e-05
8.000000000000000000e+00 6.061872999999999845e-01 2.247901207942106403e-05
9.000000000000000000e+00 5.979653000000000329e-01 2.805543009912321529e-05
1.000000000000000000e+01 5.951064000000000354e-01 3.352028411843120594e-05
1.100000000000000000e+01 5.961033000000000026e-01 3.593406612695938904e-05
1.200000000000000000e+01 5.998160999999999632e-01 3.590503212685680769e-05
1.300000000000000000e+01 6.052929999999999700e-01 3.719246413140546079e-05
1.400000000000000000e+01 5.977822000000000413e-01 4.390534815512288911e-05
1.500000000000000000e+01 5.952918999999999849e-01 5.017316417726784550e-05
1.600000000000000000e+01 5.963154000000000510e-01 5.214047418421858903e-05
1.700000000000000000e+01 5.997618999999999589e-01 5.095083618001545209e-05
1.800000000000000000e+01 6.046422999999999659e-01 5.165364618249855641e-05
1.900000000000000000e+01 5.976245000000000029e-01 5.928980420947803126e-05
2.000000000000000000e+01 5.953720999999999597e-01 6.623917223403097941e-05
2.100000000000000000e+01 5.964045000000000041e-01 6.786129623976215163e-05
2.200000000000000000e+01 5.996418999999999500e-01 6.577090223237652602e-05
2.300000000000000000e+01 6.040818000000000021e-01 6.611929223360742504e-05
2.400000000000000000e+01 5.974443999999999866e-01 7.472845826402464838e-05
2.500000000000000000e+01 5.953747999999999818e-01 8.236656029101099212e-05
2.600000000000000000e+01 5.964116999999999891e-01 8.369922629571946730e-05
2.700000000000000000e+01 5.994755000000000500e-01 8.080858828550649322e-05
2.800000000000000000e+01 6.035684000000000049e-01 8.086912228572036923e-05
2.900000000000000000e+01 5.972408999999999635e-01 9.040798831942231748e-05
3.000000000000000000e+01 5.953197000000000072e-01 9.866692834860215451e-05
3.100000000000000000e+01 5.963566999999999618e-01 9.969069635221925732e-05
3.200000000000000000e+01 5.992701000000000278e-01 9.603054033928748782e-05
3.300000000000000000e+01 6.030788999999999733e-01 9.581783433853595757e-05
3.400000000000000000e+01 5.970126000000000044e-01 1.062180003752810018e-04
3.500000000000000000e+01 5.952148000000000438e-01 1.150250224063972712e-04
3.600000000000000000e+01 5.962480999999999476e-01 1.157258704088734701e-04
3.700000000000000000e+01 5.990282000000000107e-01 1.113336003933550271e-04
3.800000000000000000e+01 6.025983000000000311e-01 1.108692363917143886e-04
3.900000000000000000e+01 5.967569000000000345e-01 1.220761984313099185e-04
4.000000000000000000e+01 5.950640000000000374e-01 1.313771224641712223e-04
4.100000000000000000e+01 5.960904999999999676e-01 1.317560944655101656e-04
4.200000000000000000e+01 5.987510999999999806e-01 1.266764404475631241e-04
4.300000000000000000e+01 6.021163999999999961e-01 1.259870944451275932e-04
4.400000000000000000e+01 5.964724000000000137e-01 1.379586424874245190e-04
4.500000000000000000e+01 5.948700000000000099e-01 1.477126625218866472e-04
4.600000000000000000e+01 5.958873999999999560e-01 1.477773905221153286e-04
4.700000000000000000e+01 5.984395000000000131e-01 1.420536785018927759e-04
4.800000000000000000e+01 6.016266000000000114e-01 1.411644784987511393e-04
4.900000000000000000e+01 5.961579000000000184e-01 1.538653325436247627e-04
5.000000000000000000e+01 5.946344999999999548e-01 1.640395805795716343e-04
5.100000000000000000e+01 5.956411000000000344e-01 1.637995865787236988e-04
5.200000000000000000e+01 5.980938999999999561e-01 1.574710745563642940e-04
5.300000000000000000e+01 6.011239000000000443e-01 1.564038365525936088e-04
5.400000000000000000e+01 5.958126999999999729e-01 1.698033065999355717e-04
5.500000000000000000e+01 5.943589999999999707e-01 1.803702606372698870e-04
5.600000000000000000e+01 5.953532000000000268e-01 1.798356966353812053e-04
5.700000000000000000e+01 5.977147000000000432e-01 1.729373226110084247e-04
5.800000000000000000e+01 6.006046000000000440e-01 1.717107486066747992e-04
5.900000000000000000e+01 5.954361000000000237e-01 1.857817806563894284e-04
6.000000000000000000e+01 5.940442999999999696e-01 1.967184006950298324e-04
6.100000000000000000e+01 5.950250999999999735e-01 1.958992206921355758e-04
6.200000000000000000e+01 5.973022000000000054e-01 1.884619806658589130e-04
6.300000000000000000e+01 6.000661000000000467e-01 1.870920006610186069e-04
6.400000000000000000e+01 5.950275999999999899e-01 2.018100607130192685e-04
6.500000000000000000e+01 5.936911999999999745e-01 2.130962407528946920e-04
6.600000000000000000e+01 5.946576000000000084e-01 2.120020207490287234e-04
6.700000000000000000e+01 5.968563000000000063e-01 2.040534007209452696e-04
6.800000000000000000e+01 5.995059000000000360e-01 2.025534607156458198e-04
6.900000000000000000e+01 5.945867999999999709e-01 2.178966607698552024e-04
7.000000000000000000e+01 5.933000000000000496e-01 2.295149408109039798e-04
7.100000000000000000e+01 5.942513999999999852e-01 2.281552208060998990e-04
7.200000000000000000e+01 5.963768999999999876e-01 2.197198807762968417e-04
7.300000000000000000e+01 5.989221999999999602e-01 2.181020407705808065e-04
7.400000000000000000e+01 5.941132999999999553e-01 2.340505808269289221e-04
7.500000000000000000e+01 5.928714000000000484e-01 2.459862008690989277e-04
7.600000000000000000e+01 5.938071000000000321e-01 2.443698008633880077e-04
7.700000000000000000e+01 5.958641999999999550e-01 2.354697008319428585e-04
7.800000000000000000e+01 5.983136000000000010e-01 2.337442208258465174e-04
7.900000000000000000e+01 5.936067999999999900e-01 2.502797408842684932e-04
8.000000000000000000e+01 5.924053000000000235e-01 2.625193809275126354e-04
8.100000000000000000e+01 5.933249000000000439e-01 2.606551209209259862e-04
8.200000000000000000e+01 5.953178000000000081e-01 2.513100608879087331e-04
8.300000000000000000e+01 5.976785999999999488e-01 2.494861208814645498e-04
8.400000000000000000e+01 5.930666999999999467e-01 2.665924209419031450e-04
8.500000000000000000e+01 5.919020000000000392e-01 2.791245609861807463e-04
8.600000000000000000e+01 5.928050999999999737e-01 2.770205409787469342e-04
8.700000000000000000e+01 5.947375999999999774e-01 2.672490609442231945e-04
8.800000000000000000e+01 5.970161999999999969e-01 2.653351209374610071e-04
8.900000000000000000e+01 5.924928999999999890e-01 2.829974409998640690e-04
9.000000000000000000e+01 5.913616000000000428e-01 2.958125410451414210e-04
9.100000000000000000e+01 5.922481000000000551e-01 2.934772210368903926e-04
9.200000000000000000e+01 5.941235999999999740e-01 2.832958810009185164e-04
9.300000000000000000e+01 5.963254000000000055e-01 2.812993209938644012e-04
9.400000000000000000e+01 5.918849999999999945e-01 2.995045210581856097e-04
9.500000000000000000e+01 5.907839999999999758e-01 3.125937611044314938e-04
9.600000000000000000e+01 5.916536999999999491e-01 3.100347010953900155e-04
9.700000000000000000e+01 5.934753999999999863e-01 2.994586210580233734e-04
9.800000000000000000e+01 5.956050999999999984e-01 2.973862810507016071e-04
9.900000000000000000e+01 5.912427000000000099e-01 3.161223011168981870e-04
1.000000000000000000e+02 5.901693000000000078e-01 3.294786611640877988e-04
1.010000000000000000e+02 5.910218999999999889e-01 3.267032411542819472e-04
1.020000000000000000e+02 5.927926000000000029e-01 3.157462811155696742e-04
1.030000000000000000e+02 5.948546000000000111e-01 3.136050011080043168e-04
1.040000000000000000e+02 5.905654000000000181e-01 3.328614011760394338e-04
1.050000000000000000e+02 5.895173000000000219e-01 3.464789412241518936e-04
1.060000000000000000e+02 5.903528999999999582e-01 3.434947212136082724e-04
1.070000000000000000e+02 5.920752999999999711e-01 3.321698411735961613e-04
1.080000000000000000e+02 5.940731000000000206e-01 3.299661011658100006e-04
1.090000000000000000e+02 5.898531000000000191e-01 3.497333412356500547e-04
1.100000000000000000e+02 5.888278999999999597e-01 3.636070212846674457e-04
1.110000000000000000e+02 5.896462999999999566e-01 3.604210212734109678e-04
1.120000000000000000e+02 5.913228000000000373e-01 3.487399212321402506e-04
1.130000000000000000e+02 5.932598000000000038e-01 3.464794812241537474e-04
1.140000000000000000e+02 5.891051999999999955e-01 3.667494612957700639e-04
1.150000000000000000e+02 5.881007999999999791e-01 3.808749613456771763e-04
1.160000000000000000e+02 5.889020999999999839e-01 3.774940213337319014e-04
1.170000000000000000e+02 5.905348000000000264e-01 3.654676812912414289e-04
1.180000000000000000e+02 5.924139999999999961e-01 3.631563012830749896e-04
1.190000000000000000e+02 5.883211999999999886e-01 3.839220013564427101e-04
1.200000000000000000e+02 5.873359000000000218e-01 3.982964414072293676e-04
1.210000000000000000e+02 5.881201000000000345e-01 3.947272213946188824e-04
1.220000000000000000e+02 5.897109000000000378e-01 3.823662613509461248e-04
1.230000000000000000e+02 5.915350000000000330e-01 3.800098813426207377e-04
1.240000000000000000e+02 5.875008999999999926e-01 4.012657214177202001e-04
1.250000000000000000e+02 5.865329000000000237e-01 4.158869414693787707e-04
1.260000000000000000e+02 5.873000999999999916e-01 4.121359214561259171e-04
1.270000000000000000e+02 5.888510000000000133e-01 3.994497014113039470e-04
1.280000000000000000e+02 5.906221000000000387e-01 3.970537214028386380e-04
1.290000000000000000e+02 5.866438000000000486e-01 4.187944814796513981e-04
1.300000000000000000e+02 5.856913999999999731e-01 4.336605015321748314e-04
1.310000000000000000e+02 5.864414000000000016e-01 4.297334415183000703e-04
1.320000000000000000e+02 5.879541000000000350e-01 4.167300614723575621e-04
1.330000000000000000e+02 5.896744000000000430e-01 4.143000614637721017e-04
1.340000000000000000e+02 5.857491000000000225e-01 4.365217815422841132e-04
1.350000000000000000e+02 5.848109999999999697e-01 4.516324215956718274e-04
1.360000000000000000e+02 5.855441000000000118e-01 4.475356215811973105e-04
1.370000000000000000e+02 5.870201000000000446e-01 4.342240815341660647e-04
1.380000000000000000e+02 5.886915000000000342e-01 4.317661815254819689e-04
1.390000000000000000e+02 5.848168000000000255e-01 4.544665216056850178e-04
1.400000000000000000e+02 5.838915000000000077e-01 4.698217816599370130e-04
1.410000000000000000e+02 5.846076000000000050e-01 4.655610016448831468e-04
1.420000000000000000e+02 5.860484999999999722e-01 4.519485015967886037e-04
1.430000000000000000e+02 5.876723999999999837e-01 4.494679215880243708e-04
1.440000000000000000e+02 5.838459000000000287e-01 4.726443616699095530e-04
1.450000000000000000e+02 5.829320999999999531e-01 4.882446017250271011e-04
1.460000000000000000e+02 5.836314000000000224e-01 4.838252417094129117e-04
1.470000000000000000e+02 5.850383000000000111e-01 4.699189816602804032e-04
1.480000000000000000e+02 5.866164999999999852e-01 4.674214816514564398e-04
1.490000000000000000e+02 5.828360000000000207e-01 4.910733017350211570e-04
1.500000000000000000e+02 5.819326000000000221e-01 5.069199617910093462e-04
1.510000000000000000e+02 5.826151000000000524e-01 5.023476017748546582e-04
1.520000000000000000e+02 5.839893999999999918e-01 4.881540617247071348e-04
1.530000000000000000e+02 5.855228999999999573e-01 4.856455817158444291e-04
1.540000000000000000e+02 5.817864000000000368e-01 5.097729618010893174e-04
1.550000000000000000e+02 5.808921999999999697e-01 5.258678418579545077e-04
1.560000000000000000e+02 5.815578999999999610e-01 5.211478818412782930e-04
1.570000000000000000e+02 5.829007000000000494e-01 5.066735417901387052e-04
1.580000000000000000e+02 5.843909999999999938e-01 5.041605617812600993e-04
1.590000000000000000e+02 5.806966000000000072e-01 5.287644018681883929e-04
1.600000000000000000e+02 5.798105000000000064e-01 5.451103819259407604e-04
1.610000000000000000e+02 5.804595999999999645e-01 5.402478619087608272e-04
1.620000000000000000e+02 5.817719999999999558e-01 5.254983018566488371e-04
1.630000000000000000e+02 5.832197999999999549e-01 5.229865818477746290e-04
1.640000000000000000e+02 5.795656000000000141e-01 5.480683219363914702e-04
1.650000000000000000e+02 5.786866000000000509e-01 5.646679219950399191e-04
1.660000000000000000e+02 5.793190999999999757e-01 5.596673419773722218e-04
1.670000000000000000e+02 5.806019000000000041e-01 5.446479619243069096e-04
1.680000000000000000e+02 5.820083000000000339e-01 5.421439819154599956e-04
1.690000000000000000e+02 5.783928000000000402e-01 5.677065020057755606e-04
1.700000000000000000e+02 5.775200000000000333e-01 5.845640420653352466e-04
1.710000000000000000e+02 5.781359000000000359e-01 5.794308020471989739e-04
1.720000000000000000e+02 5.793901000000000190e-01 5.641471819932000016e-04
1.730000000000000000e+02 5.807558000000000442e-01 5.616583219844066208e-04
1.740000000000000000e+02 5.771773999999999516e-01 5.877054020764341030e-04
1.750000000000000000e+02 5.763097999999999832e-01 6.048248421369191268e-04
1.760000000000000000e+02 5.769092000000000109e-01 5.995634421183300162e-04
1.770000000000000000e+02 5.781355999999999717e-01 5.840200820634133382e-04
1.780000000000000000e+02 5.794612999999999570e-01 5.815528220546961700e-04
1.790000000000000000e+02 5.759182999999999941e-01 6.080886021484503603e-04
1.800000000000000000e+02 5.750551000000000412e-01 6.254748022098779482e-04
1.810000000000000000e+02 5.756379999999999830e-01 6.200897421908518458e-04
1.820000000000000000e+02 5.768372999999999973e-01 6.042916821350353788e-04
1.830000000000000000e+02 5.781235999999999597e-01 6.018537621264219342e-04
1.840000000000000000e+02 5.746149000000000395e-01 6.288840022219230764e-04
1.850000000000000000e+02 5.737552000000000207e-01 6.465423622843122003e-04
1.860000000000000000e+02 5.743217000000000461e-01 6.410383222648657507e-04
1.870000000000000000e+02 5.754943999999999615e-01 6.249898822081646505e-04
1.880000000000000000e+02 5.767417999999999711e-01 6.225890421996822235e-04
1.890000000000000000e+02 5.732658000000000476e-01 6.501195022969505615e-04
1.900000000000000000e+02 5.724088000000000509e-01 6.680559623603222639e-04
1.910000000000000000e+02 5.729589000000000487e-01 6.624372623404707313e-04
1.920000000000000000e+02 5.741057999999999995e-01 6.461433022829022243e-04
1.930000000000000000e+02 5.753146000000000093e-01 6.437880022745806532e-04
1.940000000000000000e+02 5.718703000000000536e-01 6.718266023736444966e-04
1.950000000000000000e+02 5.710151999999999450e-01 6.900476424380215653e-04
1.960000000000000000e+02 5.715489000000000264e-01 6.843189624177814859e-04
1.970000000000000000e+02 5.726704000000000239e-01 6.677834423593593475e-04
1.980000000000000000e+02 5.738408999999999871e-01 6.654821423512285788e-04
1.990000000000000000e+02 5.704268999999999590e-01 6.940364424521144231e-04
2.000000000000000000e+02 5.695729999999999960e-01 7.125490825175218252e-04
2.010000000000000000e+02 5.700903000000000498e-01 7.067147424969084631e-04
2.020000000000000000e+02 5.711869000000000529e-01 6.899421624376488645e-04
2.030000000000000000e+02 5.723194000000000337e-01 6.877044024297425525e-04
2.040000000000000000e+02 5.689345999999999570e-01 7.167841225324847422e-04
2.050000000000000000e+02 5.680811999999999529e-01 7.355962825989504619e-04
2.060000000000000000e+02 5.685820000000000318e-01 7.296609625779802450e-04
2.070000000000000000e+02 5.696541999999999994e-01 7.126558225178990322e-04
2.080000000000000000e+02 5.707487999999999451e-01 7.104916825102527934e-04
2.090000000000000000e+02 5.673922000000000132e-01 7.401065426148856728e-04
2.100000000000000000e+02 5.665383999999999975e-01 7.592261426824374777e-04
2.110000000000000000e+02 5.670226999999999906e-01 7.531938026611246150e-04
2.120000000000000000e+02 5.680707000000000395e-01 7.359598826002349816e-04
2.130000000000000000e+02 5.691273999999999500e-01 7.338794425928845408e-04
2.140000000000000000e+02 5.657978000000000174e-01 7.640404226994469607e-04
2.150000000000000000e+02 5.649429999999999730e-01 7.834764627681168681e-04
2.160000000000000000e+02 5.654107999999999912e-01 7.773519627464781524e-04
2.170000000000000000e+02 5.664350000000000218e-01 7.598946626847995038e-04
2.180000000000000000e+02 5.674538999999999556e-01 7.579103426777886914e-04
2.190000000000000000e+02 5.641504999999999992e-01 7.886304027863263360e-04
2.200000000000000000e+02 5.632941000000000198e-01 8.083927828561491636e-04
2.210000000000000000e+02 5.637451999999999463e-01 8.021811628342028367e-04
2.220000000000000000e+02 5.647457000000000171e-01 7.845048027717501119e-04
2.230000000000000000e+02 5.657265999999999684e-01 7.826283027651202142e-04
2.240000000000000000e+02 5.624483999999999595e-01 8.139200428756776040e-04
2.250000000000000000e+02 5.615896000000000221e-01 8.340183029466872230e-04
2.260000000000000000e+02 5.620239000000000207e-01 8.277238829244482239e-04
2.270000000000000000e+02 5.630009000000000263e-01 8.098329628612374858e-04
2.280000000000000000e+02 5.639437000000000477e-01 8.080770628550337136e-04
2.290000000000000000e+02 5.606896999999999576e-01 8.399550629676625279e-04
2.300000000000000000e+02 5.598279000000000449e-01 8.604003630398981538e-04
2.310000000000000000e+02 5.602454000000000045e-01 8.540281830173846161e-04
2.320000000000000000e+02 5.611988999999999450e-01 8.359286429534367987e-04
2.330000000000000000e+02 5.621032999999999724e-01 8.343082829477117780e-04
2.340000000000000000e+02 5.588727000000000000e-01 8.667885630624684590e-04
2.350000000000000000e+02 5.580072000000000365e-01 8.875929631359729755e-04
2.360000000000000000e+02 5.584076999999999513e-01 8.811487831132048176e-04
2.370000000000000000e+02 5.593380000000000019e-01 8.628467430485415451e-04
2.380000000000000000e+02 5.602036999999999711e-01 8.613770430433489176e-04
2.390000000000000000e+02 5.569956000000000351e-01 8.944765231602934668e-04
2.400000000000000000e+02 5.561258000000000035e-01 9.156520832351093238e-04
2.410000000000000000e+02 5.565090000000000314e-01 9.091405832121032989e-04
2.420000000000000000e+02 5.574158000000000168e-01 8.906410831467422712e-04
2.430000000000000000e+02 5.582422999999999691e-01 8.893377031421374236e-04
2.440000000000000000e+02 5.550559000000000465e-01 9.230738432613311544e-04
2.450000000000000000e+02 5.541810000000000347e-01 9.446331633375028725e-04
2.460000000000000000e+02 5.545468999999999538e-01 9.380608233142820936e-04
2.470000000000000000e+02 5.554301000000000377e-01 9.193716032482507133e-04
2.480000000000000000e+02 5.562171999999999672e-01 9.182536232443008458e-04
2.490000000000000000e+02 5.530517000000000349e-01 9.526473033658178604e-04
2.500000000000000000e+02 5.521713000000000315e-01 9.746056834433994460e-04
2.510000000000000000e+02 5.525195000000000523e-01 9.679791634199870660e-04
2.520000000000000000e+02 5.533791000000000126e-01 9.491079633533129525e-04
2.530000000000000000e+02 5.541258999999999491e-01 9.481944633500854818e-04
2.540000000000000000e+02 5.509806000000000425e-01 9.832662034739980683e-04
2.550000000000000000e+02 5.500937000000000188e-01 1.005637683553039239e-03
2.560000000000000000e+02 5.504238999999999660e-01 9.989627435294558266e-04
2.570000000000000000e+02 5.512595999999999608e-01 9.799176634621672207e-04
2.580000000000000000e+02 5.519657000000000036e-01 9.792295234597359239e-04
2.590000000000000000e+02 5.488397999999999888e-01 1.015002003586124545e-03
2.600000000000000000e+02 5.479458999999999858e-01 1.037802603666681742e-03
2.610000000000000000e+02 5.482578000000000173e-01 1.031087343642955864e-03
2.620000000000000000e+02 5.490692999999999824e-01 1.011878103575087435e-03
2.630000000000000000e+02 5.497338999999999976e-01 1.011438723573534993e-03
2.640000000000000000e+02 5.466267000000000209e-01 1.047937143702488364e-03
2.650000000000000000e+02 5.457250999999999630e-01 1.071184323784623443e-03
2.660000000000000000e+02 5.460184000000000148e-01 1.064436843760783666e-03
2.670000000000000000e+02 5.468053000000000496e-01 1.045074243692373358e-03
2.680000000000000000e+02 5.474274999999999558e-01 1.044908823691789029e-03
2.690000000000000000e+02 5.443383000000000527e-01 1.082158923823397937e-03
2.700000000000000000e+02 5.434282000000000279e-01 1.105870683907174499e-03
2.710000000000000000e+02 5.437024999999999775e-01 1.099099083883249605e-03
2.720000000000000000e+02 5.444643000000000121e-01 1.079595003814339286e-03
2.730000000000000000e+02 5.450431000000000026e-01 1.079730543814818146e-03
2.740000000000000000e+02 5.419711999999999863e-01 1.117760583949183040e-03
2.750000000000000000e+02 5.410519999999999774e-01 1.141956184034668758e-03
2.760000000000000000e+02 5.413067999999999769e-01 1.135171084010696326e-03
2.770000000000000000e+02 5.420430000000000526e-01 1.115539563941335931e-03
2.780000000000000000e+02 5.425775999999999932e-01 1.116006843942986791e-03
2.790000000000000000e+02 5.395223000000000102e-01 1.154847964080217212e-03
2.800000000000000000e+02 5.385931999999999942e-01 1.179548464167486880e-03
2.810000000000000000e+02 5.388279999999999736e-01 1.172760484143504272e-03
2.820000000000000000e+02 5.395379000000000147e-01 1.153017184073748969e-03
2.830000000000000000e+02 5.400270000000000348e-01 1.153848784076686894e-03
2.840000000000000000e+02 5.369876000000000094e-01 1.193533024216896160e-03
2.850000000000000000e+02 5.360479000000000216e-01 1.218760384306027478e-03
2.860000000000000000e+02 5.362620999999999638e-01 1.211981404282076562e-03
2.870000000000000000e+02 5.369448999999999472e-01 1.192143604211986976e-03
2.880000000000000000e+02 5.373873999999999596e-01 1.193375704216340181e-03
2.890000000000000000e+02 5.343632000000000382e-01 1.233938344359652951e-03
2.900000000000000000e+02 5.334119999999999973e-01 1.259716684450731036e-03
2.910000000000000000e+02 5.336049000000000486e-01 1.252960564426860730e-03
2.920000000000000000e+02 5.342599000000000098e-01 1.233049324356511869e-03
2.930000000000000000e+02 5.346543999999999741e-01 1.234722244362422604e-03
2.940000000000000000e+02 5.316448000000000285e-01 1.276202164508976038e-03
2.950000000000000000e+02 5.306813000000000224e-01 1.302557584602092840e-03
2.960000000000000000e+02 5.308523000000000547e-01 1.295839804578358383e-03
2.970000000000000000e+02 5.314784000000000175e-01 1.275878164507831440e-03
2.980000000000000000e+02 5.318233999999999462e-01 1.278035644515453876e-03
2.990000000000000000e+02 5.288275999999999533e-01 1.320472984665390292e-03
3.000000000000000000e+02 5.278509000000000118e-01 1.347432484760641537e-03
3.010000000000000000e+02 5.279992000000000019e-01 1.340769604737100575e-03
3.020000000000000000e+02 5.285952000000000428e-01 1.320783484666487352e-03
3.030000000000000000e+02 5.288891000000000009e-01 1.323473764675992372e-03
3.040000000000000000e+02 5.259063999999999961e-01 1.366912624829467321e-03
3.050000000000000000e+02 5.249156000000000377e-01 1.394506084926958262e-03
3.060000000000000000e+02 5.250403000000000153e-01 1.387918624903684058e-03
3.070000000000000000e+02 5.256051999999999946e-01 1.367939524833095260e-03
3.080000000000000000e+02 5.258460999999999830e-01 1.371217144844675412e-03
3.090000000000000000e+02 5.228760000000000074e-01 1.415706125001860508e-03
3.100000000000000000e+02 5.218701000000000034e-01 1.443966665101708386e-03
3.110000000000000000e+02 5.219702000000000508e-01 1.437476945078779373e-03
3.120000000000000000e+02 5.225022999999999751e-01 1.417539785008338927e-03
3.130000000000000000e+02 5.226885000000000003e-01 1.421463785022203039e-03
3.140000000000000000e+02 5.197300999999999727e-01 1.467054545183280653e-03
3.150000000000000000e+02 5.187079999999999469e-01 1.496016725285607583e-03
3.160000000000000000e+02 5.187823999999999769e-01 1.489650305263113964e-03
3.170000000000000000e+02 5.192803000000000280e-01 1.469795225192963755e-03
3.180000000000000000e+02 5.194096000000000268e-01 1.474431845209345660e-03
3.190000000000000000e+02 5.164621999999999824e-01 1.521180365374513862e-03
3.200000000000000000e+02 5.154227999999999588e-01 1.550882165479453663e-03
3.210000000000000000e+02 5.154701999999999895e-01 1.544668025457498432e-03
3.220000000000000000e+02 5.159319999999999462e-01 1.524941285387801425e-03
3.230000000000000000e+02 5.160021999999999665e-01 1.530363965406960399e-03
3.240000000000000000e+02 5.130649000000000459e-01 1.578331085576434051e-03
3.250000000000000000e+02 5.120071000000000483e-01 1.608814445684135508e-03
3.260000000000000000e+02 5.120261000000000395e-01 1.602786965662839763e-03
3.270000000000000000e+02 5.124499999999999611e-01 1.583243105593788724e-03
3.280000000000000000e+02 5.124585000000000390e-01 1.589535365616020091e-03
3.290000000000000000e+02 5.095307000000000031e-01 1.638788945790039132e-03
3.300000000000000000e+02 5.084530999999999912e-01 1.670100305900666009e-03
3.310000000000000000e+02 5.084421999999999553e-01 1.664298905880168657e-03
3.320000000000000000e+02 5.088257999999999948e-01 1.644999665811982224e-03
3.330000000000000000e+02 5.087701000000000029e-01 1.652252945837609076e-03
3.340000000000000000e+02 5.058506000000000391e-01 1.702864806016426893e-03
3.350000000000000000e+02 5.047517999999999727e-01 1.735053486130153132e-03
3.360000000000000000e+02 5.047093000000000274e-01 1.729522806110612553e-03
3.370000000000000000e+02 5.050500999999999463e-01 1.710539646043542951e-03
3.380000000000000000e+02 5.049270999999999621e-01 1.718856906072928868e-03
3.390000000000000000e+02 5.020151999999999948e-01 1.770906786256827266e-03
3.400000000000000000e+02 5.008936999999999973e-01 1.804028406373849773e-03
3.410000000000000000e+02 5.008175999999999739e-01 1.798822266355455972e-03
3.420000000000000000e+02 5.011128000000000249e-01 1.780239066289799254e-03
3.430000000000000000e+02 5.009194000000000146e-01 1.789737126323357169e-03
3.440000000000000000e+02 4.980140000000000122e-01 1.843313406512648699e-03
3.450000000000000000e+02 4.968679999999999763e-01 1.877430606633188805e-03
3.460000000000000000e+02 4.967560999999999782e-01 1.872608406616151338e-03
3.470000000000000000e+02 4.970027000000000195e-01 1.854523806552256255e-03
3.480000000000000000e+02 4.967352999999999907e-01 1.865332806590445621e-03
3.490000000000000000e+02 4.938351999999999742e-01 1.920531606785469804e-03
3.500000000000000000e+02 4.926630000000000176e-01 1.955714406909774862e-03
3.510000000000000000e+02 4.925127999999999728e-01 1.951349406894352856e-03
3.520000000000000000e+02 4.927072000000000118e-01 1.933875006832613732e-03
3.530000000000000000e+02 4.923621000000000247e-01 1.946145606875967051e-03
3.540000000000000000e+02 4.894661000000000151e-01 2.003072407077096263e-03
3.550000000000000000e+02 4.882654000000000161e-01 2.039398207205439864e-03
3.560000000000000000e+02 4.880742000000000136e-01 2.035576807191938169e-03
3.570000000000000000e+02 4.882123999999999908e-01 2.018844007132819616e-03
3.580000000000000000e+02 4.877853999999999801e-01 2.032741807181921798e-03
3.590000000000000000e+02 4.848919999999999897e-01 2.091517207389582272e-03
3.600000000000000000e+02 4.836605999999999961e-01 2.129072407522269485e-03
3.610000000000000000e+02 4.834250999999999965e-01 2.125893607511038230e-03
3.620000000000000000e+02 4.835026000000000046e-01 2.110059007455093033e-03
3.630000000000000000e+02 4.829892000000000074e-01 2.125774807510618682e-03
3.640000000000000000e+02 4.800967999999999902e-01 2.186532007725281064e-03
3.650000000000000000e+02 4.788320999999999827e-01 2.225415607862661800e-03
3.660000000000000000e+02 4.785487999999999964e-01 2.223001807854133472e-03
3.670000000000000000e+02 4.785607000000000055e-01 2.208247207802003891e-03
3.680000000000000000e+02 4.779555999999999805e-01 2.226000607864728718e-03
3.690000000000000000e+02 4.750624999999999987e-01 2.288887208086914319e-03
3.700000000000000000e+02 4.737615000000000021e-01 2.329216208229401876e-03
3.710000000000000000e+02 4.734262000000000192e-01 2.327706008224066092e-03
3.720000000000000000e+02 4.733666999999999736e-01 2.314249208176521588e-03
3.730000000000000000e+02 4.726646999999999932e-01 2.334292208247336006e-03
3.740000000000000000e+02 4.697686999999999835e-01 2.399475608477637072e-03
3.750000000000000000e+02 4.684281000000000139e-01 2.441383208625701445e-03
3.760000000000000000e+02 4.680360000000000076e-01 2.440947608624162088e-03
3.770000000000000000e+02 4.678985999999999978e-01 2.429040608582093072e-03
3.780000000000000000e+02 4.670932999999999891e-01 2.451661208662014695e-03
3.790000000000000000e+02 4.641919999999999935e-01 2.519330408901098058e-03
3.800000000000000000e+02 4.628078999999999943e-01 2.562969609055280613e-03
3.810000000000000000e+02 4.623534999999999728e-01 2.563813809058263383e-03
3.820000000000000000e+02 4.621310000000000140e-01 2.553760809022745035e-03
3.830000000000000000e+02 4.612157000000000062e-01 2.579290209112943249e-03
3.840000000000000000e+02 4.583061999999999969e-01 2.649663009361578805e-03
3.850000000000000000e+02 4.568742000000000081e-01 2.695219209522534739e-03
3.860000000000000000e+02 4.563512000000000124e-01 2.697591609530916677e-03
3.870000000000000000e+02 4.560350000000000237e-01 2.689752609503220579e-03
3.880000000000000000e+02 4.550023000000000262e-01 2.718581409605075848e-03
3.890000000000000000e+02 4.520813000000000192e-01 2.791909809864154008e-03
3.900000000000000000e+02 4.505960999999999994e-01 2.839599010032645664e-03
3.910000000000000000e+02 4.499971999999999861e-01 2.843805610047508200e-03
3.920000000000000000e+02 4.495778000000000274e-01 2.838616210029173276e-03
3.930000000000000000e+02 4.484192000000000178e-01 2.871194410144276270e-03
3.940000000000000000e+02 4.454826000000000064e-01 2.947770010414826718e-03
3.950000000000000000e+02 4.439382000000000050e-01 2.997851410591770814e-03
3.960000000000000000e+02 4.432545999999999986e-01 3.004261210614417223e-03
3.970000000000000000e+02 4.427208000000000254e-01 3.002245210607294799e-03
3.980000000000000000e+02 4.414268000000000081e-01 3.039102010737513865e-03
3.990000000000000000e+02 4.384697000000000178e-01 3.119263211020733163e-03
4.000000000000000000e+02 4.368589999999999973e-01 3.172055411207254458e-03
4.010000000000000000e+02 4.360805999999999849e-01 3.181127411239306670e-03
4.020000000000000000e+02 4.354195000000000149e-01 3.182914811245622123e-03
4.030000000000000000e+02 4.339795000000000180e-01 3.224676611393171438e-03
4.040000000000000000e+02 4.309960999999999931e-01 3.308828411690490062e-03
4.050000000000000000e+02 4.293104999999999838e-01 3.364723811887974838e-03
4.060000000000000000e+02 4.284251000000000031e-01 3.377030411931456009e-03
4.070000000000000000e+02 4.276218999999999992e-01 3.383397011953949776e-03
4.080000000000000000e+02 4.260239000000000109e-01 3.430807212121455511e-03
4.090000000000000000e+02 4.230069000000000190e-01 3.519433812434583780e-03
4.100000000000000000e+02 4.212361000000000022e-01 3.578916612644744092e-03
4.110000000000000000e+02 4.202293999999999752e-01 3.595179612702203206e-03
4.120000000000000000e+02 4.192664999999999864e-01 3.607066812744201718e-03
4.130000000000000000e+02 4.174968000000000012e-01 3.661012812934799718e-03
4.140000000000000000e+02 4.144372000000000056e-01 3.754702813265817923e-03
4.150000000000000000e+02 4.125687000000000104e-01 3.818390413490833652e-03
4.160000000000000000e+02 4.114231999999999889e-01 3.839511613565457868e-03
4.170000000000000000e+02 4.102799999999999780e-01 3.858087613631088712e-03
4.180000000000000000e+02 4.083227999999999858e-01 3.919636813848549096e-03
4.190000000000000000e+02 4.052092999999999945e-01 4.019110214200000836e-03
4.200000000000000000e+02 4.032276000000000193e-01 4.087785614442639159e-03
4.210000000000000000e+02 4.019222000000000072e-01 4.114922414538517252e-03
4.220000000000000000e+02 4.005746000000000029e-01 4.141632614632888114e-03
4.230000000000000000e+02 3.984114999999999740e-01 4.212079214881783891e-03
4.240000000000000000e+02 3.952299000000000229e-01 4.318236015256849206e-03
4.250000000000000000e+02 3.931159000000000181e-01 4.392921615520722217e-03
4.260000000000000000e+02 3.916246999999999923e-01 4.427559015643099845e-03
4.270000000000000000e+02 3.900435999999999903e-01 4.464208815772588261e-03
4.280000000000000000e+02 3.876530999999999727e-01 4.545135016058510918e-03
4.290000000000000000e+02 3.843850999999999796e-01 4.659112816461207646e-03
4.300000000000000000e+02 3.821145000000000236e-01 4.741149616751053932e-03
4.310000000000000000e+02 3.804056000000000104e-01 4.785213616906736599e-03
4.320000000000000000e+02 3.785562000000000094e-01 4.834074617079368343e-03
4.330000000000000000e+02 3.759126999999999885e-01 4.927428017409197537e-03
4.340000000000000000e+02 3.725346999999999964e-01 5.050699217844728875e-03
4.350000000000000000e+02 3.700764999999999749e-01 5.141874618166862587e-03
4.360000000000000000e+02 3.681098999999999899e-01 5.197888818364767780e-03
4.370000000000000000e+02 3.659504000000000090e-01 5.261833818590693108e-03
4.380000000000000000e+02 3.630227999999999788e-01 5.370039018972995980e-03
4.390000000000000000e+02 3.595034999999999759e-01 5.504533219448179068e-03
4.400000000000000000e+02 3.568176000000000125e-01 5.607270019811161528e-03
4.410000000000000000e+02 3.545426999999999884e-01 5.678555420063020887e-03
4.420000000000000000e+02 3.520215999999999901e-01 5.761236620355143431e-03
4.430000000000000000e+02 3.487716000000000149e-01 5.887341020800685755e-03
4.440000000000000000e+02 3.450692000000000204e-01 6.035644821324660791e-03
4.450000000000000000e+02 3.421025999999999789e-01 6.153267621740237010e-03
4.460000000000000000e+02 3.394549000000000039e-01 6.244248622061683400e-03
4.470000000000000000e+02 3.365090000000000026e-01 6.350340622436519318e-03
4.480000000000000000e+02 3.328882000000000230e-01 6.498232222959038004e-03
4.490000000000000000e+02 3.289456000000000047e-01 6.663909623544396650e-03
4.500000000000000000e+02 3.256273000000000084e-01 6.801058824028960968e-03
4.510000000000000000e+02 3.225235000000000185e-01 6.917659224440923793e-03
4.520000000000000000e+02 3.190740000000000243e-01 7.053175824919720276e-03
4.530000000000000000e+02 3.150185999999999820e-01 7.227909025537073567e-03
4.540000000000000000e+02 3.107562999999999853e-01 7.415978426201546431e-03
4.550000000000000000e+02 3.069895000000000262e-01 7.579204226778241994e-03
4.560000000000000000e+02 3.033205999999999958e-01 7.729385427308851572e-03
4.570000000000000000e+02 2.992671000000000081e-01 7.902082827919010635e-03
4.580000000000000000e+02 2.946906000000000247e-01 8.110346428654831297e-03
4.590000000000000000e+02 2.899951000000000056e-01 8.328025829423919488e-03
4.600000000000000000e+02 2.856451999999999880e-01 8.526609030125538446e-03
4.610000000000000000e+02 2.812667999999999835e-01 8.720978430812268561e-03
4.620000000000000000e+02 2.764787000000000217e-01 8.940792631588896991e-03
4.630000000000000000e+02 2.712570000000000259e-01 9.191561432474893573e-03
4.640000000000000000e+02 2.659619999999999762e-01 9.449238633385299499e-03
4.650000000000000000e+02 2.608389999999999875e-01 9.696038434257273075e-03
4.660000000000000000e+02 2.555568999999999757e-01 9.948258035148394365e-03
4.670000000000000000e+02 2.498568999999999929e-01 1.022756043613520620e-02
4.680000000000000000e+02 2.438021999999999967e-01 1.053290163721401149e-02
4.690000000000000000e+02 2.376585999999999976e-01 1.084552923831856239e-02
4.700000000000000000e+02 2.314901000000000042e-01 1.115851503942437775e-02
4.710000000000000000e+02 2.250370999999999899e-01 1.148750284058673229e-02
4.720000000000000000e+02 2.181680000000000008e-01 1.184622664185414585e-02
4.730000000000000000e+02 2.109795999999999894e-01 1.223223304321795560e-02
4.740000000000000000e+02 2.036052999999999891e-01 1.263835984465284945e-02
4.750000000000000000e+02 1.959928999999999977e-01 1.307054884617982540e-02
4.760000000000000000e+02 1.879799000000000053e-01 1.354485244785559768e-02
4.770000000000000000e+02 1.795306999999999875e-01 1.406846344970557813e-02
4.780000000000000000e+02 1.707038999999999918e-01 1.463027225169051537e-02
4.790000000000000000e+02 1.615019000000000038e-01 1.519845845369798693e-02
4.800000000000000000e+02 1.518284000000000022e-01 1.570828865549927719e-02
4.810000000000000000e+02 1.415798000000000056e-01 1.603876865666690327e-02
4.820000000000000000e+02 1.306875999999999871e-01 1.600203785653712962e-02
4.830000000000000000e+02 1.190628999999999993e-01 1.537250945431293050e-02
4.840000000000000000e+02 1.065977000000000036e-01 1.396588864934316873e-02
4.850000000000000000e+02 9.326534000000000213e-02 1.175436724152959661e-02
4.860000000000000000e+02 7.922255000000000269e-02 8.962313431664934230e-03
4.870000000000000000e+02 6.484676999999999802e-02 6.049391421373229161e-03
4.880000000000000000e+02 5.071979000000000071e-02 3.533666412484869589e-03
4.890000000000000000e+02 3.756149999999999767e-02 1.748589126177976317e-03
4.900000000000000000e+02 2.610078999999999871e-02 7.189446625401182608e-04
4.910000000000000000e+02 1.689231000000000066e-02 2.414737808531560034e-04
4.920000000000000000e+02 1.014106000000000035e-02 6.528344423065428771e-05
4.930000000000000000e+02 5.647459999999999980e-03 1.401891304953051023e-05
4.940000000000000000e+02 2.927292000000000175e-03 2.359245608335499225e-06
4.950000000000000000e+02 1.419314000000000079e-03 3.062347210819642376e-07
4.960000000000000000e+02 6.468516999999999583e-04 2.999138410596317683e-08
4.970000000000000000e+02 2.781718999999999989e-04 2.142185407568599419e-09
4.980000000000000000e+02 1.131989000000000047e-04 1.053527403722239426e-10
4.990000000000000000e+02 4.377617000000000070e-05 3.192375611279047959e-12
5.000000000000000000e+02 1.650282999999999934e-05 4.497575415890476015e-14
5.010000000000000000e+02 7.340814000000000051e-06 0.000000000000000000e+00
