1.000000000000000000e+00 6.016261999999999999e-01 2.564985005911917250e-05
2.000000000000000000e+00 6.083665000000000322e-01 2.555802005890751919e-05
3.000000000000000000e+00 6.179312999999999612e-01 2.982768006874846457e-05
4.000000000000000000e+00 6.029425000000000479e-01 4.423085010194567379e-05
5.000000000000000000e+00 5.978858000000000228e-01 5.854888013494665631e-05
6.000000000000000000e+00 6.020233000000000390e-01 6.403240014758536771e-05
7.000000000000000000e+00 6.082159999999999789e-01 6.491530014962032503e-05
8.000000000000000000e+00 6.111463999999999785e-01 7.143102016463810807e-05
9.000000000000000000e+00 6.019257000000000080e-01 8.836837020367623171e-05
1.000000000000000000e+01 6.002627000000000379e-01 1.008052002323413221e-04
1.100000000000000000e+01 6.036565999999999876e-01 1.026160002365149581e-04
1.200000000000000000e+01 6.076283000000000101e-01 1.016749002343458522e-04
1.300000000000000000e+01 6.085715999999999903e-01 1.088051002507799261e-04
1.400000000000000000e+01 6.019672000000000356e-01 1.262010002908749563e-04
1.500000000000000000e+01 6.013498000000000454e-01 1.374816003168751019e-04
1.600000000000000000e+01 6.041147000000000045e-01 1.384843003191861836e-04
1.700000000000000000e+01 6.068698999999999621e-01 1.383695003189215763e-04
1.800000000000000000e+01 6.069168999999999814e-01 1.473740003396756368e-04
1.900000000000000000e+01 6.019632000000000316e-01 1.654775003814015983e-04
2.000000000000000000e+01 6.018776999999999600e-01 1.760351004057352983e-04
2.100000000000000000e+01 6.041636000000000228e-01 1.767265004073288975e-04
2.200000000000000000e+01 6.061277999999999944e-01 1.775805004092972147e-04
2.300000000000000000e+01 6.057133999999999574e-01 1.880685004334705442e-04
2.400000000000000000e+01 6.018934999999999702e-01 2.062962004754827498e-04
2.500000000000000000e+01 6.020896000000000026e-01 2.159822004978075721e-04
2.600000000000000000e+01 6.039885999999999866e-01 2.164611004989113710e-04
2.700000000000000000e+01 6.053965000000000041e-01 2.182395005030103021e-04
2.800000000000000000e+01 6.047348000000000168e-01 2.298281005297203540e-04
2.900000000000000000e+01 6.017337000000000380e-01 2.477541005710371617e-04
3.000000000000000000e+01 6.020782999999999552e-01 2.565350005912758985e-04
3.100000000000000000e+01 6.036580000000000279e-01 2.569464005922240816e-04
3.200000000000000000e+01 6.046567999999999943e-01 2.596438005984412142e-04
3.300000000000000000e+01 6.038651999999999909e-01 2.720553006270479374e-04
3.400000000000000000e+01 6.014753999999999934e-01 2.894263006670855383e-04
3.500000000000000000e+01 6.018923000000000467e-01 2.973581006853671699e-04
3.600000000000000000e+01 6.032047999999999854e-01 2.978523006865062186e-04
3.700000000000000000e+01 6.038942000000000476e-01 3.014604006948223510e-04
3.800000000000000000e+01 6.030415999999999555e-01 3.144778007248256015e-04
3.900000000000000000e+01 6.011189000000000116e-01 3.311500007632525787e-04
4.000000000000000000e+01 6.015622999999999942e-01 3.383281007797970955e-04
4.100000000000000000e+01 6.026481000000000199e-01 3.390344007814250220e-04
4.200000000000000000e+01 6.030980000000000230e-01 3.435281007917823180e-04
4.300000000000000000e+01 6.022256999999999749e-01 3.569730008227708462e-04
4.400000000000000000e+01 6.006654999999999633e-01 3.728726008594171297e-04
4.500000000000000000e+01 6.011066000000000464e-01 3.794072008744784632e-04
4.600000000000000000e+01 6.019982999999999862e-01 3.804311008768383805e-04
4.700000000000000000e+01 6.022600999999999649e-01 3.857714008891469960e-04
4.800000000000000000e+01 6.013933999999999669e-01 3.994976009207838502e-04
4.900000000000000000e+01 6.001178000000000345e-01 4.145982009555885584e-04
5.000000000000000000e+01 6.005382999999999694e-01 4.206029009694285214e-04
5.100000000000000000e+01 6.012623000000000273e-01 4.220264009727094502e-04
5.200000000000000000e+01 6.013747000000000398e-01 4.281634009868544115e-04
5.300000000000000000e+01 6.005285999999999680e-01 4.420485010188574850e-04
5.400000000000000000e+01 5.994777000000000022e-01 4.563536010518286419e-04
5.500000000000000000e+01 5.998658000000000046e-01 4.619365010646964923e-04
5.600000000000000000e+01 6.004435999999999662e-01 4.638200010690376410e-04
5.700000000000000000e+01 6.004361000000000281e-01 4.706957010848851117e-04
5.800000000000000000e+01 5.996194000000000246e-01 4.846382011170206243e-04
5.900000000000000000e+01 5.987466999999999651e-01 4.981721011482142213e-04
6.000000000000000000e+01 5.990952000000000499e-01 5.034353011603451365e-04
6.100000000000000000e+01 5.995447999999999888e-01 5.058227011658477778e-04
6.200000000000000000e+01 5.994405999999999901e-01 5.133762011832575115e-04
6.300000000000000000e+01 5.986580999999999708e-01 5.272926012153327869e-04
6.400000000000000000e+01 5.979269000000000389e-01 5.400935012448370397e-04
6.500000000000000000e+01 5.982309999999999572e-01 5.451302012564458689e-04
6.600000000000000000e+01 5.985675999999999775e-01 5.480501012631758088e-04
6.700000000000000000e+01 5.983848999999999974e-01 5.562173012820000170e-04
6.800000000000000000e+01 5.976382999999999557e-01 5.700384013138556612e-04
6.900000000000000000e+01 5.970189999999999664e-01 5.821525013417768553e-04
7.000000000000000000e+01 5.972760999999999765e-01 5.870464013530566141e-04
7.100000000000000000e+01 5.975124000000000546e-01 5.905153013610518970e-04
7.200000000000000000e+01 5.972657000000000105e-01 5.992319013811424518e-04
7.300000000000000000e+01 5.965549999999999464e-01 6.129021014126503257e-04
7.400000000000000000e+01 5.960237999999999925e-01 6.243816014391088270e-04
7.500000000000000000e+01 5.962325000000000541e-01 6.292083014502337229e-04
7.600000000000000000e+01 5.963794999999999513e-01 6.332335014595111495e-04
7.700000000000000000e+01 5.960805000000000131e-01 6.424370014807237895e-04
7.800000000000000000e+01 5.954043999999999448e-01 6.559126015117831224e-04
7.900000000000000000e+01 5.949419000000000235e-01 6.668134015369079313e-04
8.000000000000000000e+01 5.951016999999999557e-01 6.716406015480339735e-04
8.100000000000000000e+01 5.951689000000000007e-01 6.762215015585921465e-04
8.200000000000000000e+01 5.948271000000000530e-01 6.858515015807879886e-04
8.300000000000000000e+01 5.941834999999999756e-01 6.990992016113219392e-04
8.400000000000000000e+01 5.937734999999999541e-01 7.094793016352465669e-04
8.500000000000000000e+01 5.938845999999999847e-01 7.143668016465116750e-04
8.600000000000000000e+01 5.938801000000000219e-01 7.194966016583350483e-04
8.700000000000000000e+01 5.935032000000000085e-01 7.294955016813809345e-04
8.800000000000000000e+01 5.928894000000000108e-01 7.424912017113342302e-04
8.900000000000000000e+01 5.925186999999999538e-01 7.524092017341938018e-04
9.000000000000000000e+01 5.925816999999999890e-01 7.574099017457197732e-04
9.100000000000000000e+01 5.925127000000000033e-01 7.630767017587808702e-04
9.200000000000000000e+01 5.921066999999999858e-01 7.733907017825531784e-04
9.300000000000000000e+01 5.915196999999999816e-01 7.861187018118893487e-04
9.400000000000000000e+01 5.911773000000000167e-01 7.956333018338191320e-04
9.500000000000000000e+01 5.911931000000000269e-01 8.007937018457130050e-04
9.600000000000000000e+01 5.910657999999999745e-01 8.069816018599752869e-04
9.700000000000000000e+01 5.906358000000000441e-01 8.175606018843582703e-04
9.800000000000000000e+01 5.900724000000000524e-01 8.300126019130584388e-04
9.900000000000000000e+01 5.897489999999999677e-01 8.391820019341925552e-04
1.000000000000000000e+02 5.897185999999999817e-01 8.445426019465479377e-04
1.010000000000000000e+02 5.895386000000000237e-01 8.512326019619673037e-04
1.020000000000000000e+02 5.890883999999999565e-01 8.620306019868552872e-04
1.030000000000000000e+02 5.885453999999999963e-01 8.742050020149153304e-04
1.040000000000000000e+02 5.882332999999999590e-01 8.830863020353854663e-04
1.050000000000000000e+02 5.881579000000000113e-01 8.886822020482832828e-04
1.060000000000000000e+02 5.879299000000000053e-01 8.958531020648110871e-04
1.070000000000000000e+02 5.874627999999999517e-01 9.068286020901080617e-04
1.080000000000000000e+02 5.869368000000000363e-01 9.187296021175381938e-04
1.090000000000000000e+02 5.866293999999999675e-01 9.273783021374720206e-04
1.100000000000000000e+02 5.865103000000000399e-01 9.332393021509808716e-04
1.110000000000000000e+02 5.862386000000000541e-01 9.408680021685639173e-04
1.120000000000000000e+02 5.857571000000000305e-01 9.519837021941840883e-04
1.130000000000000000e+02 5.852448000000000095e-01 9.636207022210056209e-04
1.140000000000000000e+02 5.849364999999999704e-01 9.720906022405275196e-04
1.150000000000000000e+02 5.847750999999999921e-01 9.782420022547055807e-04
1.160000000000000000e+02 5.844633999999999663e-01 9.863044022732881614e-04
1.170000000000000000e+02 5.839693000000000245e-01 9.975276022991560847e-04
1.180000000000000000e+02 5.834675000000000278e-01 1.008915002325402443e-03
1.190000000000000000e+02 5.831536999999999971e-01 1.017257002344629409e-03
1.200000000000000000e+02 5.829512000000000027e-01 1.023720002359525651e-03
1.210000000000000000e+02 5.826027999999999762e-01 1.032191002379050093e-03
1.220000000000000000e+02 5.820975999999999928e-01 1.043494002405102004e-03
1.230000000000000000e+02 5.816031000000000395e-01 1.054648002430810154e-03
1.240000000000000000e+02 5.812796999999999548e-01 1.062914002449862234e-03
1.250000000000000000e+02 5.810374999999999845e-01 1.069705002465514343e-03
1.260000000000000000e+02 5.806552999999999853e-01 1.078559002485921610e-03
1.270000000000000000e+02 5.801397999999999833e-01 1.089917002512100046e-03
1.280000000000000000e+02 5.796497000000000455e-01 1.100862002537326880e-03
1.290000000000000000e+02 5.793133000000000310e-01 1.109097002556307240e-03
1.300000000000000000e+02 5.790326999999999558e-01 1.116229002572745668e-03
1.310000000000000000e+02 5.786192000000000002e-01 1.125442002593980088e-03
1.320000000000000000e+02 5.780939999999999968e-01 1.136835002620239414e-03
1.330000000000000000e+02 5.776052000000000408e-01 1.147594002645037446e-03
1.340000000000000000e+02 5.772530999999999635e-01 1.155844002664052411e-03
1.350000000000000000e+02 5.769351999999999814e-01 1.163327002681299651e-03
1.360000000000000000e+02 5.764926000000000217e-01 1.172874002703304126e-03
1.370000000000000000e+02 5.759581000000000284e-01 1.184289002729613889e-03
1.380000000000000000e+02 5.754677999999999738e-01 1.194889002754045450e-03
1.390000000000000000e+02 5.750973999999999808e-01 1.203195002773189666e-03
1.400000000000000000e+02 5.747434999999999627e-01 1.211036002791261766e-03
1.410000000000000000e+02 5.742736999999999981e-01 1.220894002813983133e-03
1.420000000000000000e+02 5.737297000000000091e-01 1.232318002840313747e-03
1.430000000000000000e+02 5.732351999999999448e-01 1.242789002864447831e-03
1.440000000000000000e+02 5.728444000000000313e-01 1.251191002883813436e-03
1.450000000000000000e+02 5.724557000000000118e-01 1.259394002902720000e-03
1.460000000000000000e+02 5.719602999999999771e-01 1.269540002926105096e-03
1.470000000000000000e+02 5.714063999999999810e-01 1.280967002952442804e-03
1.480000000000000000e+02 5.709052999999999489e-01 1.291341002976353208e-03
1.490000000000000000e+02 5.704922999999999522e-01 1.299875002996022950e-03
1.500000000000000000e+02 5.700699000000000183e-01 1.308442003015768563e-03
1.510000000000000000e+02 5.695502000000000065e-01 1.318854003039766519e-03
1.520000000000000000e+02 5.689859999999999918e-01 1.330282003066106519e-03
1.530000000000000000e+02 5.684755999999999698e-01 1.340590003089865180e-03
1.540000000000000000e+02 5.680391000000000190e-01 1.349291003109919515e-03
1.550000000000000000e+02 5.675837999999999717e-01 1.358221003130501885e-03
1.560000000000000000e+02 5.670408999999999589e-01 1.368881003155071651e-03
1.570000000000000000e+02 5.664656000000000136e-01 1.380311003181416236e-03
1.580000000000000000e+02 5.659437999999999969e-01 1.390588003205103177e-03
1.590000000000000000e+02 5.654822999999999933e-01 1.399485003225609241e-03
1.600000000000000000e+02 5.649950999999999723e-01 1.408776003247023782e-03
1.610000000000000000e+02 5.644299000000000399e-01 1.419666003272123658e-03
1.620000000000000000e+02 5.638427000000000300e-01 1.431103003298484291e-03
1.630000000000000000e+02 5.633072000000000079e-01 1.441383003322178327e-03
1.640000000000000000e+02 5.628195999999999755e-01 1.450506003343205331e-03
1.650000000000000000e+02 5.623013999999999513e-01 1.460155003365444949e-03
1.660000000000000000e+02 5.617142999999999997e-01 1.471260003391040329e-03
1.670000000000000000e+02 5.611142999999999548e-01 1.482713003417437860e-03
1.680000000000000000e+02 5.605628999999999751e-01 1.493030003441216938e-03
1.690000000000000000e+02 5.600483000000000544e-01 1.502404003462822846e-03
1.700000000000000000e+02 5.594997999999999916e-01 1.512405003485873568e-03
1.710000000000000000e+02 5.588914000000000382e-01 1.523712003511934650e-03
1.720000000000000000e+02 5.582772000000000290e-01 1.535193003538396807e-03
1.730000000000000000e+02 5.577081000000000399e-01 1.545582003562341600e-03
1.740000000000000000e+02 5.571656999999999860e-01 1.555231003584581434e-03
1.750000000000000000e+02 5.565875000000000128e-01 1.565578003608429506e-03
1.760000000000000000e+02 5.559577999999999465e-01 1.577078003634935438e-03
1.770000000000000000e+02 5.553282999999999969e-01 1.588602003661496610e-03
1.780000000000000000e+02 5.547395000000000520e-01 1.599098003685688225e-03
1.790000000000000000e+02 5.541686000000000112e-01 1.609041003708605545e-03
1.800000000000000000e+02 5.535611999999999755e-01 1.619728003733237644e-03
1.810000000000000000e+02 5.529102999999999657e-01 1.631414003760172163e-03
1.820000000000000000e+02 5.522641000000000355e-01 1.642999003786873831e-03
1.830000000000000000e+02 5.516539000000000303e-01 1.653635003811388358e-03
1.840000000000000000e+02 5.510538999999999854e-01 1.663891003835026939e-03
1.850000000000000000e+02 5.504177000000000097e-01 1.674911003860426366e-03
1.860000000000000000e+02 5.497452999999999923e-01 1.686779003887780301e-03
1.870000000000000000e+02 5.490810000000000413e-01 1.698446003914671262e-03
1.880000000000000000e+02 5.484474999999999767e-01 1.709257003939588723e-03
1.890000000000000000e+02 5.478178999999999688e-01 1.719840003963981094e-03
1.900000000000000000e+02 5.471532000000000062e-01 1.731187003990134528e-03
1.910000000000000000e+02 5.464588999999999697e-01 1.743237004017907880e-03
1.920000000000000000e+02 5.457748999999999517e-01 1.755009004045040427e-03
1.930000000000000000e+02 5.451167999999999569e-01 1.766025004070430685e-03
1.940000000000000000e+02 5.444569000000000214e-01 1.776949004095609158e-03
1.950000000000000000e+02 5.437638000000000194e-01 1.788618004122504270e-03
1.960000000000000000e+02 5.430471000000000048e-01 1.800852004150702056e-03
1.970000000000000000e+02 5.423417999999999850e-01 1.812754004178134372e-03
1.980000000000000000e+02 5.416575000000000140e-01 1.824007004204071004e-03
1.990000000000000000e+02 5.409669000000000283e-01 1.835283004230060366e-03
2.000000000000000000e+02 5.402453999999999867e-01 1.847269004257686342e-03
2.010000000000000000e+02 5.395054000000000238e-01 1.859692004286319809e-03
2.020000000000000000e+02 5.387773999999999619e-01 1.871752004314116086e-03
2.030000000000000000e+02 5.380652999999999686e-01 1.883270004340663285e-03
2.040000000000000000e+02 5.373436000000000323e-01 1.894909004367489836e-03
2.050000000000000000e+02 5.365933999999999982e-01 1.907208004395837073e-03
2.060000000000000000e+02 5.358292999999999529e-01 1.919830004424929147e-03
2.070000000000000000e+02 5.350768000000000191e-01 1.932076004453154227e-03
2.080000000000000000e+02 5.343356999999999690e-01 1.943887004480376835e-03
2.090000000000000000e+02 5.335822000000000065e-01 1.955896004508055758e-03
2.100000000000000000e+02 5.328030999999999739e-01 1.968508004537124472e-03
2.110000000000000000e+02 5.320137999999999812e-01 1.981341004566702663e-03
2.120000000000000000e+02 5.312350999999999601e-01 1.993801004595421606e-03
2.130000000000000000e+02 5.304634999999999767e-01 2.005932004623381740e-03
2.140000000000000000e+02 5.296777999999999764e-01 2.018319004651931807e-03
2.150000000000000000e+02 5.288692999999999866e-01 2.031243004681719706e-03
2.160000000000000000e+02 5.280534999999999535e-01 2.044302004711819054e-03
2.170000000000000000e+02 5.272470000000000212e-01 2.057008004741104137e-03
2.180000000000000000e+02 5.264436000000000115e-01 2.069483004769857252e-03
2.190000000000000000e+02 5.256250000000000089e-01 2.082253004799290361e-03
2.200000000000000000e+02 5.247863999999999862e-01 2.095493004829806615e-03
2.210000000000000000e+02 5.239428000000000418e-01 2.108796004860468386e-03
2.220000000000000000e+02 5.231065999999999772e-01 2.121777004890387178e-03
2.230000000000000000e+02 5.222702999999999651e-01 2.134618004919984144e-03
2.240000000000000000e+02 5.214180999999999955e-01 2.147779004950318201e-03
2.250000000000000000e+02 5.205484999999999696e-01 2.161339004981571981e-03
2.260000000000000000e+02 5.196756000000000153e-01 2.174906005012842026e-03
2.270000000000000000e+02 5.188080000000000469e-01 2.188194005043469191e-03
2.280000000000000000e+02 5.179373999999999922e-01 2.201422005073957501e-03
2.290000000000000000e+02 5.170508000000000326e-01 2.214979005105204620e-03
2.300000000000000000e+02 5.161491999999999747e-01 2.228868005137216775e-03
2.310000000000000000e+02 5.152453000000000172e-01 2.242724005169152626e-03
2.320000000000000000e+02 5.143446999999999880e-01 2.256348005200553997e-03
2.330000000000000000e+02 5.134383999999999615e-01 2.269982005231978295e-03
2.340000000000000000e+02 5.125165000000000415e-01 2.283942005264154307e-03
2.350000000000000000e+02 5.115817999999999754e-01 2.298170005296947763e-03
2.360000000000000000e+02 5.106452000000000213e-01 2.312340005329607383e-03
2.370000000000000000e+02 5.097095999999999849e-01 2.326330005361852173e-03
2.380000000000000000e+02 5.087663999999999520e-01 2.340388005394254158e-03
2.390000000000000000e+02 5.078080999999999845e-01 2.354759005427376969e-03
2.400000000000000000e+02 5.068388999999999811e-01 2.369340005460984257e-03
2.410000000000000000e+02 5.058675999999999728e-01 2.383851005494430197e-03
2.420000000000000000e+02 5.048953000000000468e-01 2.398235005527583029e-03
2.430000000000000000e+02 5.039137999999999673e-01 2.412734005561001024e-03
2.440000000000000000e+02 5.029179000000000288e-01 2.427524005595089844e-03
2.450000000000000000e+02 5.019124999999999837e-01 2.442475005629549719e-03
2.460000000000000000e+02 5.009046999999999805e-01 2.457355005663846171e-03
2.470000000000000000e+02 4.998936999999999964e-01 2.472161005697971672e-03
2.480000000000000000e+02 4.988723999999999936e-01 2.487116005732441151e-03
2.490000000000000000e+02 4.978374999999999884e-01 2.502336005767520546e-03
2.500000000000000000e+02 4.967942000000000191e-01 2.517677005802879293e-03
2.510000000000000000e+02 4.957477000000000134e-01 2.532955005838092959e-03
2.520000000000000000e+02 4.946961999999999748e-01 2.548210005873253678e-03
2.530000000000000000e+02 4.936335000000000028e-01 2.563636005908808378e-03
2.540000000000000000e+02 4.925580999999999987e-01 2.579299005944908803e-03
2.550000000000000000e+02 4.914748999999999923e-01 2.595051005981215651e-03
2.560000000000000000e+02 4.903875999999999791e-01 2.610757006017415307e-03
2.570000000000000000e+02 4.892934999999999923e-01 2.626486006053668776e-03
2.580000000000000000e+02 4.881877000000000022e-01 2.642399006090345812e-03
2.590000000000000000e+02 4.870701000000000058e-01 2.658519006127499362e-03
2.600000000000000000e+02 4.859448000000000101e-01 2.674706006164808466e-03
2.610000000000000000e+02 4.848142999999999758e-01 2.690871006202066266e-03
2.620000000000000000e+02 4.836755999999999833e-01 2.707096006239462487e-03
2.630000000000000000e+02 4.825248999999999788e-01 2.723511006277296465e-03
2.640000000000000000e+02 4.813628999999999825e-01 2.740105006315543632e-03
2.650000000000000000e+02 4.801932999999999896e-01 2.756754006353917107e-03
2.660000000000000000e+02 4.790171999999999763e-01 2.773406006392297243e-03
2.670000000000000000e+02 4.778317000000000259e-01 2.790151006430892540e-03
2.680000000000000000e+02 4.766340000000000021e-01 2.807084006469920141e-03
2.690000000000000000e+02 4.754253999999999980e-01 2.824171006509303399e-03
2.700000000000000000e+02 4.742089999999999916e-01 2.841309006548803796e-03
2.710000000000000000e+02 4.729846999999999801e-01 2.858477006588373837e-03
2.720000000000000000e+02 4.717500000000000027e-01 2.875763006628215268e-03
2.730000000000000000e+02 4.705031000000000074e-01 2.893230006668474474e-03
2.740000000000000000e+02 4.692454999999999821e-01 2.910831006709042185e-03
2.750000000000000000e+02 4.679793999999999898e-01 2.928486006749734562e-03
2.760000000000000000e+02 4.667044000000000192e-01 2.946198006790557832e-03
2.770000000000000000e+02 4.654178999999999955e-01 2.964045006831692985e-03
2.780000000000000000e+02 4.641193000000000124e-01 2.982064006873223760e-03
2.790000000000000000e+02 4.628098999999999963e-01 3.000202006915029303e-03
2.800000000000000000e+02 4.614912999999999932e-01 3.018402006956977853e-03
2.810000000000000000e+02 4.601625999999999772e-01 3.036684006999115261e-03
2.820000000000000000e+02 4.588218000000000019e-01 3.055113007041591194e-03
2.830000000000000000e+02 4.574686000000000030e-01 3.073702007084436541e-03
2.840000000000000000e+02 4.561045000000000238e-01 3.092401007127534504e-03
2.850000000000000000e+02 4.547302999999999762e-01 3.111174007170803852e-03
2.860000000000000000e+02 4.533447999999999922e-01 3.130051007214312495e-03
2.870000000000000000e+02 4.519465999999999761e-01 3.149079007258169267e-03
2.880000000000000000e+02 4.505358999999999892e-01 3.168258007302374168e-03
2.890000000000000000e+02 4.491137000000000046e-01 3.187543007346823384e-03
2.900000000000000000e+02 4.476804999999999812e-01 3.206916007391475212e-03
2.910000000000000000e+02 4.462348999999999899e-01 3.226409007436403450e-03
2.920000000000000000e+02 4.447761000000000076e-01 3.246056007481686913e-03
2.930000000000000000e+02 4.433043999999999873e-01 3.265844007527295579e-03
2.940000000000000000e+02 4.418207000000000106e-01 3.285738007573148125e-03
2.950000000000000000e+02 4.403248000000000162e-01 3.305736007619240833e-03
2.960000000000000000e+02 4.388155999999999723e-01 3.325865007665635385e-03
2.970000000000000000e+02 4.372926999999999786e-01 3.346148007712384728e-03
2.980000000000000000e+02 4.357563999999999882e-01 3.366565007759443010e-03
2.990000000000000000e+02 4.342072000000000154e-01 3.387092007806754342e-03
3.000000000000000000e+02 4.326446999999999932e-01 3.407736007854335857e-03
3.010000000000000000e+02 4.310680000000000067e-01 3.428520007902240065e-03
3.020000000000000000e+02 4.294769999999999976e-01 3.449453007950487385e-03
3.030000000000000000e+02 4.278719000000000272e-01 3.470518007999039492e-03
3.040000000000000000e+02 4.262529999999999930e-01 3.491699008047858405e-03
3.050000000000000000e+02 4.246196999999999888e-01 3.513007008096970425e-03
3.060000000000000000e+02 4.229713999999999974e-01 3.534460008146416386e-03
3.070000000000000000e+02 4.213080000000000158e-01 3.556059008196198797e-03
3.080000000000000000e+02 4.196295999999999915e-01 3.577788008246280977e-03
3.090000000000000000e+02 4.179363999999999857e-01 3.599639008296644585e-03
3.100000000000000000e+02 4.162276999999999783e-01 3.621625008347318774e-03
3.110000000000000000e+02 4.145030000000000103e-01 3.643758008398332356e-03
3.120000000000000000e+02 4.127623999999999738e-01 3.666032008449670275e-03
3.130000000000000000e+02 4.110058999999999796e-01 3.688436008501308396e-03
3.140000000000000000e+02 4.092333000000000220e-01 3.710969008553243777e-03
3.150000000000000000e+02 4.074440999999999757e-01 3.733641008605499342e-03
3.160000000000000000e+02 4.056379999999999986e-01 3.756458008658089282e-03
3.170000000000000000e+02 4.038148999999999766e-01 3.779413008710997331e-03
3.180000000000000000e+02 4.019748000000000210e-01 3.802499008764207659e-03
3.190000000000000000e+02 4.001174000000000119e-01 3.825717008817721039e-03
3.200000000000000000e+02 3.982421999999999906e-01 3.849076008871560491e-03
3.210000000000000000e+02 3.963489000000000040e-01 3.872576008925724712e-03
3.220000000000000000e+02 3.944375999999999993e-01 3.896210008980197440e-03
3.230000000000000000e+02 3.925079000000000207e-01 3.919974009034970369e-03
3.240000000000000000e+02 3.905596000000000068e-01 3.943872009090051804e-03
3.250000000000000000e+02 3.885921999999999987e-01 3.967907009145448839e-03
3.260000000000000000e+02 3.866055999999999937e-01 3.992077009201157323e-03
3.270000000000000000e+02 3.845994999999999830e-01 4.016377009257165141e-03
3.280000000000000000e+02 3.825737000000000165e-01 4.040805009313467276e-03
3.290000000000000000e+02 3.805278999999999745e-01 4.065363009370070481e-03
3.300000000000000000e+02 3.784616000000000091e-01 4.090052009426975096e-03
3.310000000000000000e+02 3.763746000000000036e-01 4.114868009484172820e-03
3.320000000000000000e+02 3.742667000000000077e-01 4.139806009541650671e-03
3.330000000000000000e+02 3.721375000000000099e-01 4.164866009599410383e-03
3.340000000000000000e+02 3.699867000000000017e-01 4.190048009657451090e-03
3.350000000000000000e+02 3.678139000000000269e-01 4.215350009715768641e-03
3.360000000000000000e+02 3.656189000000000244e-01 4.240767009774350921e-03
3.370000000000000000e+02 3.634012999999999827e-01 4.266296009833192571e-03
3.380000000000000000e+02 3.611607000000000012e-01 4.291935009892285970e-03
3.390000000000000000e+02 3.588968000000000158e-01 4.317683009951631644e-03
3.400000000000000000e+02 3.566091000000000122e-01 4.343534010011213670e-03
3.410000000000000000e+02 3.542974999999999874e-01 4.369485010071027555e-03
3.420000000000000000e+02 3.519613999999999798e-01 4.395530010131057375e-03
3.430000000000000000e+02 3.496003999999999778e-01 4.421667010191298978e-03
3.440000000000000000e+02 3.472141999999999729e-01 4.447891010251741988e-03
3.450000000000000000e+02 3.448024000000000089e-01 4.474197010312373421e-03
3.460000000000000000e+02 3.423645000000000160e-01 4.500577010373175806e-03
3.470000000000000000e+02 3.399001999999999857e-01 4.527027010434139104e-03
3.480000000000000000e+02 3.374088000000000087e-01 4.553541010495249994e-03
3.490000000000000000e+02 3.348901000000000239e-01 4.580111010556490135e-03
3.500000000000000000e+02 3.323436000000000168e-01 4.606730010617842395e-03
3.510000000000000000e+02 3.297687999999999731e-01 4.633389010679288093e-03
3.520000000000000000e+02 3.271651999999999894e-01 4.660081010740809229e-03
3.530000000000000000e+02 3.245321999999999929e-01 4.686796010802383311e-03
3.540000000000000000e+02 3.218695999999999779e-01 4.713526010863991998e-03
3.550000000000000000e+02 3.191765999999999770e-01 4.740259010925607780e-03
3.560000000000000000e+02 3.164527999999999786e-01 4.766984010987204354e-03
3.570000000000000000e+02 3.136977000000000237e-01 4.793691011048760095e-03
3.580000000000000000e+02 3.109105999999999814e-01 4.820366011110242474e-03
3.590000000000000000e+02 3.080911000000000066e-01 4.846996011171621037e-03
3.600000000000000000e+02 3.052385000000000237e-01 4.873566011232860311e-03
3.610000000000000000e+02 3.023523000000000183e-01 4.900061011293928293e-03
3.620000000000000000e+02 2.994318000000000257e-01 4.926463011354780680e-03
3.630000000000000000e+02 2.964763000000000259e-01 4.952755011415380451e-03
3.640000000000000000e+02 2.934854000000000074e-01 4.978918011475682096e-03
3.650000000000000000e+02 2.904581999999999997e-01 5.004931011535638553e-03
3.660000000000000000e+02 2.873940999999999857e-01 5.030773011595200163e-03
3.670000000000000000e+02 2.842925000000000035e-01 5.056421011654314845e-03
3.680000000000000000e+02 2.811525999999999748e-01 5.081850011712924636e-03
3.690000000000000000e+02 2.779736999999999902e-01 5.107034011770970362e-03
3.700000000000000000e+02 2.747550000000000270e-01 5.131945011828386964e-03
3.710000000000000000e+02 2.714959000000000122e-01 5.156553011885104364e-03
3.720000000000000000e+02 2.681953999999999727e-01 5.180825011941047990e-03
3.730000000000000000e+02 2.648527999999999993e-01 5.204727011996139463e-03
3.740000000000000000e+02 2.614673000000000136e-01 5.228220012050287420e-03
3.750000000000000000e+02 2.580378999999999867e-01 5.251265012103401367e-03
3.760000000000000000e+02 2.545639000000000096e-01 5.273819012155385975e-03
3.770000000000000000e+02 2.510441999999999951e-01 5.295835012206129809e-03
3.780000000000000000e+02 2.474781000000000064e-01 5.317265012255522824e-03
3.790000000000000000e+02 2.438645000000000118e-01 5.338057012303444940e-03
3.800000000000000000e+02 2.402025000000000132e-01 5.358155012349767772e-03
3.810000000000000000e+02 2.364911000000000096e-01 5.377498012394350824e-03
3.820000000000000000e+02 2.327293000000000001e-01 5.396020012437041484e-03
3.830000000000000000e+02 2.289159000000000055e-01 5.413652012477680915e-03
3.840000000000000000e+02 2.250500000000000000e-01 5.430317012516091939e-03
3.850000000000000000e+02 2.211304000000000047e-01 5.445932012552081453e-03
3.860000000000000000e+02 2.171559000000000128e-01 5.460409012585448578e-03
3.870000000000000000e+02 2.131252999999999898e-01 5.473653012615973569e-03
3.880000000000000000e+02 2.090375999999999901e-01 5.485562012643423017e-03
3.890000000000000000e+02 2.048914000000000013e-01 5.496025012667538762e-03
3.900000000000000000e+02 2.006854999999999889e-01 5.504924012688048977e-03
3.910000000000000000e+02 1.964185999999999988e-01 5.512128012704653121e-03
3.920000000000000000e+02 1.920893999999999935e-01 5.517494012717020536e-03
3.930000000000000000e+02 1.876964000000000132e-01 5.520868012724797734e-03
3.940000000000000000e+02 1.832382999999999929e-01 5.522078012727586922e-03
3.950000000000000000e+02 1.787136000000000002e-01 5.520944012724972837e-03
3.960000000000000000e+02 1.741207999999999922e-01 5.517265012716493153e-03
3.970000000000000000e+02 1.694585999999999870e-01 5.510826012701653016e-03
3.980000000000000000e+02 1.647253999999999940e-01 5.501387012679897007e-03
3.990000000000000000e+02 1.599195999999999951e-01 5.488684012650619018e-03
4.000000000000000000e+02 1.550397000000000025e-01 5.472426012613145624e-03
4.010000000000000000e+02 1.500840999999999981e-01 5.452288012566731089e-03
4.020000000000000000e+02 1.450511999999999913e-01 5.427915012510554395e-03
4.030000000000000000e+02 1.399392999999999887e-01 5.398910012443703006e-03
4.040000000000000000e+02 1.347470000000000057e-01 5.364830012365153292e-03
4.050000000000000000e+02 1.294725999999999932e-01 5.325183012273772970e-03
4.060000000000000000e+02 1.241147999999999973e-01 5.279412012168277490e-03
4.070000000000000000e+02 1.186719999999999997e-01 5.226891012047224332e-03
4.080000000000000000e+02 1.131429999999999936e-01 5.166908011908971643e-03
4.090000000000000000e+02 1.075268000000000057e-01 5.098646011751637938e-03
4.100000000000000000e+02 1.018222000000000016e-01 5.021164011573052248e-03
4.110000000000000000e+02 9.602874000000000132e-02 4.933372011370704829e-03
4.120000000000000000e+02 9.014624999999999722e-02 4.833999011141665129e-03
4.130000000000000000e+02 8.417526000000000175e-02 4.721542010882467250e-03
4.140000000000000000e+02 7.811719999999999775e-02 4.594199010588960463e-03
4.150000000000000000e+02 7.197468999999999395e-02 4.449763010256057097e-03
4.160000000000000000e+02 6.575211000000000250e-02 4.285477009877401190e-03
4.170000000000000000e+02 5.945650000000000240e-02 4.097852009444952551e-03
4.180000000000000000e+02 5.309939000000000325e-02 3.882502008948602625e-03
4.190000000000000000e+02 4.670027999999999679e-02 3.634155008376199064e-03
4.200000000000000000e+02 4.029304999999999692e-02 3.347151007714696536e-03
4.210000000000000000e+02 3.393658000000000091e-02 3.016873006953453649e-03
4.220000000000000000e+02 2.772880999999999957e-02 2.642426006090407929e-03
4.230000000000000000e+02 2.181817999999999952e-02 2.230252005140406606e-03
4.240000000000000000e+02 1.640035999999999924e-02 1.797071004141987446e-03
4.250000000000000000e+02 1.168669999999999952e-02 1.369606003156742654e-03
4.260000000000000000e+02 7.845731999999999359e-03 9.792109022569387561e-04
4.270000000000000000e+02 4.943638000000000199e-03 6.527197015044240583e-04
4.280000000000000000e+02 2.920976999999999948e-03 4.041906009316005599e-04
4.290000000000000000e+02 1.620820999999999937e-03 2.322777005353663141e-04
4.300000000000000000e+02 8.472326000000000509e-04 1.240100002858250206e-04
4.310000000000000000e+02 4.187298000000000105e-04 6.166181014212151058e-05
4.320000000000000000e+02 1.963814000000000033e-04 2.864799006602945065e-05
4.330000000000000000e+02 8.767834999999999377e-05 1.247939002876317937e-05
4.340000000000000000e+02 3.736622000000000288e-05 5.114040011787118131e-06
4.350000000000000000e+02 1.523444999999999947e-05 1.977545004557953631e-06
4.360000000000000000e+02 5.952950999999999715e-06 7.235047016675730757e-07
4.370000000000000000e+02 2.232829000000000201e-06 2.510224005785701472e-07
4.380000000000000000e+02 8.049045999999999719e-07 8.275615019074089252e-08
4.390000000000000000e+02 2.791613000000000236e-07 2.596822005985297129e-08
4.400000000000000000e+02 9.323260000000000331e-08 7.767300017902496961e-09
4.410000000000000000e+02 3.000535000000000206e-08 2.217319005110597733e-09
4.420000000000000000e+02 9.311361999999999387e-09 6.047634013938917039e-10
4.430000000000000000e+02 2.787623000000000063e-09 1.577421003635726205e-10
4.440000000000000000e+02 8.054714000000000440e-10 3.937907009076302940e-11
4.450000000000000000e+02 2.247095999999999940e-10 9.415467021701282442e-12
4.460000000000000000e+02 6.054604000000000199e-11 2.157436004972576317e-12
4.470000000000000000e+02 1.576012000000000050e-11 4.739990010924987214e-13
4.480000000000000000e+02 3.964089000000000155e-12 9.989650023024690995e-14
4.490000000000000000e+02 9.636563000000000405e-13 2.020301004656500073e-14
4.500000000000000000e+02 2.264475000000000052e-13 3.921985009039605005e-15
4.510000000000000000e+02 5.144448999999999908e-14 7.310139016848807824e-16
4.520000000000000000e+02 1.130014999999999963e-14 1.308447003015780126e-16
4.530000000000000000e+02 2.400161000000000151e-15 2.249341005184403939e-17
4.540000000000000000e+02 4.929864999999999891e-16 3.714149008560573809e-18
4.550000000000000000e+02 9.792313000000000012e-17 5.890924013577723117e-19
4.560000000000000000e+02 1.881043999999999865e-17 8.974745020685481559e-20
4.570000000000000000e+02 3.494418000000000136e-18 1.313258003026868651e-20
4.580000000000000000e+02 6.277723000000000249e-19 1.845534004253687544e-21
4.590000000000000000e+02 1.090588999999999927e-19 2.490425005740067476e-22
4.600000000000000000e+02 1.831989999999999977e-20 3.226412007436410276e-23
4.610000000000000000e+02 2.975427999999999875e-21 4.011961009246986788e-24
4.620000000000000000e+02 4.671895999999999754e-22 4.786959011033244406e-25
4.630000000000000000e+02 7.090829999999999751e-23 5.478774012627777755e-26
4.640000000000000000e+02 1.040147000000000059e-23 6.012584013858131333e-27
4.650000000000000000e+02 1.474378999999999946e-24 6.324178014576311146e-28
4.660000000000000000e+02 2.019081999999999973e-25 6.372356014687354146e-29
4.670000000000000000e+02 2.670742999999999926e-26 6.147695014169543291e-30
4.680000000000000000e+02 3.411420000000000251e-27 5.675165013080430108e-31
4.690000000000000000e+02 4.206725000000000196e-28 5.009663011546545049e-32
4.700000000000000000e+02 5.006425000000000002e-29 4.225546009739268937e-33
4.710000000000000000e+02 5.748340999999999910e-30 3.402908007843207900e-34
4.720000000000000000e+02 6.365499999999999914e-31 2.614118006025161553e-35
4.730000000000000000e+02 6.795599999999999541e-32 1.913747004410908403e-36
4.740000000000000000e+02 6.991082999999999476e-33 1.333720003074030525e-37
4.750000000000000000e+02 6.927608999999999805e-34 8.838060020370442513e-39
4.760000000000000000e+02 6.608902999999999546e-35 5.561637012818764371e-40
4.770000000000000000e+02 6.066667999999999997e-36 3.318854007649475797e-41
4.780000000000000000e+02 5.355443999999999941e-37 1.875158004321966668e-42
4.790000000000000000e+02 4.543547999999999745e-38 1.001398002308076723e-43
4.800000000000000000e+02 3.702182999999999993e-39 5.045106011628235870e-45
4.810000000000000000e+02 2.895142999999999875e-40 2.392847005515164261e-46
4.820000000000000000e+02 2.171164999999999946e-41 1.065916002456781491e-47
4.830000000000000000e+02 1.560132000000000154e-42 4.447926010251822743e-49
4.840000000000000000e+02 1.073200000000000072e-43 1.733572003995631460e-50
4.850000000000000000e+02 7.060327999999999817e-45 6.289763014496989004e-52
4.860000000000000000e+02 4.437432000000000164e-46 2.116397004877987205e-53
4.870000000000000000e+02 2.661344000000000138e-47 6.575915015156527707e-55
4.880000000000000000e+02 1.521210000000000095e-48 1.877365004327053233e-56
4.890000000000000000e+02 8.275696999999999959e-50 4.896144011284900591e-58
4.900000000000000000e+02 4.278606000000000210e-51 1.158516002670210808e-59
4.910000000000000000e+02 2.098828999999999994e-52 2.466846005685721166e-61
4.920000000000000000e+02 9.751135000000000548e-54 4.680180010787134158e-63
4.930000000000000000e+02 4.282385000000000217e-55 7.814833018012053640e-65
4.940000000000000000e+02 1.773900000000000021e-56 1.130640002605960758e-66
4.950000000000000000e+02 6.914221999999999968e-58 1.388577003200467887e-68
4.960000000000000000e+02 2.529112999999999988e-59 1.407569003244241869e-70
4.970000000000000000e+02 8.655755999999999634e-61 1.130683002606059908e-72
4.980000000000000000e+02 2.762426000000000186e-62 6.748391015554060642e-75
4.990000000000000000e+02 8.189684999999999636e-64 2.660352006131724481e-77
5.000000000000000000e+02 2.245673000000000166e-65 5.195923011975846619e-80
5.010000000000000000e+02 5.797544000000000175e-67 0.000000000000000000e+00
