1.000000000000000000e+00 7.299166999999999739e-01 8.908436584811927174e-05
2.000000000000000000e+00 7.060018000000000127e-01 1.284755988195081320e-04
3.000000000000000000e+00 7.087244999999999795e-01 1.573916652204809385e-04
4.000000000000000000e+00 7.093302999999999692e-01 1.822657316585934431e-04
5.000000000000000000e+00 7.095844000000000040e-01 2.048650314509408755e-04
6.000000000000000000e+00 7.096850000000000103e-01 2.261781645884395318e-04
7.000000000000000000e+00 7.097067000000000236e-01 2.468080977322156572e-04
8.000000000000000000e+00 7.096810000000000063e-01 2.671456975453446645e-04
9.000000000000000000e+00 7.096236000000000210e-01 2.874505640254410108e-04
1.000000000000000000e+01 7.095432000000000405e-01 3.078948971709225858e-04
1.100000000000000000e+01 7.094451999999999980e-01 3.285894303141052115e-04
1.200000000000000000e+01 7.093327999999999856e-01 3.496009967877081333e-04
1.300000000000000000e+01 7.092083000000000137e-01 3.709646632580757344e-04
1.400000000000000000e+01 7.090731999999999591e-01 3.926926630584290584e-04
1.500000000000000000e+01 7.089286000000000199e-01 4.147816628554653121e-04
1.600000000000000000e+01 7.087752999999999970e-01 4.372166626493224407e-04
1.700000000000000000e+01 7.086135999999999546e-01 4.599769957735235491e-04
1.800000000000000000e+01 7.084437999999999569e-01 4.830386622282891655e-04
1.900000000000000000e+01 7.082661000000000096e-01 5.063756620138583266e-04
2.000000000000000000e+01 7.080805000000000016e-01 5.299629951304605981e-04
2.100000000000000000e+01 7.078870999999999913e-01 5.537769949116468473e-04
2.200000000000000000e+01 7.076858000000000315e-01 5.777949946909584703e-04
2.300000000000000000e+01 7.074764999999999526e-01 6.019969944685795750e-04
2.400000000000000000e+01 7.072591999999999768e-01 6.263656609113358968e-04
2.500000000000000000e+01 7.070338000000000456e-01 6.508843273527140658e-04
2.600000000000000000e+01 7.068001999999999896e-01 6.755396604595031258e-04
2.700000000000000000e+01 7.065582999999999725e-01 7.003189935651526902e-04
2.800000000000000000e+01 7.063080999999999943e-01 7.252109933364337280e-04
2.900000000000000000e+01 7.060494000000000492e-01 7.502063264400985918e-04
3.000000000000000000e+01 7.057824000000000320e-01 7.752963262095604203e-04
3.100000000000000000e+01 7.055067999999999895e-01 8.004729926448924879e-04
3.200000000000000000e+01 7.052226000000000328e-01 8.257299924128196555e-04
3.300000000000000000e+01 7.049298999999999982e-01 8.510609921800670009e-04
3.400000000000000000e+01 7.046284000000000436e-01 8.764606586133501850e-04
3.500000000000000000e+01 7.043182999999999527e-01 9.019243250460450044e-04
3.600000000000000000e+01 7.039992999999999945e-01 9.274473248115282318e-04
3.700000000000000000e+01 7.036715999999999527e-01 9.530259912431666806e-04
3.800000000000000000e+01 7.033350000000000435e-01 9.786573243409876256e-04
3.900000000000000000e+01 7.029895000000000449e-01 1.004337990771688761e-03
4.000000000000000000e+01 7.026350999999999569e-01 1.030065657201958149e-03
4.100000000000000000e+01 7.022715999999999958e-01 1.055837990298483632e-03
4.200000000000000000e+01 7.018990999999999980e-01 1.081653323394613951e-03
4.300000000000000000e+01 7.015175000000000161e-01 1.107509323157037382e-03
4.400000000000000000e+01 7.011268000000000500e-01 1.133404656252432570e-03
4.500000000000000000e+01 7.007269999999999888e-01 1.159338322680809148e-03
4.600000000000000000e+01 7.003177999999999903e-01 1.185309322442175666e-03
4.700000000000000000e+01 6.998995000000000077e-01 1.211316655536541975e-03
4.800000000000000000e+01 6.994717999999999769e-01 1.237359321963916840e-03
4.900000000000000000e+01 6.990347000000000088e-01 1.263436988390970140e-03
5.000000000000000000e+01 6.985881999999999925e-01 1.289548988151041414e-03
5.100000000000000000e+01 6.981323000000000389e-01 1.315694654577469766e-03
5.200000000000000000e+01 6.976668999999999787e-01 1.341874654336916092e-03
5.300000000000000000e+01 6.971918999999999755e-01 1.368087987429389375e-03
5.400000000000000000e+01 6.967073000000000293e-01 1.394334320521559709e-03
5.500000000000000000e+01 6.962131000000000292e-01 1.420614320280087122e-03
5.600000000000000000e+01 6.957090999999999692e-01 1.446927320038311369e-03
5.700000000000000000e+01 6.951954000000000189e-01 1.473273986462892912e-03
5.800000000000000000e+01 6.946719000000000088e-01 1.499653652887171290e-03
5.900000000000000000e+01 6.941384999999999916e-01 1.526067319311137302e-03
6.000000000000000000e+01 6.935951999999999673e-01 1.552514652401460610e-03
6.100000000000000000e+01 6.930420000000000469e-01 1.578995985491471552e-03
6.200000000000000000e+01 6.924787000000000026e-01 1.605511318581169912e-03
6.300000000000000000e+01 6.919054000000000038e-01 1.632061651670546707e-03
6.400000000000000000e+01 6.913217999999999863e-01 1.658646651426271814e-03
6.500000000000000000e+01 6.907280999999999560e-01 1.685266984515005478e-03
6.600000000000000000e+01 6.901241999999999654e-01 1.711922984270078255e-03
6.700000000000000000e+01 6.895099999999999563e-01 1.738614650691489710e-03
6.800000000000000000e+01 6.888853000000000337e-01 1.765342650445900522e-03
6.900000000000000000e+01 6.882502000000000342e-01 1.792107316866641464e-03
7.000000000000000000e+01 6.876046000000000102e-01 1.818908983287042440e-03
7.100000000000000000e+01 6.869484000000000146e-01 1.845748649707094034e-03
7.200000000000000000e+01 6.862816999999999945e-01 1.872625982793466341e-03
7.300000000000000000e+01 6.856041999999999970e-01 1.899541649212819821e-03
7.400000000000000000e+01 6.849159000000000219e-01 1.926495982298484380e-03
7.500000000000000000e+01 6.842167999999999584e-01 1.953489648717120913e-03
7.600000000000000000e+01 6.835067999999999699e-01 1.980522981802059976e-03
7.700000000000000000e+01 6.827857999999999983e-01 2.007596314886631473e-03
7.800000000000000000e+01 6.820536999999999850e-01 2.034710647970826205e-03
7.900000000000000000e+01 6.813105999999999884e-01 2.061865647721313616e-03
8.000000000000000000e+01 6.805561999999999445e-01 2.089061980804754384e-03
8.100000000000000000e+01 6.797904999999999642e-01 2.116300647221140176e-03
8.200000000000000000e+01 6.790135000000000476e-01 2.143581980303800247e-03
8.300000000000000000e+01 6.782251000000000252e-01 2.170906313386065153e-03
8.400000000000000000e+01 6.774251999999999496e-01 2.198273979801265449e-03
8.500000000000000000e+01 6.766136999999999846e-01 2.225685646216061381e-03
8.600000000000000000e+01 6.757904999999999607e-01 2.253141645963783069e-03
8.700000000000000000e+01 6.749555000000000415e-01 2.280641979044430948e-03
8.800000000000000000e+01 6.741087000000000051e-01 2.308187645457995818e-03
8.900000000000000000e+01 6.732498999999999567e-01 2.335778978537807367e-03
9.000000000000000000e+01 6.723791000000000073e-01 2.363415978283866029e-03
9.100000000000000000e+01 6.714961000000000402e-01 2.391099644696163037e-03
9.200000000000000000e+01 6.706010000000000026e-01 2.418830311108027646e-03
9.300000000000000000e+01 6.696936000000000000e-01 2.446608644186120968e-03
9.400000000000000000e+01 6.687737999999999738e-01 2.474434643930443004e-03
9.500000000000000000e+01 6.678414999999999768e-01 2.502308977007654429e-03
9.600000000000000000e+01 6.668965999999999505e-01 2.530232310084415924e-03
9.700000000000000000e+01 6.659391000000000060e-01 2.558204309827396064e-03
9.800000000000000000e+01 6.649686999999999681e-01 2.586225976236587384e-03
9.900000000000000000e+01 6.639855000000000063e-01 2.614296975978658028e-03
1.000000000000000000e+02 6.629891999999999452e-01 2.642417975720269974e-03
1.010000000000000000e+02 6.619798000000000071e-01 2.670589642128082600e-03
1.020000000000000000e+02 6.609572000000000225e-01 2.698812641868757016e-03
1.030000000000000000e+02 6.599213999999999913e-01 2.727086974942292789e-03
1.040000000000000000e+02 6.588720999999999606e-01 2.755412641348690354e-03
1.050000000000000000e+02 6.578091999999999828e-01 2.783790307754610387e-03
1.060000000000000000e+02 6.567326999999999471e-01 2.812219974160052021e-03
1.070000000000000000e+02 6.556423999999999586e-01 2.840701973898347114e-03
1.080000000000000000e+02 6.545381999999999589e-01 2.869237306969484730e-03
1.090000000000000000e+02 6.534200000000000008e-01 2.897825306706805059e-03
1.100000000000000000e+02 6.522875999999999674e-01 2.926466639776969213e-03
1.110000000000000000e+02 6.511409999999999698e-01 2.955161639513306446e-03
1.120000000000000000e+02 6.499800000000000022e-01 2.983909972582487070e-03
1.130000000000000000e+02 6.488045000000000062e-01 3.012712305651171329e-03
1.140000000000000000e+02 6.476142999999999761e-01 3.041568638719359657e-03
1.150000000000000000e+02 6.464092999999999645e-01 3.070479305120382175e-03
1.160000000000000000e+02 6.451894000000000240e-01 3.099444304854238885e-03
1.170000000000000000e+02 6.439544999999999852e-01 3.128463971254259474e-03
1.180000000000000000e+02 6.427043000000000061e-01 3.157538304320444810e-03
1.190000000000000000e+02 6.414387999999999757e-01 3.186666970719463903e-03
1.200000000000000000e+02 6.401578999999999464e-01 3.215850637117978299e-03
1.210000000000000000e+02 6.388612999999999653e-01 3.245089303515986696e-03
1.220000000000000000e+02 6.375488999999999740e-01 3.274382636580159840e-03
1.230000000000000000e+02 6.362206000000000250e-01 3.303730636310496863e-03
1.240000000000000000e+02 6.348762000000000016e-01 3.333132969373668077e-03
1.250000000000000000e+02 6.335155999999999565e-01 3.362589969103004037e-03
1.260000000000000000e+02 6.321385999999999949e-01 3.392103302165155355e-03
1.270000000000000000e+02 6.307450999999999475e-01 3.421669968560150498e-03
1.280000000000000000e+02 6.293347999999999720e-01 3.451289968287988598e-03
1.290000000000000000e+02 6.279076000000000102e-01 3.480963301348669221e-03
1.300000000000000000e+02 6.264632999999999452e-01 3.510693301075496625e-03
1.310000000000000000e+02 6.250018000000000518e-01 3.540473300801865331e-03
1.320000000000000000e+02 6.235228999999999910e-01 3.570306633861076561e-03
1.330000000000000000e+02 6.220263999999999793e-01 3.600193300253130748e-03
1.340000000000000000e+02 6.205121999999999582e-01 3.630133299978028760e-03
1.350000000000000000e+02 6.189799999999999747e-01 3.660126633035769295e-03
1.360000000000000000e+02 6.174298000000000286e-01 3.690169966093051132e-03
1.370000000000000000e+02 6.158611999999999975e-01 3.720263299149873405e-03
1.380000000000000000e+02 6.142741000000000451e-01 3.750406632206236546e-03
1.390000000000000000e+02 6.126681999999999961e-01 3.780603298595441777e-03
1.400000000000000000e+02 6.110434999999999617e-01 3.810846631650886222e-03
1.410000000000000000e+02 6.093996000000000413e-01 3.841136631372568146e-03
1.420000000000000000e+02 6.077365000000000128e-01 3.871476631093790505e-03
1.430000000000000000e+02 6.060537999999999759e-01 3.901863297481250777e-03
1.440000000000000000e+02 6.043513999999999831e-01 3.932293297201646005e-03
1.450000000000000000e+02 6.026289999999999702e-01 3.962769963588279147e-03
1.460000000000000000e+02 6.008864999999999901e-01 3.993289963307847246e-03
1.470000000000000000e+02 5.991235999999999784e-01 4.023853296360351169e-03
1.480000000000000000e+02 5.973401000000000405e-01 4.054456629412487093e-03
1.490000000000000000e+02 5.955357000000000012e-01 4.085103295797558841e-03
1.500000000000000000e+02 5.937101999999999657e-01 4.115786628848959634e-03
1.510000000000000000e+02 5.918634999999999868e-01 4.146506628566690340e-03
1.520000000000000000e+02 5.899952000000000529e-01 4.177266628284053915e-03
1.530000000000000000e+02 5.881051000000000473e-01 4.208056628001141490e-03
1.540000000000000000e+02 5.861929999999999641e-01 4.238883294384558111e-03
1.550000000000000000e+02 5.842585000000000139e-01 4.269739960767700467e-03
1.560000000000000000e+02 5.823015000000000274e-01 4.300626627150565956e-03
1.570000000000000000e+02 5.803217000000000514e-01 4.331539960199853358e-03
1.580000000000000000e+02 5.783188000000000217e-01 4.362479959915562672e-03
1.590000000000000000e+02 5.762926000000000437e-01 4.393443292964390942e-03
1.600000000000000000e+02 5.742426999999999948e-01 4.424426626013036080e-03
1.610000000000000000e+02 5.721688999999999803e-01 4.455429959061496352e-03
1.620000000000000000e+02 5.700709000000000470e-01 4.486449958776470535e-03
1.630000000000000000e+02 5.679484999999999673e-01 4.517483291824655675e-03
1.640000000000000000e+02 5.658012999999999515e-01 4.548529958206051771e-03
1.650000000000000000e+02 5.636290000000000466e-01 4.579583291254052911e-03
1.660000000000000000e+02 5.614314000000000249e-01 4.610639957635357007e-03
1.670000000000000000e+02 5.592080999999999857e-01 4.641703290683266148e-03
1.680000000000000000e+02 5.569587999999999761e-01 4.672763290397873200e-03
1.690000000000000000e+02 5.546830999999999845e-01 4.703816623445874340e-03
1.700000000000000000e+02 5.523808999999999525e-01 4.734866623160572524e-03
1.710000000000000000e+02 5.500517000000000323e-01 4.765903289542060620e-03
1.720000000000000000e+02 5.476952000000000487e-01 4.796923289257034803e-03
1.730000000000000000e+02 5.453109999999999902e-01 4.827926622305495075e-03
1.740000000000000000e+02 5.428988999999999621e-01 4.858903288687534301e-03
1.750000000000000000e+02 5.404584999999999528e-01 4.889853288403151615e-03
1.760000000000000000e+02 5.379893999999999510e-01 4.920769954785741973e-03
1.770000000000000000e+02 5.354911999999999450e-01 4.951649954502003285e-03
1.780000000000000000e+02 5.329635999999999818e-01 4.982486620885327906e-03
1.790000000000000000e+02 5.304062000000000499e-01 5.013276620602415481e-03
1.800000000000000000e+02 5.278186000000000266e-01 5.044013286986660100e-03
1.810000000000000000e+02 5.252004000000000117e-01 5.074689953371455849e-03
1.820000000000000000e+02 5.225513000000000519e-01 5.105299953090197684e-03
1.830000000000000000e+02 5.198707999999999663e-01 5.135839952809582651e-03
1.840000000000000000e+02 5.171584999999999654e-01 5.166303285863004836e-03
1.850000000000000000e+02 5.144140999999999853e-01 5.196679952250556241e-03
1.860000000000000000e+02 5.116370000000000084e-01 5.226963285305632687e-03
1.870000000000000000e+02 5.088268999999999709e-01 5.257149951694931218e-03
1.880000000000000000e+02 5.059833000000000247e-01 5.287226618085240012e-03
1.890000000000000000e+02 5.031058000000000474e-01 5.317189951143256113e-03
1.900000000000000000e+02 5.001938999999999691e-01 5.347029950869073255e-03
1.910000000000000000e+02 4.972470999999999974e-01 5.376736617262781702e-03
1.920000000000000000e+02 4.942650000000000099e-01 5.406303283657776411e-03
1.930000000000000000e+02 4.912470999999999921e-01 5.435716616720846425e-03
1.940000000000000000e+02 4.881929999999999881e-01 5.464969949785387568e-03
1.950000000000000000e+02 4.851020999999999805e-01 5.494049949518186281e-03
1.960000000000000000e+02 4.819739000000000106e-01 5.522949949252640989e-03
1.970000000000000000e+02 4.788079000000000085e-01 5.551653282322235178e-03
1.980000000000000000e+02 4.756036000000000152e-01 5.580149948727061715e-03
1.990000000000000000e+02 4.723605000000000165e-01 5.608433281800514689e-03
2.000000000000000000e+02 4.690779999999999950e-01 5.636479948209476010e-03
2.010000000000000000e+02 4.657555999999999918e-01 5.664286614620641855e-03
2.020000000000000000e+02 4.623926999999999898e-01 5.691829947700895002e-03
2.030000000000000000e+02 4.589887999999999746e-01 5.719103280783628673e-03
2.040000000000000000e+02 4.555431999999999815e-01 5.746086613869026000e-03
2.050000000000000000e+02 4.520553999999999961e-01 5.772766613623878627e-03
2.060000000000000000e+02 4.485248000000000013e-01 5.799123280048368821e-03
2.070000000000000000e+02 4.449507999999999797e-01 5.825139946475981802e-03
2.080000000000000000e+02 4.413327000000000222e-01 5.850803279573509215e-03
2.090000000000000000e+02 4.376700000000000035e-01 5.876086612674528281e-03
2.100000000000000000e+02 4.339620000000000144e-01 5.900973279112524221e-03
2.110000000000000000e+02 4.302079999999999793e-01 5.925446612220985725e-03
2.120000000000000000e+02 4.264072999999999891e-01 5.949476612000187056e-03
2.130000000000000000e+02 4.225593999999999739e-01 5.973046611783615172e-03
2.140000000000000000e+02 4.186635000000000217e-01 5.996129944904849025e-03
2.150000000000000000e+02 4.147189000000000014e-01 6.018703278030767927e-03
2.160000000000000000e+02 4.107248000000000010e-01 6.040739944494952565e-03
2.170000000000000000e+02 4.066807000000000061e-01 6.062209944297676338e-03
2.180000000000000000e+02 4.025856999999999908e-01 6.083086610772518200e-03
2.190000000000000000e+02 3.984390999999999905e-01 6.103343277253057975e-03
2.200000000000000000e+02 3.942400999999999822e-01 6.122943277072964013e-03
2.210000000000000000e+02 3.899878999999999984e-01 6.141853276899210227e-03
2.220000000000000000e+02 3.856818000000000191e-01 6.160043276732072616e-03
2.230000000000000000e+02 3.813210000000000210e-01 6.177473276571917443e-03
2.240000000000000000e+02 3.769045999999999785e-01 6.194106609752416531e-03
2.250000000000000000e+02 3.724317999999999795e-01 6.209899942940634056e-03
2.260000000000000000e+02 3.679018000000000010e-01 6.224816609470239237e-03
2.270000000000000000e+02 3.633138000000000201e-01 6.238806609341692941e-03
2.280000000000000000e+02 3.586667000000000050e-01 6.251829942555361432e-03
2.290000000000000000e+02 3.539598999999999940e-01 6.263829942445100531e-03
2.300000000000000000e+02 3.491923000000000110e-01 6.274759942344670591e-03
2.310000000000000000e+02 3.443630999999999776e-01 6.284566608921228655e-03
2.320000000000000000e+02 3.394712999999999758e-01 6.293186608842025499e-03
2.330000000000000000e+02 3.345159999999999800e-01 6.300566608774213831e-03
2.340000000000000000e+02 3.294963000000000197e-01 6.306636608718440250e-03
2.350000000000000000e+02 3.244111000000000078e-01 6.311329942008649108e-03
2.360000000000000000e+02 3.192595999999999767e-01 6.314579941978786491e-03
2.370000000000000000e+02 3.140406000000000031e-01 6.316303275296284575e-03
2.380000000000000000e+02 3.087533000000000083e-01 6.316423275295182313e-03
2.390000000000000000e+02 3.033965000000000134e-01 6.314856608642911012e-03
2.400000000000000000e+02 2.979692999999999925e-01 6.311509942006994847e-03
2.410000000000000000e+02 2.924706000000000250e-01 6.306289942054958859e-03
2.420000000000000000e+02 2.868994000000000266e-01 6.299089942121115400e-03
2.430000000000000000e+02 2.812547000000000241e-01 6.289803275539779422e-03
2.440000000000000000e+02 2.755353999999999859e-01 6.278319942311959452e-03
2.450000000000000000e+02 2.697404999999999942e-01 6.264506609105549399e-03
2.460000000000000000e+02 2.638689000000000173e-01 6.248239942588348569e-03
2.470000000000000000e+02 2.579196000000000266e-01 6.229373276095037312e-03
2.480000000000000000e+02 2.518914999999999904e-01 6.207753276293691801e-03
2.490000000000000000e+02 2.457836999999999938e-01 6.183219943185781428e-03
2.500000000000000000e+02 2.395950000000000024e-01 6.155596610106263411e-03
2.510000000000000000e+02 2.333244999999999902e-01 6.124689943723581921e-03
2.520000000000000000e+02 2.269712000000000118e-01 6.090299944039572616e-03
2.530000000000000000e+02 2.205342000000000136e-01 6.052196611056349755e-03
2.540000000000000000e+02 2.140125999999999973e-01 6.010143278109421686e-03
2.550000000000000000e+02 2.074056999999999984e-01 5.963873278534571019e-03
2.560000000000000000e+02 2.007126999999999939e-01 5.913103279001069058e-03
2.570000000000000000e+02 1.939329999999999943e-01 5.857519946178460502e-03
2.580000000000000000e+02 1.870661000000000129e-01 5.796773280069961003e-03
2.590000000000000000e+02 1.801117000000000135e-01 5.730489947345669861e-03
2.600000000000000000e+02 1.730696999999999930e-01 5.658249948009442393e-03
2.610000000000000000e+02 1.659402000000000099e-01 5.579589948732206761e-03
2.620000000000000000e+02 1.587236999999999953e-01 5.493993282852041235e-03
2.630000000000000000e+02 1.514210000000000000e-01 5.400889950374182860e-03
2.640000000000000000e+02 1.440334000000000059e-01 5.299633284637908504e-03
2.650000000000000000e+02 1.365628000000000120e-01 5.189506618983135561e-03
2.660000000000000000e+02 1.290120999999999907e-01 5.069709953417214469e-03
2.670000000000000000e+02 1.213850999999999958e-01 4.939336621281810620e-03
2.680000000000000000e+02 1.136869999999999964e-01 4.797389955919413931e-03
2.690000000000000000e+02 1.059247999999999995e-01 4.642743290673710319e-03
2.700000000000000000e+02 9.810792999999999597e-02 4.474173292222607783e-03
2.710000000000000000e+02 9.024890000000000689e-02 4.290353293911628764e-03
2.720000000000000000e+02 8.236446999999999519e-02 4.089886629086940568e-03
2.730000000000000000e+02 7.447723000000000537e-02 3.871409964427736158e-03
2.740000000000000000e+02 6.661770999999999665e-02 3.633709966611831099e-03
2.750000000000000000e+02 5.882731000000000071e-02 3.375969968980062786e-03
2.760000000000000000e+02 5.116198000000000273e-02 3.098102971533229881e-03
2.770000000000000000e+02 4.369635999999999659e-02 2.801235307594317648e-03
2.780000000000000000e+02 3.652720000000000272e-02 2.488241977136908256e-03
2.790000000000000000e+02 2.977370999999999837e-02 2.164264980113755291e-03
2.800000000000000000e+02 2.357129999999999989e-02 1.836965649787796135e-03
2.810000000000000000e+02 1.805593999999999949e-02 1.516248986068019326e-03
2.820000000000000000e+02 1.333961999999999995e-02 1.213259655518688761e-03
2.830000000000000000e+02 9.483953999999999301e-03 9.387209913746073905e-04
2.840000000000000000e+02 6.482647999999999709e-03 7.010486602251148275e-04
2.850000000000000000e+02 4.261919999999999771e-03 5.048946620274664650e-04
2.860000000000000000e+02 2.699027000000000110e-03 3.506443301114548264e-04
2.870000000000000000e+02 1.650196000000000041e-03 2.349700645076555463e-04
2.880000000000000000e+02 9.765546000000000166e-04 1.520921652691751289e-04
2.890000000000000000e+02 5.607525999999999613e-04 9.522139912506275450e-05
2.900000000000000000e+02 3.131238000000000055e-04 5.774646613606605175e-05
2.910000000000000000e+02 1.703426999999999979e-04 3.397073302119488545e-05
2.920000000000000000e+02 9.041176999999999851e-05 1.941183982163524648e-05
2.930000000000000000e+02 4.687221000000000231e-05 1.078838656753809546e-05
2.940000000000000000e+02 2.375662000000000024e-05 5.838069946357176100e-06
2.950000000000000000e+02 1.178002000000000042e-05 3.079278638372863174e-06
2.960000000000000000e+02 5.718216000000000175e-06 1.584506318774173373e-06
2.970000000000000000e+02 2.718634000000000202e-06 7.960879926851838492e-07
2.980000000000000000e+02 1.266524000000000099e-06 3.908146630756849525e-07
2.990000000000000000e+02 5.783964999999999475e-07 1.875912649429933696e-07
3.000000000000000000e+02 2.590300000000000107e-07 8.809439919054886206e-08
3.010000000000000000e+02 1.137984999999999982e-07 4.049639962790078464e-08
3.020000000000000000e+02 4.905972999999999722e-08 1.823201649914266141e-08
3.030000000000000000e+02 2.076092000000000072e-08 8.042719926099855834e-09
3.040000000000000000e+02 8.626279000000000213e-09 3.477803301377705233e-09
3.050000000000000000e+02 3.520234999999999890e-09 1.474725653116220970e-09
3.060000000000000000e+02 1.411237000000000056e-09 6.134489943633534688e-10
3.070000000000000000e+02 5.559182999999999537e-10 2.504109976991106082e-10
3.080000000000000000e+02 2.152296999999999976e-10 1.003395324113683705e-10
3.090000000000000000e+02 8.191535000000000396e-11 3.947859963725279136e-11
3.100000000000000000e+02 3.065402999999999878e-11 1.525602652648740361e-11
3.110000000000000000e+02 1.128110999999999978e-11 5.791923280114525274e-12
3.120000000000000000e+02 4.083530999999999839e-12 2.160780646812437678e-12
3.130000000000000000e+02 1.454167999999999908e-12 7.923253260530903271e-13
3.140000000000000000e+02 5.095170999999999757e-13 2.856237307088934529e-13
3.150000000000000000e+02 1.756854000000000018e-13 1.012442657363886057e-13
3.160000000000000000e+02 5.962234999999999585e-14 3.529509967569267788e-14
3.170000000000000000e+02 1.991774999999999987e-14 1.210333655545574210e-14
3.180000000000000000e+02 6.550692000000000383e-15 4.083343295813730537e-15
3.190000000000000000e+02 2.121315999999999857e-15 1.355554654211218038e-15
3.200000000000000000e+02 6.764680999999999727e-16 4.428686625973892965e-16
3.210000000000000000e+02 2.124533000000000033e-16 1.424139320247697915e-16
3.220000000000000000e+02 6.572067000000000114e-17 4.508266625242676225e-17
3.230000000000000000e+02 2.002665999999999941e-17 1.405086653756095707e-17
3.240000000000000000e+02 6.012104999999999642e-18 4.312079960378661482e-18
3.250000000000000000e+02 1.778270999999999911e-18 1.303203321358912345e-18
3.260000000000000000e+02 5.182778999999999923e-19 3.879073297690655061e-19
3.270000000000000000e+02 1.488531999999999944e-19 1.137313322883184506e-19
3.280000000000000000e+02 4.213286999999999967e-20 3.284833303150800853e-20
3.290000000000000000e+02 1.175400000000000062e-20 9.346936580782789724e-21
3.300000000000000000e+02 3.232099000000000145e-21 2.620521975921460115e-21
3.310000000000000000e+02 8.760919999999999873e-22 7.239473266813781274e-22
3.320000000000000000e+02 2.341048999999999797e-22 1.970892315223884213e-22
3.330000000000000000e+02 6.167305000000000028e-23 5.287979951411651666e-23
3.340000000000000000e+02 1.601885999999999907e-23 1.398364987151190483e-23
3.350000000000000000e+02 4.102464999999999813e-24 3.644903299842314943e-24
3.360000000000000000e+02 1.035998999999999957e-24 9.365163247281982132e-25
3.370000000000000000e+02 2.579874000000000062e-25 2.372120644870550266e-25
3.380000000000000000e+02 6.335548000000000377e-26 5.923479945572389301e-26
3.390000000000000000e+02 1.534395000000000130e-26 1.458345653266728044e-26
3.400000000000000000e+02 3.665028999999999856e-27 3.540066634138935052e-27
3.410000000000000000e+02 8.634223000000000335e-28 8.473299922143492802e-28
3.420000000000000000e+02 2.006284000000000102e-28 1.999883648290832127e-28
3.430000000000000000e+02 4.598339999999999748e-29 4.654659957230880994e-29
3.440000000000000000e+02 1.039597000000000018e-29 1.068368656850012682e-29
3.450000000000000000e+02 2.318454999999999849e-30 2.418365977778960488e-30
3.460000000000000000e+02 5.100532000000000025e-31 5.398923283725587213e-31
3.470000000000000000e+02 1.106949999999999928e-31 1.188754655743851716e-31
3.480000000000000000e+02 2.370000000000000057e-32 2.581614642945625234e-32
3.490000000000000000e+02 5.005952999999999688e-33 5.529913282521991836e-33
3.500000000000000000e+02 1.043166000000000052e-33 1.168383989264360009e-33
3.510000000000000000e+02 2.144653999999999817e-34 2.435031310959165236e-34
3.520000000000000000e+02 4.350172999999999998e-35 5.005939954003162099e-35
3.530000000000000000e+02 8.705798999999999339e-36 1.015169990672159395e-35
3.540000000000000000e+02 1.718977000000000047e-36 2.030824981339862543e-36
3.550000000000000000e+02 3.348855999999999910e-37 4.007693296508836135e-37
3.560000000000000000e+02 6.437139000000000170e-38 7.802106594977385727e-38
3.570000000000000000e+02 1.220853000000000124e-38 1.498410319565262290e-38
3.580000000000000000e+02 2.284606999999999839e-39 2.838940640581197665e-39
3.590000000000000000e+02 4.218321000000000225e-40 5.306313284576528815e-40
3.600000000000000000e+02 7.685105000000000052e-41 9.784623243427794087e-41
3.610000000000000000e+02 1.381475000000000062e-41 1.779969983644831630e-41
3.620000000000000000e+02 2.450301999999999897e-42 3.194482970647646973e-42
3.630000000000000000e+02 4.288242999999999828e-43 5.655996614696814359e-43
3.640000000000000000e+02 7.404932999999999976e-44 9.879576575888654572e-44
3.650000000000000000e+02 1.261661999999999882e-44 1.702504317689954410e-44
3.660000000000000000e+02 2.121008000000000033e-45 2.894391640071688235e-45
3.670000000000000000e+02 3.518163000000000308e-46 4.854493288728055309e-46
3.680000000000000000e+02 5.757843999999999585e-47 8.032393259528073827e-47
3.690000000000000000e+02 9.297568999999999793e-48 1.311164987952423570e-47
3.700000000000000000e+02 1.481287000000000101e-48 2.111429980599227494e-48
3.710000000000000000e+02 2.328428000000000065e-49 3.354269969179452244e-49
3.720000000000000000e+02 3.611051000000000023e-50 5.256729951698789957e-50
3.730000000000000000e+02 5.525149000000000508e-51 8.126863258660042474e-51
3.740000000000000000e+02 8.340378000000000043e-52 1.239404321945126361e-51
3.750000000000000000e+02 1.242079999999999938e-52 1.864565316200865030e-52
3.760000000000000000e+02 1.824845999999999947e-53 2.766993307908948772e-53
3.770000000000000000e+02 2.644873999999999767e-54 4.050373296116673823e-54
3.780000000000000000e+02 3.781593000000000220e-55 5.848276612930058020e-55
3.790000000000000000e+02 5.333638000000000318e-56 8.329063256802136713e-56
3.800000000000000000e+02 7.420594999999999511e-57 1.170005322582795650e-56
3.810000000000000000e+02 1.018372999999999952e-57 1.621027318438601847e-57
3.820000000000000000e+02 1.378524000000000012e-58 2.215084979646798501e-58
3.830000000000000000e+02 1.840540999999999996e-59 2.985204305903927509e-59
3.840000000000000000e+02 2.423736000000000015e-60 3.967586630210688434e-60
3.850000000000000000e+02 3.147872000000000287e-61 5.200339952216926906e-61
3.860000000000000000e+02 4.032029000000000154e-62 6.721616604905416468e-62
3.870000000000000000e+02 5.093159000000000073e-63 8.567126587948036437e-63
3.880000000000000000e+02 6.344376999999999951e-64 1.076707656773390201e-63
3.890000000000000000e+02 7.793083999999999405e-65 1.334267321073482351e-64
3.900000000000000000e+02 9.439041999999999800e-66 1.630236985020646109e-65
3.910000000000000000e+02 1.127257999999999973e-66 1.963815648622241220e-66
3.920000000000000000e+02 1.327315000000000009e-67 2.332230311903747465e-67
3.930000000000000000e+02 1.540836999999999946e-68 2.730489974911024331e-68
3.940000000000000000e+02 1.763386999999999892e-69 3.151265637711413837e-69
3.950000000000000000e+02 1.989400999999999928e-70 3.584929967060043956e-70
3.960000000000000000e+02 2.212356000000000128e-71 4.019783296397748246e-71
3.970000000000000000e+02 2.425043000000000044e-72 4.442469959180578891e-72
3.980000000000000000e+02 2.619920000000000124e-73 4.838603288874060633e-73
3.990000000000000000e+02 2.789540000000000041e-74 5.193513285612986379e-74
4.000000000000000000e+02 2.927006999999999943e-75 5.493119949526731288e-75
4.010000000000000000e+02 3.026432999999999887e-76 5.724849947397492525e-76
4.020000000000000000e+02 3.083352999999999867e-77 5.878479945985870624e-77
4.030000000000000000e+02 3.095053000000000149e-78 5.946893278690590691e-78
4.040000000000000000e+02 3.060778999999999906e-79 5.926609945543630861e-79
4.050000000000000000e+02 2.981814000000000105e-80 5.818083279874155064e-80
4.060000000000000000e+02 2.861395999999999801e-81 5.625683281642013125e-81
4.070000000000000000e+02 2.704503999999999999e-82 5.357429950773512650e-82
4.080000000000000000e+02 2.517510999999999848e-83 5.024416620500056524e-83
4.090000000000000000e+02 2.307759000000000084e-84 4.640066624031638224e-84
4.100000000000000000e+02 2.083070999999999859e-85 4.219216627898597883e-85
4.110000000000000000e+02 1.851274999999999960e-86 3.777183298626866519e-86
4.120000000000000000e+02 1.619748999999999914e-87 3.328812969413362747e-87
4.130000000000000000e+02 1.395051999999999947e-88 2.887703306799810290e-88
4.140000000000000000e+02 1.182641999999999933e-89 2.465539977345504657e-89
4.150000000000000000e+02 9.867095000000000147e-91 2.071672647631202485e-90
4.160000000000000000e+02 8.101209000000000549e-92 1.712898317594449495e-91
4.170000000000000000e+02 6.544627000000000070e-93 1.393457653862948169e-92
4.180000000000000000e+02 5.201669999999999963e-94 1.115209323086286059e-93
4.190000000000000000e+02 4.066964000000000051e-95 8.779433252663934061e-95
4.200000000000000000e+02 3.127611000000000105e-96 6.797816604205256916e-96
4.210000000000000000e+02 2.365446999999999996e-97 5.176176619105617311e-97
4.220000000000000000e+02 1.759193000000000135e-98 3.875499964390155273e-98
4.230000000000000000e+02 1.286332999999999908e-99 2.852755973787589500e-99
4.240000000000000000e+02 9.246365000000000285e-101 2.064232314366234035e-100
4.250000000000000000e+02 6.532838999999999665e-102 1.468066319844076712e-101
4.260000000000000000e+02 4.536074999999999767e-103 1.026029990572372825e-102
4.270000000000000000e+02 3.094836000000000065e-104 7.045856601926152764e-104
4.280000000000000000e+02 2.074453000000000083e-105 4.753316622991045778e-105
4.290000000000000000e+02 1.365857999999999984e-106 3.149750637725334947e-106
4.300000000000000000e+02 8.832194000000000100e-108 2.049734981166108772e-107
4.310000000000000000e+02 5.608087999999999720e-109 1.309735987965553917e-108
4.320000000000000000e+02 3.495941999999999808e-110 8.215889924508692183e-110
4.330000000000000000e+02 2.139115000000000081e-111 5.058566620186271186e-111
4.340000000000000000e+02 1.284513000000000109e-112 3.056450305249287016e-112
4.350000000000000000e+02 7.568147000000000499e-114 1.811905983351389144e-113
4.360000000000000000e+02 4.374165000000000314e-115 1.053637323652037564e-114
4.370000000000000000e+02 2.479482000000000049e-116 6.008823278121550875e-116
4.380000000000000000e+02 1.378125000000000025e-117 3.359946635793958450e-117
4.390000000000000000e+02 7.508904999999999920e-119 1.841701316410949729e-118
4.400000000000000000e+02 4.009774999999999836e-120 9.893376575761851832e-120
4.410000000000000000e+02 2.098020999999999963e-121 5.207146618821051153e-121
4.420000000000000000e+02 1.075307999999999993e-122 2.684553975333104857e-122
4.430000000000000000e+02 5.397246000000000211e-124 1.355328654213294726e-123
4.440000000000000000e+02 2.652199000000000154e-125 6.698783271781885795e-125
4.450000000000000000e+02 1.275581999999999922e-126 3.240409636892318610e-126
4.460000000000000000e+02 6.002716999999999891e-128 1.533647985908149415e-127
4.470000000000000000e+02 2.763046999999999876e-129 7.099653268098511240e-129
4.480000000000000000e+02 1.243620999999999936e-130 3.213607303805257652e-130
4.490000000000000000e+02 5.471414000000000218e-132 1.421822320268987463e-131
4.500000000000000000e+02 2.352172999999999942e-133 6.146689943521435424e-133
4.510000000000000000e+02 9.877279999999999948e-135 2.595500642818034212e-134
4.520000000000000000e+02 4.049830999999999962e-136 1.070084323500915188e-135
4.530000000000000000e+02 1.620667999999999929e-137 4.305843293769299326e-137
4.540000000000000000e+02 6.327421000000000173e-139 1.690285317802228040e-138
4.550000000000000000e+02 2.409048000000000193e-140 6.470443273879977352e-140
4.560000000000000000e+02 8.940290000000000185e-142 2.414245977816817112e-141
4.570000000000000000e+02 3.232489999999999877e-143 8.775966586029120996e-143
4.580000000000000000e+02 1.138110999999999978e-144 3.106395304790369483e-144
4.590000000000000000e+02 3.900003999999999985e-146 1.070134656833786028e-145
4.600000000000000000e+02 1.299987000000000003e-147 3.585919967050947619e-147
4.610000000000000000e+02 4.212643000000000333e-149 1.168130322600024197e-148
4.620000000000000000e+02 1.326314999999999959e-150 3.696966632697267367e-150
4.630000000000000000e+02 4.054482000000000046e-152 1.136014322895120499e-151
4.640000000000000000e+02 1.202615000000000012e-153 3.386976635545595097e-153
4.650000000000000000e+02 3.458669999999999969e-155 9.790823243370825513e-155
4.660000000000000000e+02 9.637260999999999697e-157 2.742054974804760013e-156
4.670000000000000000e+02 2.599630999999999948e-158 7.434203265024515640e-158
4.680000000000000000e+02 6.782871000000000408e-160 1.949505982087058288e-159
4.690000000000000000e+02 1.710276000000000008e-161 4.940299954606291491e-161
4.700000000000000000e+02 4.163426999999999896e-163 1.208656322227652981e-162
4.710000000000000000e+02 9.775115000000000124e-165 2.851850307129244143e-164
4.720000000000000000e+02 2.211066999999999890e-166 6.482583273768428427e-166
4.730000000000000000e+02 4.812600999999999706e-168 1.417934653638042384e-167
4.740000000000000000e+02 1.006717000000000039e-169 2.980592639279634929e-169
4.750000000000000000e+02 2.021129999999999916e-171 6.013079944749104911e-171
4.760000000000000000e+02 3.888684000000000270e-173 1.162524322651534618e-172
4.770000000000000000e+02 7.158847000000000558e-175 2.150443980240749158e-174
4.780000000000000000e+02 1.258828000000000008e-176 3.799499965088477488e-176
4.790000000000000000e+02 2.110359000000000103e-178 6.400006607860514207e-178
4.800000000000000000e+02 3.366044999999999881e-180 1.025646323909231608e-179
4.810000000000000000e+02 5.096556999999999736e-182 1.560262652330268665e-181
4.820000000000000000e+02 7.307107000000000081e-184 2.247496312682321807e-183
4.830000000000000000e+02 9.892960000000000319e-186 3.057047638577131500e-185
4.840000000000000000e+02 1.260904000000000111e-187 3.914443297365659809e-187
4.850000000000000000e+02 1.507691999999999982e-189 4.702219956793878634e-189
4.860000000000000000e+02 1.684703000000000045e-191 5.278446618165914134e-191
4.870000000000000000e+02 1.751398999999999914e-193 5.512519949348476200e-193
4.880000000000000000e+02 1.685316999999999963e-195 5.328673284371075557e-195
4.890000000000000000e+02 1.492245000000000095e-197 4.739586623117203400e-197
4.900000000000000000e+02 1.207366999999999917e-199 3.852059964605532930e-199
4.910000000000000000e+02 8.852792999999999738e-202 2.837120973931250476e-201
4.920000000000000000e+02 5.823755000000000287e-204 1.874713982774281017e-203
4.930000000000000000e+02 3.394825999999999873e-206 1.097676989914047709e-205
4.940000000000000000e+02 1.726191999999999980e-208 5.606113281821831452e-208
4.950000000000000000e+02 7.500112999999999787e-211 2.446511644187012398e-210
4.960000000000000000e+02 2.707222999999999978e-213 8.869539918502659340e-213
4.970000000000000000e+02 7.793520000000000580e-216 2.564480643103059798e-215
4.980000000000000000e+02 1.677539000000000062e-218 5.543936615726472102e-218
4.990000000000000000e+02 2.399901999999999823e-221 7.965443260143242507e-221
5.000000000000000000e+02 1.711441000000000078e-224 5.704803280915023378e-224
5.010000000000000000e+02 0.000000000000000000e+00 0.000000000000000000e+00
