1.000000000000000000e+00 6.836415000000000131e-01 1.598125607278726428e-05
2.000000000000000000e+00 6.912601999999999913e-01 1.517106406909721175e-05
3.000000000000000000e+00 7.022627999999999648e-01 1.746816807955946254e-05
4.000000000000000000e+00 6.870144000000000251e-01 2.804956012775283337e-05
5.000000000000000000e+00 6.805803999999999743e-01 3.935025617922229994e-05
6.000000000000000000e+00 6.841477000000000253e-01 4.283422419509017639e-05
7.000000000000000000e+00 6.911770000000000413e-01 4.141440018862352520e-05
8.000000000000000000e+00 6.964947000000000221e-01 4.482483220415647428e-05
9.000000000000000000e+00 6.855200999999999656e-01 5.969318427187497305e-05
1.000000000000000000e+01 6.823257000000000350e-01 7.180380832703329563e-05
1.100000000000000000e+01 6.856718000000000535e-01 7.226897632915191749e-05
1.200000000000000000e+01 6.908417999999999504e-01 6.788085630916605218e-05
1.300000000000000000e+01 6.940981999999999985e-01 7.098296832329474961e-05
1.400000000000000000e+01 6.852721999999999980e-01 8.763048039911649622e-05
1.500000000000000000e+01 6.832690000000000152e-01 9.970776045412294356e-05
1.600000000000000000e+01 6.862523999999999846e-01 9.878640044992658146e-05
1.700000000000000000e+01 6.903264000000000067e-01 9.369776042675016748e-05
1.800000000000000000e+01 6.924544999999999728e-01 9.785424044568102712e-05
1.900000000000000000e+01 6.850832000000000033e-01 1.164166405302242025e-04
2.000000000000000000e+01 6.837933999999999957e-01 1.285621605855414532e-04
2.100000000000000000e+01 6.864689000000000485e-01 1.266481605768240656e-04
2.200000000000000000e+01 6.897856999999999461e-01 1.212016005520174925e-04
2.300000000000000000e+01 6.911988999999999495e-01 1.263677605755469653e-04
2.400000000000000000e+01 6.849041999999999630e-01 1.463173606664082264e-04
2.500000000000000000e+01 6.840751999999999944e-01 1.582150407205966695e-04
2.600000000000000000e+01 6.864795000000000202e-01 1.553774407076727207e-04
2.700000000000000000e+01 6.892323000000000199e-01 1.497117606818681253e-04
2.800000000000000000e+01 6.901559000000000443e-01 1.557616007094223649e-04
2.900000000000000000e+01 6.846961999999999771e-01 1.766261608044508496e-04
3.000000000000000000e+01 6.841787999999999759e-01 1.880639208565445598e-04
3.100000000000000000e+01 6.863437999999999484e-01 1.844334408400093953e-04
3.200000000000000000e+01 6.886581999999999981e-01 1.787176008139764003e-04
3.300000000000000000e+01 6.892293999999999921e-01 1.855773608452194567e-04
3.400000000000000000e+01 6.844392999999999727e-01 2.070139209428530969e-04
3.500000000000000000e+01 6.841397000000000173e-01 2.178846409923642247e-04
3.600000000000000000e+01 6.860933000000000170e-01 2.136125609729068670e-04
3.700000000000000000e+01 6.880562999999999541e-01 2.079998409473435251e-04
3.800000000000000000e+01 6.883650999999999520e-01 2.156132809820192244e-04
3.900000000000000000e+01 6.841245999999999716e-01 2.373689610811063357e-04
4.000000000000000000e+01 6.839800000000000324e-01 2.476255211278202738e-04
4.100000000000000000e+01 6.857461000000000251e-01 2.428547211060914544e-04
4.200000000000000000e+01 6.874211999999999545e-01 2.374683210815588935e-04
4.300000000000000000e+01 6.875291999999999515e-01 2.457844011194347902e-04
4.400000000000000000e+01 6.837478000000000167e-01 2.676703212191150721e-04
4.500000000000000000e+01 6.837147000000000086e-01 2.773007212629771505e-04
4.600000000000000000e+01 6.853135000000000199e-01 2.721576812395529719e-04
4.700000000000000000e+01 6.867480000000000251e-01 2.670930412164858304e-04
4.800000000000000000e+01 6.866993999999999598e-01 2.760635212573422513e-04
4.900000000000000000e+01 6.833072000000000035e-01 2.979375213569682482e-04
5.000000000000000000e+01 6.833542999999999701e-01 3.069504013980177502e-04
5.100000000000000000e+01 6.848030000000000506e-01 3.015438413733933566e-04
5.200000000000000000e+01 6.860334000000000154e-01 2.968726413521182231e-04
5.300000000000000000e+01 6.858604999999999841e-01 3.064507213957419658e-04
5.400000000000000000e+01 6.828014000000000028e-01 3.282034414948155343e-04
5.500000000000000000e+01 6.829055000000000542e-01 3.366186415331429691e-04
5.600000000000000000e+01 6.842190000000000216e-01 3.310410415077395915e-04
5.700000000000000000e+01 6.852740999999999971e-01 3.268166414884993739e-04
5.800000000000000000e+01 6.850013000000000352e-01 3.369576015346867869e-04
5.900000000000000000e+01 6.822300999999999505e-01 3.585052816328264998e-04
6.000000000000000000e+01 6.823740000000000361e-01 3.663490416685512307e-04
6.100000000000000000e+01 6.835649999999999782e-01 3.606788016427259062e-04
6.200000000000000000e+01 6.844677000000000122e-01 3.569402416256984884e-04
6.300000000000000000e+01 6.841135999999999884e-01 3.676008816742528025e-04
6.400000000000000000e+01 6.815930999999999518e-01 3.888776017711584950e-04
6.500000000000000000e+01 6.817636000000000251e-01 3.961789618044128203e-04
6.600000000000000000e+01 6.828429000000000304e-01 3.904823217784671998e-04
6.700000000000000000e+01 6.836115999999999859e-01 3.872572017637782743e-04
6.800000000000000000e+01 6.831909000000000454e-01 3.983962418145114742e-04
6.900000000000000000e+01 6.808899999999999952e-01 4.193504819099483903e-04
7.000000000000000000e+01 6.810768000000000377e-01 4.261401619408722611e-04
7.100000000000000000e+01 6.820538999999999907e-01 4.204739219150651600e-04
7.200000000000000000e+01 6.827039999999999775e-01 4.177822419028057893e-04
7.300000000000000000e+01 6.822281999999999513e-01 4.293607219555404305e-04
7.400000000000000000e+01 6.801207000000000225e-01 4.499524820493264448e-04
7.500000000000000000e+01 6.803160999999999792e-01 4.562615220780611900e-04
7.600000000000000000e+01 6.811990999999999463e-01 4.506748820526165766e-04
7.700000000000000000e+01 6.817431000000000463e-01 4.485303220428491378e-04
7.800000000000000000e+01 6.812215999999999827e-01 4.605114420974176304e-04
7.900000000000000000e+01 6.792850999999999750e-01 4.807093621894098197e-04
8.000000000000000000e+01 6.794826000000000477e-01 4.865689622160976465e-04
8.100000000000000000e+01 6.802787000000000139e-01 4.811047221912105273e-04
8.200000000000000000e+01 6.807273000000000351e-01 4.795161621839753776e-04
8.300000000000000000e+01 6.801675000000000360e-01 4.918656022402213097e-04
8.400000000000000000e+01 6.783829000000000109e-01 5.116457623303108816e-04
8.500000000000000000e+01 6.785774999999999446e-01 5.170866423550915785e-04
8.600000000000000000e+01 6.792928999999999773e-01 5.117824023309332313e-04
8.700000000000000000e+01 6.796550000000000091e-01 5.107554423262559160e-04
8.800000000000000000e+01 6.790629999999999722e-01 5.234406423840310763e-04
8.900000000000000000e+01 6.774137000000000075e-01 5.427850424721359984e-04
9.000000000000000000e+01 6.776014000000000204e-01 5.478376024951480848e-04
9.100000000000000000e+01 6.782415000000000527e-01 5.427271224718721717e-04
9.200000000000000000e+01 6.785246999999999806e-01 5.422648024697666186e-04
9.300000000000000000e+01 6.779055999999999971e-01 5.552556825289340281e-04
9.400000000000000000e+01 6.763770999999999534e-01 5.741513626149951722e-04
9.500000000000000000e+01 6.765546999999999533e-01 5.788455226363748568e-04
9.600000000000000000e+01 6.771243000000000123e-01 5.739592026141200056e-04
9.700000000000000000e+01 6.773350000000000204e-01 5.740625626145907327e-04
9.800000000000000000e+01 6.766929999999999890e-01 5.873308026750214501e-04
9.900000000000000000e+01 6.752725000000000533e-01 6.057688827589984048e-04
1.000000000000000000e+02 6.754373999999999656e-01 6.101342427788806816e-04
1.010000000000000000e+02 6.759406000000000025e-01 6.054993627577708818e-04
1.020000000000000000e+02 6.760846999999999829e-01 6.061682427608173357e-04
1.030000000000000000e+02 6.754229999999999956e-01 6.196873628223906801e-04
1.040000000000000000e+02 6.740996000000000210e-01 6.376628829042608722e-04
1.050000000000000000e+02 6.742493999999999987e-01 6.417283229227769984e-04
1.060000000000000000e+02 6.746900999999999593e-01 6.373705629029295140e-04
1.070000000000000000e+02 6.747722000000000442e-01 6.386032829085439878e-04
1.080000000000000000e+02 6.740939999999999710e-01 6.523486429711477554e-04
1.090000000000000000e+02 6.728572999999999915e-01 6.698592830509007227e-04
1.100000000000000000e+02 6.729903999999999886e-01 6.736534430681813965e-04
1.110000000000000000e+02 6.733717999999999648e-01 6.695963230497029321e-04
1.120000000000000000e+02 6.733962000000000003e-01 6.713905630578749636e-04
1.130000000000000000e+02 6.727037999999999629e-01 6.853390431214038871e-04
1.140000000000000000e+02 6.715451999999999533e-01 7.023853631990419457e-04
1.150000000000000000e+02 6.716600000000000348e-01 7.059364832152157775e-04
1.160000000000000000e+02 6.719848000000000487e-01 7.022020831982071906e-04
1.170000000000000000e+02 6.719553000000000331e-01 7.045549632089234595e-04
1.180000000000000000e+02 6.712508000000000363e-01 7.186848832732787695e-04
1.190000000000000000e+02 6.701620999999999828e-01 7.352696033488144694e-04
1.200000000000000000e+02 6.702572999999999448e-01 7.386057633640092995e-04
1.210000000000000000e+02 6.705282999999999660e-01 7.352150433485660566e-04
1.220000000000000000e+02 6.704480000000000439e-01 7.381229633618102649e-04
1.230000000000000000e+02 6.697330999999999701e-01 7.524139234268990275e-04
1.240000000000000000e+02 6.687073000000000045e-01 7.685419235003546111e-04
1.250000000000000000e+02 6.687817000000000345e-01 7.716909635146970703e-04
1.260000000000000000e+02 6.690009999999999568e-01 7.686637635009095724e-04
1.270000000000000000e+02 6.688728000000000451e-01 7.721229635166646519e-04
1.280000000000000000e+02 6.681489000000000456e-01 7.865558435823997692e-04
1.290000000000000000e+02 6.671793999999999780e-01 8.022336036538047464e-04
1.300000000000000000e+02 6.672320999999999946e-01 8.052232036674210206e-04
1.310000000000000000e+02 6.674016999999999866e-01 8.025792036553787900e-04
1.320000000000000000e+02 6.672282999999999964e-01 8.065848036736224984e-04
1.330000000000000000e+02 6.664965999999999946e-01 8.211416037399220467e-04
1.340000000000000000e+02 6.655773999999999857e-01 8.363776038093149578e-04
1.350000000000000000e+02 6.656075999999999659e-01 8.392352038223300234e-04
1.360000000000000000e+02 6.657292000000000209e-01 8.369928038121168552e-04
1.370000000000000000e+02 6.655126999999999571e-01 8.415416038328345488e-04
1.380000000000000000e+02 6.647741999999999818e-01 8.562048038996186976e-04
1.390000000000000000e+02 6.639000000000000457e-01 8.710088039670441356e-04
1.400000000000000000e+02 6.639066999999999608e-01 8.737624039795855021e-04
1.410000000000000000e+02 6.639819000000000138e-01 8.719392039712816657e-04
1.420000000000000000e+02 6.637243999999999922e-01 8.770256039944479077e-04
1.430000000000000000e+02 6.629798999999999554e-01 8.917808040616509229e-04
1.440000000000000000e+02 6.621456000000000008e-01 9.061632041271562360e-04
1.450000000000000000e+02 6.621283000000000030e-01 9.088408041393515211e-04
1.460000000000000000e+02 6.621582999999999775e-01 9.074536041330334354e-04
1.470000000000000000e+02 6.618616000000000499e-01 9.130736041586299482e-04
1.480000000000000000e+02 6.611116999999999688e-01 9.279048042261791533e-04
1.490000000000000000e+02 6.603128000000000331e-01 9.418784042898224827e-04
1.500000000000000000e+02 6.602706000000000408e-01 9.445080043017991958e-04
1.510000000000000000e+02 6.602567000000000297e-01 9.435760042975542897e-04
1.520000000000000000e+02 6.599224000000000201e-01 9.497232043255520026e-04
1.530000000000000000e+02 6.591677000000000231e-01 9.646168043933855138e-04
1.540000000000000000e+02 6.583997999999999795e-01 9.781960044552323770e-04
1.550000000000000000e+02 6.583322000000000340e-01 9.808056044671180276e-04
1.560000000000000000e+02 6.582753000000000076e-01 9.803448044650193028e-04
1.570000000000000000e+02 6.579047999999999563e-01 9.870144044953961960e-04
1.580000000000000000e+02 6.571455999999999964e-01 1.001957604563455438e-03
1.590000000000000000e+02 6.564048999999999578e-01 1.015156804623571895e-03
1.600000000000000000e+02 6.563109999999999777e-01 1.017775204635497409e-03
1.610000000000000000e+02 6.562120999999999649e-01 1.017802404635621393e-03
1.620000000000000000e+02 6.558068000000000231e-01 1.024989604668355772e-03
1.630000000000000000e+02 6.550432999999999950e-01 1.039969604736582821e-03
1.640000000000000000e+02 6.543259000000000158e-01 1.052805604795044748e-03
1.650000000000000000e+02 6.542052999999999896e-01 1.055462404807145337e-03
1.660000000000000000e+02 6.540650999999999549e-01 1.055994404809568231e-03
1.670000000000000000e+02 6.536260000000000403e-01 1.063692804844631025e-03
1.680000000000000000e+02 6.528583999999999499e-01 1.078698404912974574e-03
1.690000000000000000e+02 6.521609000000000433e-01 1.091188804969862565e-03
1.700000000000000000e+02 6.520129000000000064e-01 1.093912804982269046e-03
1.710000000000000000e+02 6.518319000000000196e-01 1.094967204987071447e-03
1.720000000000000000e+02 6.513600999999999974e-01 1.103171205024437111e-03
1.730000000000000000e+02 6.505885000000000140e-01 1.118192005092849810e-03
1.740000000000000000e+02 6.499074999999999713e-01 1.130355205148247553e-03
1.750000000000000000e+02 6.497313000000000116e-01 1.133178405161105930e-03
1.760000000000000000e+02 6.495102000000000375e-01 1.134770405168356771e-03
1.770000000000000000e+02 6.490067000000000474e-01 1.143473605207996017e-03
1.780000000000000000e+02 6.482309000000000543e-01 1.158500005276434262e-03
1.790000000000000000e+02 6.475632999999999528e-01 1.170357605330439978e-03
1.800000000000000000e+02 6.473583000000000531e-01 1.173309605343885028e-03
1.810000000000000000e+02 6.470972999999999864e-01 1.175456805353664470e-03
1.820000000000000000e+02 6.465629999999999988e-01 1.184652005395544485e-03
1.830000000000000000e+02 6.457829000000000486e-01 1.199676005463971937e-03
1.840000000000000000e+02 6.451255999999999657e-01 1.211249605516684282e-03
1.850000000000000000e+02 6.448911000000000504e-01 1.214362405530861793e-03
1.860000000000000000e+02 6.445906999999999609e-01 1.217080005543238986e-03
1.870000000000000000e+02 6.440261999999999931e-01 1.226761605587334443e-03
1.880000000000000000e+02 6.432415000000000216e-01 1.241776005655718072e-03
1.890000000000000000e+02 6.425916000000000405e-01 1.253089605707246278e-03
1.900000000000000000e+02 6.423267999999999756e-01 1.256395205722301818e-03
1.910000000000000000e+02 6.419871999999999801e-01 1.259700005737353617e-03
1.920000000000000000e+02 6.413931999999999967e-01 1.269860805783631485e-03
1.930000000000000000e+02 6.406036000000000508e-01 1.284859205851942221e-03
1.940000000000000000e+02 6.399582999999999799e-01 1.295937605902399261e-03
1.950000000000000000e+02 6.396625000000000227e-01 1.299470405918489412e-03
1.960000000000000000e+02 6.392837999999999576e-01 1.303377605936284966e-03
1.970000000000000000e+02 6.386608999999999758e-01 1.314009605984708907e-03
1.980000000000000000e+02 6.378658000000000383e-01 1.328987206052924946e-03
1.990000000000000000e+02 6.372225000000000250e-01 1.339857606102434588e-03
2.000000000000000000e+02 6.368947000000000358e-01 1.343652006119716363e-03
2.010000000000000000e+02 6.364771000000000178e-01 1.348177606140328350e-03
2.020000000000000000e+02 6.358257999999999965e-01 1.359273606190865551e-03
2.030000000000000000e+02 6.350246999999999975e-01 1.374228006258975884e-03
2.040000000000000000e+02 6.343805000000000138e-01 1.384919206307669379e-03
2.050000000000000000e+02 6.340200999999999754e-01 1.389008806326295616e-03
2.060000000000000000e+02 6.335636000000000045e-01 1.394168006349793621e-03
2.070000000000000000e+02 6.328842000000000079e-01 1.405720806402411052e-03
2.080000000000000000e+02 6.320763999999999827e-01 1.420649606470404886e-03
2.090000000000000000e+02 6.314288000000000123e-01 1.431192806518424279e-03
2.100000000000000000e+02 6.310346999999999484e-01 1.435615206538566309e-03
2.110000000000000000e+02 6.305393000000000248e-01 1.441422406565015524e-03
2.120000000000000000e+02 6.298321999999999532e-01 1.453424006619677281e-03
2.130000000000000000e+02 6.290170000000000483e-01 1.468327206687554398e-03
2.140000000000000000e+02 6.283632999999999580e-01 1.478756006735052744e-03
2.150000000000000000e+02 6.279346000000000094e-01 1.483548006756878158e-03
2.160000000000000000e+02 6.274001999999999635e-01 1.490017606786344208e-03
2.170000000000000000e+02 6.266656000000000448e-01 1.502460006843013519e-03
2.180000000000000000e+02 6.258420000000000094e-01 1.517340006910785147e-03
2.190000000000000000e+02 6.251797000000000049e-01 1.527689606957922984e-03
2.200000000000000000e+02 6.247154000000000318e-01 1.532888806981602898e-03
2.210000000000000000e+02 6.241417999999999688e-01 1.540035207014151409e-03
2.220000000000000000e+02 6.233800000000000452e-01 1.552910407072791935e-03
2.230000000000000000e+02 6.225469999999999615e-01 1.567771207140476134e-03
2.240000000000000000e+02 6.218734000000000206e-01 1.578080007187427887e-03
2.250000000000000000e+02 6.213724999999999943e-01 1.583724807213137374e-03
2.260000000000000000e+02 6.207595999999999670e-01 1.591561607248830447e-03
2.270000000000000000e+02 6.199704000000000326e-01 1.604862407309409376e-03
2.280000000000000000e+02 6.191269000000000355e-01 1.619710407377035217e-03
2.290000000000000000e+02 6.184395000000000309e-01 1.630019207423986970e-03
2.300000000000000000e+02 6.179008999999999752e-01 1.636148807451904630e-03
2.310000000000000000e+02 6.172482999999999720e-01 1.644688007490796664e-03
2.320000000000000000e+02 6.164319000000000326e-01 1.658406407553277657e-03
2.330000000000000000e+02 6.155764999999999709e-01 1.673252007620892705e-03
2.340000000000000000e+02 6.148727000000000498e-01 1.683603207668037593e-03
2.350000000000000000e+02 6.142950999999999828e-01 1.690259207698352603e-03
2.360000000000000000e+02 6.136026999999999454e-01 1.699512807740498430e-03
2.370000000000000000e+02 6.127588000000000479e-01 1.713642407804852200e-03
2.380000000000000000e+02 6.118900999999999923e-01 1.728496807872507111e-03
2.390000000000000000e+02 6.111672000000000216e-01 1.738938407920063815e-03
2.400000000000000000e+02 6.105496000000000256e-01 1.746160807952958516e-03
2.410000000000000000e+02 6.098168999999999951e-01 1.756140007998409228e-03
2.420000000000000000e+02 6.089451999999999643e-01 1.770673608064602961e-03
2.430000000000000000e+02 6.080617000000000383e-01 1.785554408132378331e-03
2.440000000000000000e+02 6.073169999999999957e-01 1.796133608180561789e-03
2.450000000000000000e+02 6.066580999999999779e-01 1.803964008216225575e-03
2.460000000000000000e+02 6.058845999999999954e-01 1.814679208265028518e-03
2.470000000000000000e+02 6.049847999999999892e-01 1.829612808333044155e-03
2.480000000000000000e+02 6.040847000000000300e-01 1.844538408401023453e-03
2.490000000000000000e+02 6.033155000000000046e-01 1.855308808450077456e-03
2.500000000000000000e+02 6.026139000000000356e-01 1.863788808488699936e-03
2.510000000000000000e+02 6.017991999999999786e-01 1.875249608540898718e-03
2.520000000000000000e+02 6.008706999999999798e-01 1.890578408610714455e-03
2.530000000000000000e+02 5.999520000000000408e-01 1.905572808679006913e-03
2.540000000000000000e+02 5.991556000000000104e-01 1.916589608729183389e-03
2.550000000000000000e+02 5.984099000000000501e-01 1.925761608770957482e-03
2.560000000000000000e+02 5.975532999999999539e-01 1.937976008826588657e-03
2.570000000000000000e+02 5.965954999999999453e-01 1.953697608898193484e-03
2.580000000000000000e+02 5.956561000000000217e-01 1.968790408966933879e-03
2.590000000000000000e+02 5.948297000000000168e-01 1.980110409018491155e-03
2.600000000000000000e+02 5.940383999999999665e-01 1.990016809063610646e-03
2.610000000000000000e+02 5.931393999999999833e-01 2.002992809122710119e-03
2.620000000000000000e+02 5.921513000000000471e-01 2.019108009196107344e-03
2.630000000000000000e+02 5.911889000000000172e-01 2.034331209265442114e-03
2.640000000000000000e+02 5.903294000000000041e-01 2.046017609318668239e-03
2.650000000000000000e+02 5.894911999999999930e-01 2.056699209367318128e-03
2.660000000000000000e+02 5.885487999999999831e-01 2.070444809429923105e-03
2.670000000000000000e+02 5.875293999999999794e-01 2.086955209505120430e-03
2.680000000000000000e+02 5.865415000000000489e-01 2.102348009575227307e-03
2.690000000000000000e+02 5.856459999999999999e-01 2.114464809630413854e-03
2.700000000000000000e+02 5.847590999999999761e-01 2.125964009682787710e-03
2.710000000000000000e+02 5.837725999999999749e-01 2.140484809748923085e-03
2.720000000000000000e+02 5.827204999999999746e-01 2.157396809825949148e-03
2.730000000000000000e+02 5.817044000000000104e-01 2.173003209897029185e-03
2.740000000000000000e+02 5.807698000000000027e-01 2.185616809954478088e-03
2.750000000000000000e+02 5.798326000000000313e-01 2.197974410010761562e-03
2.760000000000000000e+02 5.788008999999999515e-01 2.213277610080460582e-03
2.770000000000000000e+02 5.777145999999999670e-01 2.230600810159359855e-03
2.780000000000000000e+02 5.766672999999999938e-01 2.246471210231642309e-03
2.790000000000000000e+02 5.756904000000000465e-01 2.259652810291677954e-03
2.800000000000000000e+02 5.747010999999999648e-01 2.272908010352049646e-03
2.810000000000000000e+02 5.736231000000000524e-01 2.288999210425337640e-03
2.820000000000000000e+02 5.725006999999999735e-01 2.306749610506182799e-03
2.830000000000000000e+02 5.714190000000000103e-01 2.322940010579922256e-03
2.840000000000000000e+02 5.703964999999999730e-01 2.336761610642873205e-03
2.850000000000000000e+02 5.693532000000000037e-01 2.350953610707511281e-03
2.860000000000000000e+02 5.682274999999999965e-01 2.367840810784424804e-03
2.870000000000000000e+02 5.670669000000000404e-01 2.386036810867299320e-03
2.880000000000000000e+02 5.659471999999999836e-01 2.402611210942787786e-03
2.890000000000000000e+02 5.648758000000000390e-01 2.417147211008992963e-03
2.900000000000000000e+02 5.637765000000000137e-01 2.432313611078068538e-03
2.910000000000000000e+02 5.626014999999999766e-01 2.450004011158640402e-03
2.920000000000000000e+02 5.614002999999999632e-01 2.468673611243671785e-03
2.930000000000000000e+02 5.602390000000000425e-01 2.485701611321226596e-03
2.940000000000000000e+02 5.591150000000000286e-01 2.501028011391031539e-03
2.950000000000000000e+02 5.579576000000000535e-01 2.517204811464709112e-03
2.960000000000000000e+02 5.567315000000000458e-01 2.535708811548986231e-03
2.970000000000000000e+02 5.554867999999999473e-01 2.554884811636324443e-03
2.980000000000000000e+02 5.542797000000000418e-01 2.572443211716294448e-03
2.990000000000000000e+02 5.530996000000000246e-01 2.588636811790048873e-03
3.000000000000000000e+02 5.518817999999999779e-01 2.605860011868492941e-03
3.010000000000000000e+02 5.506024000000000473e-01 2.625189611956530149e-03
3.020000000000000000e+02 5.493109999999999937e-01 2.644914412046367458e-03
3.030000000000000000e+02 5.480538000000000354e-01 2.663086412129132743e-03
3.040000000000000000e+02 5.468136999999999581e-01 2.680224812207190107e-03
3.050000000000000000e+02 5.455330000000000457e-01 2.698526412290545157e-03
3.060000000000000000e+02 5.441977999999999538e-01 2.718699212382423049e-03
3.070000000000000000e+02 5.428560000000000052e-01 2.739023212474989578e-03
3.080000000000000000e+02 5.415440999999999727e-01 2.757899212560961308e-03
3.090000000000000000e+02 5.402400000000000535e-01 2.776060012643675069e-03
3.100000000000000000e+02 5.388935999999999726e-01 2.795472812732091930e-03
3.110000000000000000e+02 5.374997999999999720e-01 2.816509612827904335e-03
3.120000000000000000e+02 5.361032999999999493e-01 2.837492812923473381e-03
3.130000000000000000e+02 5.347317000000000320e-01 2.857168013013085175e-03
3.140000000000000000e+02 5.333594000000000390e-01 2.876428013100805481e-03
3.150000000000000000e+02 5.319443000000000366e-01 2.896984013194428640e-03
3.160000000000000000e+02 5.304883999999999711e-01 2.918912813294303934e-03
3.170000000000000000e+02 5.290327000000000224e-01 2.940625613393195708e-03
3.180000000000000000e+02 5.275959999999999539e-01 2.961200013486903204e-03
3.190000000000000000e+02 5.261512000000000411e-01 2.981634413579972286e-03
3.200000000000000000e+02 5.246638999999999609e-01 3.003365613678947530e-03
3.210000000000000000e+02 5.231419999999999959e-01 3.026220813783042727e-03
3.220000000000000000e+02 5.216216999999999659e-01 3.048744013885625222e-03
3.230000000000000000e+02 5.201143000000000294e-01 3.070323213983908520e-03
3.240000000000000000e+02 5.185921999999999477e-01 3.092004014082654940e-03
3.250000000000000000e+02 5.170289000000000135e-01 3.114943214187132232e-03
3.260000000000000000e+02 5.154364000000000168e-01 3.138769614295650393e-03
3.270000000000000000e+02 5.138458000000000192e-01 3.162194414402339816e-03
3.280000000000000000e+02 5.122613999999999779e-01 3.184885614505687801e-03
3.290000000000000000e+02 5.106570000000000276e-01 3.207882414610427595e-03
3.300000000000000000e+02 5.090133000000000019e-01 3.232064814720567256e-03
3.310000000000000000e+02 5.073450000000000459e-01 3.256916814833756783e-03
3.320000000000000000e+02 5.056775000000000020e-01 3.281343214945007906e-03
3.330000000000000000e+02 5.040097999999999523e-01 3.305255215053916080e-03
3.340000000000000000e+02 5.023176000000000307e-01 3.329636015164959099e-03
3.350000000000000000e+02 5.005884000000000444e-01 3.355099215280932246e-03
3.360000000000000000e+02 4.988383000000000123e-01 3.381042415399091762e-03
3.370000000000000000e+02 4.970866999999999924e-01 3.406580015515403830e-03
3.380000000000000000e+02 4.953285000000000049e-01 3.431820015630360210e-03
3.390000000000000000e+02 4.935425999999999980e-01 3.457648015747994720e-03
3.400000000000000000e+02 4.917220999999999953e-01 3.484434415869994486e-03
3.410000000000000000e+02 4.898832000000000186e-01 3.511545615993473275e-03
3.420000000000000000e+02 4.880397000000000207e-01 3.538311216115378778e-03
3.430000000000000000e+02 4.861834999999999907e-01 3.564984016236861022e-03
3.440000000000000000e+02 4.842970999999999804e-01 3.592319216361360319e-03
3.450000000000000000e+02 4.823786999999999936e-01 3.620480016489619705e-03
3.460000000000000000e+02 4.804430000000000089e-01 3.648846416618815695e-03
3.470000000000000000e+02 4.784988000000000019e-01 3.676960016746859926e-03
3.480000000000000000e+02 4.765364000000000266e-01 3.705164816875320365e-03
3.490000000000000000e+02 4.745422999999999725e-01 3.734064817006946084e-03
3.500000000000000000e+02 4.725180999999999965e-01 3.763655217141716799e-03
3.510000000000000000e+02 4.704766000000000226e-01 3.793375217277077712e-03
3.520000000000000000e+02 4.684221000000000079e-01 3.822957617411811872e-03
3.530000000000000000e+02 4.663444999999999951e-01 3.852786417547668721e-03
3.540000000000000000e+02 4.642341999999999858e-01 3.883305617686669264e-03
3.550000000000000000e+02 4.620952999999999866e-01 3.914388017828235831e-03
3.560000000000000000e+02 4.599378000000000077e-01 3.945568017970245943e-03
3.570000000000000000e+02 4.577624000000000137e-01 3.976735218112198780e-03
3.580000000000000000e+02 4.555596000000000090e-01 4.008268818255819599e-03
3.590000000000000000e+02 4.533235999999999932e-01 4.040457618402424657e-03
3.600000000000000000e+02 4.510595000000000021e-01 4.073102418551106420e-03
3.610000000000000000e+02 4.487744000000000177e-01 4.105848018700247563e-03
3.620000000000000000e+02 4.464663999999999855e-01 4.138707218849906229e-03
3.630000000000000000e+02 4.441274000000000055e-01 4.172013619001601302e-03
3.640000000000000000e+02 4.417545999999999973e-01 4.205918419156021854e-03
3.650000000000000000e+02 4.393533000000000022e-01 4.240197619312147809e-03
3.660000000000000000e+02 4.369275000000000242e-01 4.274609619468878498e-03
3.670000000000000000e+02 4.344739000000000240e-01 4.309249619626647973e-03
3.680000000000000000e+02 4.319861999999999869e-01 4.344378419786643249e-03
3.690000000000000000e+02 4.294639000000000095e-01 4.380040019949065812e-03
3.700000000000000000e+02 4.269112999999999936e-01 4.416020020112937892e-03
3.710000000000000000e+02 4.243300999999999878e-01 4.452185620277656491e-03
3.720000000000000000e+02 4.217163999999999913e-01 4.488668020443817123e-03
3.730000000000000000e+02 4.190656999999999854e-01 4.525647220612239244e-03
3.740000000000000000e+02 4.163788999999999962e-01 4.563088820782768874e-03
3.750000000000000000e+02 4.136591000000000018e-01 4.600821620954624255e-03
3.760000000000000000e+02 4.109058999999999906e-01 4.638797621127587791e-03
3.770000000000000000e+02 4.081156000000000228e-01 4.677147221302252120e-03
3.780000000000000000e+02 4.052855000000000207e-01 4.715969621479070006e-03
3.790000000000000000e+02 4.024169000000000218e-01 4.755192021657710447e-03
3.800000000000000000e+02 3.995113000000000136e-01 4.794696021837633465e-03
3.810000000000000000e+02 3.965673000000000115e-01 4.834488822018871007e-03
3.820000000000000000e+02 3.935815999999999759e-01 4.874675222201902032e-03
3.830000000000000000e+02 3.905528999999999806e-01 4.915288022386874768e-03
3.840000000000000000e+02 3.874821999999999989e-01 4.956244022573410429e-03
3.850000000000000000e+02 3.843696999999999808e-01 4.997476822761206215e-03
3.860000000000000000e+02 3.812132999999999772e-01 5.039020022950416698e-03
3.870000000000000000e+02 3.780105000000000270e-01 5.080936023141325100e-03
3.880000000000000000e+02 3.747608000000000050e-01 5.123212023333872413e-03
3.890000000000000000e+02 3.714643999999999724e-01 5.165776023527732241e-03
3.900000000000000000e+02 3.681205000000000171e-01 5.208598423722767858e-03
3.910000000000000000e+02 3.647268000000000177e-01 5.251712023919130959e-03
3.920000000000000000e+02 3.612816999999999834e-01 5.295136024116907023e-03
3.930000000000000000e+02 3.577846000000000082e-01 5.338832024315921625e-03
3.940000000000000000e+02 3.542350000000000221e-01 5.382746424515931841e-03
3.950000000000000000e+02 3.506312999999999791e-01 5.426866424716877794e-03
3.960000000000000000e+02 3.469714999999999883e-01 5.471204024918815620e-03
3.970000000000000000e+02 3.432542000000000093e-01 5.515741625121663855e-03
3.980000000000000000e+02 3.394786000000000192e-01 5.560431225325204903e-03
3.990000000000000000e+02 3.356434999999999835e-01 5.605228825529236410e-03
4.000000000000000000e+02 3.317469000000000112e-01 5.650119225733692477e-03
4.010000000000000000e+02 3.277869999999999950e-01 5.695080825938471196e-03
4.020000000000000000e+02 3.237623000000000029e-01 5.740071226143382034e-03
4.030000000000000000e+02 3.196716000000000002e-01 5.785032826348161621e-03
4.040000000000000000e+02 3.155129999999999879e-01 5.829917626552590625e-03
4.050000000000000000e+02 3.112845000000000195e-01 5.874686426756491747e-03
4.060000000000000000e+02 3.069840999999999820e-01 5.919284026959613712e-03
4.070000000000000000e+02 3.026100999999999930e-01 5.963640827161638749e-03
4.080000000000000000e+02 2.981608000000000036e-01 6.007681627362224629e-03
4.090000000000000000e+02 2.936336999999999975e-01 6.051335227561046096e-03
4.100000000000000000e+02 2.890267000000000253e-01 6.094520827757737326e-03
4.110000000000000000e+02 2.843377000000000265e-01 6.137143227951862533e-03
4.120000000000000000e+02 2.795643999999999907e-01 6.179096028142937874e-03
4.130000000000000000e+02 2.747045000000000181e-01 6.220265628330446696e-03
4.140000000000000000e+02 2.697552999999999757e-01 6.260529628513830311e-03
4.150000000000000000e+02 2.647142000000000106e-01 6.299748828692455782e-03
4.160000000000000000e+02 2.595787999999999984e-01 6.337769628865622812e-03
4.170000000000000000e+02 2.543461000000000194e-01 6.374420829032552242e-03
4.180000000000000000e+02 2.490132999999999930e-01 6.409515229192391805e-03
4.190000000000000000e+02 2.435773999999999995e-01 6.442845629344195676e-03
4.200000000000000000e+02 2.380353000000000052e-01 6.474179229486906086e-03
4.210000000000000000e+02 2.323838000000000015e-01 6.503259229619352128e-03
4.220000000000000000e+02 2.266196000000000044e-01 6.529798429740225896e-03
4.230000000000000000e+02 2.207389999999999908e-01 6.553476029848066646e-03
4.240000000000000000e+02 2.147387000000000046e-01 6.573933629941241218e-03
4.250000000000000000e+02 2.086147999999999891e-01 6.590769630017921307e-03
4.260000000000000000e+02 2.023633999999999988e-01 6.603532830076051796e-03
4.270000000000000000e+02 1.959807000000000077e-01 6.611715230113318804e-03
4.280000000000000000e+02 1.894624000000000030e-01 6.614744830127117746e-03
4.290000000000000000e+02 1.828044000000000058e-01 6.611972030114488842e-03
4.300000000000000000e+02 1.760023000000000004e-01 6.602660030072076552e-03
4.310000000000000000e+02 1.690518000000000021e-01 6.585968029996052721e-03
4.320000000000000000e+02 1.619483999999999924e-01 6.560929629882014669e-03
4.330000000000000000e+02 1.546874000000000027e-01 6.526432029724893967e-03
4.340000000000000000e+02 1.472643999999999898e-01 6.481184829518813958e-03
4.350000000000000000e+02 1.396750999999999965e-01 6.423685629256931442e-03
4.360000000000000000e+02 1.319152000000000102e-01 6.352172028931219079e-03
4.370000000000000000e+02 1.239809000000000050e-01 6.264556028532168933e-03
4.380000000000000000e+02 1.158692000000000055e-01 6.158329628048356090e-03
4.390000000000000000e+02 1.075776999999999983e-01 6.030424027465806046e-03
4.400000000000000000e+02 9.910546000000000633e-02 5.876992826766997031e-03
4.410000000000000000e+02 9.045379000000000613e-02 5.693076825929344054e-03
4.420000000000000000e+02 8.162745000000000417e-02 5.472125624923013069e-03
4.430000000000000000e+02 7.263746999999999565e-02 5.205457623708463488e-03
4.440000000000000000e+02 6.350688999999999640e-02 4.881992022235225742e-03
4.450000000000000000e+02 5.428316999999999865e-02 4.489084020445711053e-03
4.460000000000000000e+02 4.506112999999999785e-02 4.015750418289895131e-03
4.470000000000000000e+02 3.601618999999999654e-02 3.459318415755602977e-03
4.480000000000000000e+02 2.743309000000000025e-02 2.834453612909631267e-03
4.490000000000000000e+02 1.969436999999999924e-02 2.179514409926685062e-03
4.500000000000000000e+02 1.319368999999999924e-02 1.552561607071203465e-03
4.510000000000000000e+02 8.190957999999999919e-03 1.013777604617290256e-03
4.520000000000000000e+02 4.699970999999999836e-03 6.026208827446606804e-04
4.530000000000000000e+02 2.496210999999999916e-03 3.251762414810280906e-04
4.540000000000000000e+02 1.232283999999999940e-03 1.593856007259280194e-04
4.550000000000000000e+02 5.683815999999999521e-04 7.118036832419380986e-05
4.560000000000000000e+02 2.461566000000000210e-04 2.908857613248507277e-05
4.570000000000000000e+02 1.005083000000000013e-04 1.092843204977397630e-05
4.580000000000000000e+02 3.881417000000000314e-05 3.791352017267863300e-06
4.590000000000000000e+02 1.421099999999999997e-05 1.219386405553743605e-06
4.600000000000000000e+02 4.942006000000000029e-06 3.648009616615004680e-07
4.610000000000000000e+02 1.634704000000000104e-06 1.018004004636539571e-07
4.620000000000000000e+02 5.148796999999999859e-07 2.655931212096544024e-08
4.630000000000000000e+02 1.545498000000000066e-07 6.490354429560576548e-09
4.640000000000000000e+02 4.423914999999999814e-08 1.487850406776473588e-09
4.650000000000000000e+02 1.208183000000000066e-08 3.203412014590067265e-10
4.660000000000000000e+02 3.149237000000000051e-09 6.483951229531412398e-11
4.670000000000000000e+02 7.836858000000000153e-10 1.234673605623369863e-11
4.680000000000000000e+02 1.862202999999999964e-10 2.212968010079050429e-12
4.690000000000000000e+02 4.225878999999999749e-11 3.734682417009758988e-13
4.700000000000000000e+02 9.158945000000000612e-12 5.935526427033591083e-14
4.710000000000000000e+02 1.895936999999999982e-12 8.883704040461181925e-15
4.720000000000000000e+02 3.748378999999999956e-13 1.251966405702130545e-15
4.730000000000000000e+02 7.077419999999999897e-14 1.660828007564307028e-16
4.740000000000000000e+02 1.276052000000000012e-14 2.072969609441422307e-17
4.750000000000000000e+02 2.196610000000000011e-15 2.432956811080997996e-18
4.760000000000000000e+02 3.609408999999999897e-16 2.682971212219698720e-19
4.770000000000000000e+02 5.659821999999999773e-17 2.777363212649611047e-20
4.780000000000000000e+02 8.466699999999999792e-18 2.695888812278532457e-21
4.790000000000000000e+02 1.207834000000000001e-18 2.450518411160983111e-22
4.800000000000000000e+02 1.642453000000000098e-19 2.082780009486104191e-23
4.810000000000000000e+02 2.127918000000000140e-20 1.652341607525655425e-24
4.820000000000000000e+02 2.625111000000000156e-21 1.221112005561603125e-25
4.830000000000000000e+02 3.081734999999999836e-22 8.387048038199142076e-27
4.840000000000000000e+02 3.440237000000000068e-23 5.339640824319606354e-28
4.850000000000000000e+02 3.649070999999999736e-24 3.141538414308261158e-29
4.860000000000000000e+02 3.674460000000000047e-25 1.702062407752110574e-30
4.870000000000000000e+02 3.509106999999999956e-26 8.457528038520146859e-32
4.880000000000000000e+02 3.174827000000000059e-27 3.836047217471429203e-33
4.890000000000000000e+02 2.717951000000000193e-28 1.579325607193101102e-34
4.900000000000000000e+02 2.198786000000000068e-29 5.863079226703627187e-36
4.910000000000000000e+02 1.678428000000000118e-30 1.947068808868001803e-37
4.920000000000000000e+02 1.206949999999999892e-31 5.728051226088636619e-39
4.930000000000000000e+02 8.161143999999999750e-33 1.474808806717075208e-40
4.940000000000000000e+02 5.178524999999999805e-34 3.272285614903754320e-42
4.950000000000000000e+02 3.076578999999999936e-35 6.130783227922895304e-44
4.960000000000000000e+02 1.706987999999999873e-36 9.432104042958892244e-46
4.970000000000000000e+02 8.819541999999999508e-38 1.144218405211388141e-47
4.980000000000000000e+02 4.229630999999999766e-39 1.026345604674531579e-49
4.990000000000000000e+02 1.875815999999999968e-40 6.052200027564984716e-52
5.000000000000000000e+02 7.660908999999999818e-42 1.760071208016314055e-54
5.010000000000000000e+02 2.964459000000000116e-43 0.000000000000000000e+00
