1.000000000000000000e+00 2.052531999999999968e-01 7.645425300412194921e-05
2.000000000000000000e+00 2.057892000000000055e-01 8.190653400441589335e-05
3.000000000000000000e+00 2.066157000000000132e-01 9.320166000502486678e-05
4.000000000000000000e+00 2.033388999999999891e-01 1.104397200059542355e-04
5.000000000000000000e+00 2.028316000000000008e-01 1.295050500069821174e-04
6.000000000000000000e+00 2.039785000000000070e-01 1.482169500079909535e-04
7.000000000000000000e+00 2.047267000000000114e-01 1.672095600090149137e-04
8.000000000000000000e+00 2.042553000000000007e-01 1.874102400101040184e-04
9.000000000000000000e+00 2.033673000000000008e-01 2.077683300112016004e-04
1.000000000000000000e+01 2.036457999999999879e-01 2.262276900121968086e-04
1.100000000000000000e+01 2.041952999999999963e-01 2.432165400131127417e-04
1.200000000000000000e+01 2.042654000000000136e-01 2.603902500140386524e-04
1.300000000000000000e+01 2.038505999999999929e-01 2.783686500150079398e-04
1.400000000000000000e+01 2.035656999999999883e-01 2.962071000159696731e-04
1.500000000000000000e+01 2.037845000000000073e-01 3.131394300168825469e-04
1.600000000000000000e+01 2.039663999999999922e-01 3.300011100177916573e-04
1.700000000000000000e+01 2.038408999999999915e-01 3.477375000187479044e-04
1.800000000000000000e+01 2.035719000000000001e-01 3.661702200197416014e-04
1.900000000000000000e+01 2.034868999999999983e-01 3.844117800207251241e-04
2.000000000000000000e+01 2.036026999999999976e-01 4.022379000216862524e-04
2.100000000000000000e+01 2.036152999999999991e-01 4.203497700226626948e-04
2.200000000000000000e+01 2.034605999999999915e-01 4.391289900236751290e-04
2.300000000000000000e+01 2.032970000000000055e-01 4.581437400247002586e-04
2.400000000000000000e+01 2.032660000000000022e-01 4.768363800257081268e-04
2.500000000000000000e+01 2.032944999999999891e-01 4.953260700267049553e-04
2.600000000000000000e+01 2.032281999999999977e-01 5.141322000277188248e-04
2.700000000000000000e+01 2.030849000000000126e-01 5.333209200287533733e-04
2.800000000000000000e+01 2.029746000000000050e-01 5.524789500297861951e-04
2.900000000000000000e+01 2.029398000000000035e-01 5.713545600308038951e-04
3.000000000000000000e+01 2.029050000000000020e-01 5.901941700318196187e-04
3.100000000000000000e+01 2.028033999999999948e-01 6.093102600328502384e-04
3.200000000000000000e+01 2.026753000000000027e-01 6.286037400338904350e-04
3.300000000000000000e+01 2.025834999999999997e-01 6.477687900349237207e-04
3.400000000000000000e+01 2.025262999999999924e-01 6.667527600359472121e-04
3.500000000000000000e+01 2.024494000000000016e-01 6.857961300369739372e-04
3.600000000000000000e+01 2.023322999999999927e-01 7.050389400380113617e-04
3.700000000000000000e+01 2.022127999999999981e-01 7.243263900390512584e-04
3.800000000000000000e+01 2.021199999999999941e-01 7.434747000400835628e-04
3.900000000000000000e+01 2.020374000000000059e-01 7.625354400411112456e-04
4.000000000000000000e+01 2.019330000000000014e-01 7.816872600421437278e-04
4.100000000000000000e+01 2.018079000000000123e-01 8.009568900431826219e-04
4.200000000000000000e+01 2.016889000000000043e-01 8.201992500442201097e-04
4.300000000000000000e+01 2.015852999999999950e-01 8.393311800452516206e-04
4.400000000000000000e+01 2.014797000000000116e-01 8.584401600462818107e-04
4.500000000000000000e+01 2.013566999999999996e-01 8.776332900473165187e-04
4.600000000000000000e+01 2.012248000000000092e-01 8.968781700483541286e-04
4.700000000000000000e+01 2.010998999999999981e-01 9.160686000493887832e-04
4.800000000000000000e+01 2.009814000000000045e-01 9.351873000504195991e-04
4.900000000000000000e+01 2.008562000000000125e-01 9.543177000514509352e-04
5.000000000000000000e+01 2.007191999999999865e-01 9.735084000524855952e-04
5.100000000000000000e+01 2.005792999999999882e-01 9.927072000535206320e-04
5.200000000000000000e+01 2.004442999999999919e-01 1.011850200054552904e-03
5.300000000000000000e+01 2.003099000000000129e-01 1.030956300055582784e-03
5.400000000000000000e+01 2.001680999999999877e-01 1.050085800056614138e-03
5.500000000000000000e+01 2.000190000000000023e-01 1.069248600057647307e-03
5.600000000000000000e+01 1.998694000000000026e-01 1.088396100058679596e-03
5.700000000000000000e+01 1.997219000000000078e-01 1.107499500059709423e-03
5.800000000000000000e+01 1.995719999999999994e-01 1.126587600060738586e-03
5.900000000000000000e+01 1.994155999999999984e-01 1.145698200061769133e-03
6.000000000000000000e+01 1.992548000000000097e-01 1.164820500062799984e-03
6.100000000000000000e+01 1.990939999999999932e-01 1.183917600063829614e-03
6.200000000000000000e+01 1.989328999999999958e-01 1.202984100064857700e-03
6.300000000000000000e+01 1.987681000000000031e-01 1.222047900065885298e-03
6.400000000000000000e+01 1.985982000000000025e-01 1.241126100066913904e-03
6.500000000000000000e+01 1.984256000000000075e-01 1.260200700067942367e-03
6.600000000000000000e+01 1.982522999999999924e-01 1.279250100068969392e-03
6.700000000000000000e+01 1.980772000000000088e-01 1.298280600069995393e-03
6.800000000000000000e+01 1.978981999999999963e-01 1.317312900071021357e-03
6.900000000000000000e+01 1.977153000000000105e-01 1.336350600072047862e-03
7.000000000000000000e+01 1.975302999999999920e-01 1.355375700073073540e-03
7.100000000000000000e+01 1.973439999999999916e-01 1.374380100074098013e-03
7.200000000000000000e+01 1.971549999999999969e-01 1.393372800075122183e-03
7.300000000000000000e+01 1.969623000000000068e-01 1.412367300076146316e-03
7.400000000000000000e+01 1.967664000000000080e-01 1.431358200077170089e-03
7.500000000000000000e+01 1.965686000000000100e-01 1.450334700078193071e-03
7.600000000000000000e+01 1.963688000000000100e-01 1.469294100079215426e-03
7.700000000000000000e+01 1.961659000000000042e-01 1.488246300080237061e-03
7.800000000000000000e+01 1.959596999999999867e-01 1.507196700081258733e-03
7.900000000000000000e+01 1.957508000000000026e-01 1.526139000082280027e-03
8.000000000000000000e+01 1.955398000000000136e-01 1.545066000083300658e-03
8.100000000000000000e+01 1.953263000000000083e-01 1.563979500084320372e-03
8.200000000000000000e+01 1.951096999999999970e-01 1.582887600085339545e-03
8.300000000000000000e+01 1.948901000000000105e-01 1.601789400086358738e-03
8.400000000000000000e+01 1.946680000000000077e-01 1.620681300087377374e-03
8.500000000000000000e+01 1.944434999999999913e-01 1.639558800088395003e-03
8.600000000000000000e+01 1.942163000000000084e-01 1.658425500089412202e-03
8.700000000000000000e+01 1.939859999999999918e-01 1.677285900090428987e-03
8.800000000000000000e+01 1.937530000000000086e-01 1.696138200091445395e-03
8.900000000000000000e+01 1.935174000000000061e-01 1.714978800092461066e-03
9.000000000000000000e+01 1.932792000000000121e-01 1.733805900093476036e-03
9.100000000000000000e+01 1.930382999999999960e-01 1.752624000094490757e-03
9.200000000000000000e+01 1.927944000000000047e-01 1.771434900095504974e-03
9.300000000000000000e+01 1.925476999999999883e-01 1.790235000096518543e-03
9.400000000000000000e+01 1.922985000000000111e-01 1.809022500097531502e-03
9.500000000000000000e+01 1.920466000000000117e-01 1.827799200098543814e-03
9.600000000000000000e+01 1.917918000000000123e-01 1.846566900099555443e-03
9.700000000000000000e+01 1.915341000000000127e-01 1.865324700100566731e-03
9.800000000000000000e+01 1.912737999999999938e-01 1.884071700101577372e-03
9.900000000000000000e+01 1.910108000000000084e-01 1.902807000102587709e-03
1.000000000000000000e+02 1.907448999999999950e-01 1.921531500103597400e-03
1.010000000000000000e+02 1.904762999999999873e-01 1.940246100104606099e-03
1.020000000000000000e+02 1.902048000000000072e-01 1.958950800105614676e-03
1.030000000000000000e+02 1.899306000000000050e-01 1.977643800106622298e-03
1.040000000000000000e+02 1.896536000000000055e-01 1.996325100107629400e-03
1.050000000000000000e+02 1.893738000000000088e-01 2.014995600108636289e-03
1.060000000000000000e+02 1.890911999999999871e-01 2.033656200109642403e-03
1.070000000000000000e+02 1.888056999999999930e-01 2.052306000110647871e-03
1.080000000000000000e+02 1.885175000000000045e-01 2.070945000111652692e-03
1.090000000000000000e+02 1.882263999999999882e-01 2.089571400112656685e-03
1.100000000000000000e+02 1.879325000000000023e-01 2.108187900113660338e-03
1.110000000000000000e+02 1.876357999999999915e-01 2.126793600114663778e-03
1.120000000000000000e+02 1.873362000000000083e-01 2.145387600115666264e-03
1.130000000000000000e+02 1.870338000000000001e-01 2.163969000116667922e-03
1.140000000000000000e+02 1.867285999999999946e-01 2.182540500117669240e-03
1.150000000000000000e+02 1.864204000000000139e-01 2.201099400118669731e-03
1.160000000000000000e+02 1.861094000000000082e-01 2.219648400119669882e-03
1.170000000000000000e+02 1.857956000000000052e-01 2.238184800120669206e-03
1.180000000000000000e+02 1.854789000000000021e-01 2.256710400121667882e-03
1.190000000000000000e+02 1.851591999999999960e-01 2.275224300122666039e-03
1.200000000000000000e+02 1.848366999999999927e-01 2.293727400123663548e-03
1.210000000000000000e+02 1.845113999999999921e-01 2.312218800124660537e-03
1.220000000000000000e+02 1.841830999999999885e-01 2.330697600125657132e-03
1.230000000000000000e+02 1.838519000000000125e-01 2.349165600126652646e-03
1.240000000000000000e+02 1.835178000000000087e-01 2.367621000127647767e-03
1.250000000000000000e+02 1.831807000000000019e-01 2.386063800128642061e-03
1.260000000000000000e+02 1.828406999999999949e-01 2.404494900129635834e-03
1.270000000000000000e+02 1.824977999999999878e-01 2.422914300130628654e-03
1.280000000000000000e+02 1.821519000000000055e-01 2.441322000131620953e-03
1.290000000000000000e+02 1.818030999999999953e-01 2.459717100132612858e-03
1.300000000000000000e+02 1.814514000000000127e-01 2.478100500133603810e-03
1.310000000000000000e+02 1.810966999999999993e-01 2.496471300134594368e-03
1.320000000000000000e+02 1.807389000000000079e-01 2.514829500135584098e-03
1.330000000000000000e+02 1.803781999999999885e-01 2.533176000136573309e-03
1.340000000000000000e+02 1.800145999999999968e-01 2.551509900137561692e-03
1.350000000000000000e+02 1.796478999999999993e-01 2.569830300138549375e-03
1.360000000000000000e+02 1.792781999999999987e-01 2.588138100139536230e-03
1.370000000000000000e+02 1.789054999999999951e-01 2.606432400140522819e-03
1.380000000000000000e+02 1.785297000000000134e-01 2.624714100141508581e-03
1.390000000000000000e+02 1.781510000000000038e-01 2.642983200142493515e-03
1.400000000000000000e+02 1.777691999999999883e-01 2.661239700143477622e-03
1.410000000000000000e+02 1.773843999999999976e-01 2.679482700144461462e-03
1.420000000000000000e+02 1.769965000000000011e-01 2.697711300145444295e-03
1.430000000000000000e+02 1.766053999999999957e-01 2.715926400146425994e-03
1.440000000000000000e+02 1.762113999999999903e-01 2.734128000147407426e-03
1.450000000000000000e+02 1.758143000000000067e-01 2.752316100148387724e-03
1.460000000000000000e+02 1.754139999999999866e-01 2.770488900149368008e-03
1.470000000000000000e+02 1.750105999999999884e-01 2.788649100150347032e-03
1.480000000000000000e+02 1.746041999999999872e-01 2.806795800151324922e-03
1.490000000000000000e+02 1.741946000000000050e-01 2.824927200152302365e-03
1.500000000000000000e+02 1.737818999999999892e-01 2.843043300153279360e-03
1.510000000000000000e+02 1.733659999999999923e-01 2.861145000154255349e-03
1.520000000000000000e+02 1.729469999999999896e-01 2.879230500155230150e-03
1.530000000000000000e+02 1.725247000000000031e-01 2.897301600156204811e-03
1.540000000000000000e+02 1.720994000000000135e-01 2.915358300157178031e-03
1.550000000000000000e+02 1.716708999999999874e-01 2.933398800158150931e-03
1.560000000000000000e+02 1.712391000000000052e-01 2.951422200159122770e-03
1.570000000000000000e+02 1.708040999999999865e-01 2.969430300160093295e-03
1.580000000000000000e+02 1.703658999999999868e-01 2.987422200161063499e-03
1.590000000000000000e+02 1.699244000000000032e-01 3.005397900162032516e-03
1.600000000000000000e+02 1.694798000000000138e-01 3.023357400163000780e-03
1.610000000000000000e+02 1.690319000000000127e-01 3.041298900163968109e-03
1.620000000000000000e+02 1.685805999999999971e-01 3.059221500164934198e-03
1.630000000000000000e+02 1.681261000000000005e-01 3.077127000165899660e-03
1.640000000000000000e+02 1.676682999999999923e-01 3.095014500166864621e-03
1.650000000000000000e+02 1.672072000000000003e-01 3.112884900167827654e-03
1.660000000000000000e+02 1.667428999999999994e-01 3.130736400168789881e-03
1.670000000000000000e+02 1.662751000000000090e-01 3.148569900169751173e-03
1.680000000000000000e+02 1.658041000000000098e-01 3.166383600170711785e-03
1.690000000000000000e+02 1.653295999999999932e-01 3.184176600171670975e-03
1.700000000000000000e+02 1.648517999999999928e-01 3.201949800172629052e-03
1.710000000000000000e+02 1.643706000000000056e-01 3.219701400173586268e-03
1.720000000000000000e+02 1.638860000000000039e-01 3.237432300174542064e-03
1.730000000000000000e+02 1.633979999999999877e-01 3.255142500175497305e-03
1.740000000000000000e+02 1.629066000000000125e-01 3.272831100176450819e-03
1.750000000000000000e+02 1.624116999999999922e-01 3.290497200177403599e-03
1.760000000000000000e+02 1.619134000000000129e-01 3.308140800178354778e-03
1.770000000000000000e+02 1.614115999999999884e-01 3.325761000179304917e-03
1.780000000000000000e+02 1.609063000000000021e-01 3.343358700180253454e-03
1.790000000000000000e+02 1.603976000000000013e-01 3.360932100181200644e-03
1.800000000000000000e+02 1.598853000000000080e-01 3.378480300182146612e-03
1.810000000000000000e+02 1.593694999999999973e-01 3.396002400183091487e-03
1.820000000000000000e+02 1.588500999999999941e-01 3.413499300184034708e-03
1.830000000000000000e+02 1.583272000000000013e-01 3.430969200184976527e-03
1.840000000000000000e+02 1.578006999999999882e-01 3.448413000185917687e-03
1.850000000000000000e+02 1.572706000000000104e-01 3.465828900186856271e-03
1.860000000000000000e+02 1.567369000000000123e-01 3.483216000187793274e-03
1.870000000000000000e+02 1.561995999999999940e-01 3.500573400188729256e-03
1.880000000000000000e+02 1.556586000000000081e-01 3.517902000189664091e-03
1.890000000000000000e+02 1.551140000000000019e-01 3.535199100190596425e-03
1.900000000000000000e+02 1.545657000000000003e-01 3.552465600191526997e-03
1.910000000000000000e+02 1.540137000000000034e-01 3.569700600192456368e-03
1.920000000000000000e+02 1.534580000000000111e-01 3.586901400193383618e-03
1.930000000000000000e+02 1.528984999999999927e-01 3.604069800194309361e-03
1.940000000000000000e+02 1.523353000000000068e-01 3.621203100195232675e-03
1.950000000000000000e+02 1.517683999999999978e-01 3.638301300196154862e-03
1.960000000000000000e+02 1.511975999999999876e-01 3.655363500197074747e-03
1.970000000000000000e+02 1.506231000000000098e-01 3.672387900197992584e-03
1.980000000000000000e+02 1.500447000000000031e-01 3.689374500198908807e-03
1.990000000000000000e+02 1.494624999999999981e-01 3.706322400199822242e-03
2.000000000000000000e+02 1.488763999999999921e-01 3.723228000200733395e-03
2.010000000000000000e+02 1.482864999999999878e-01 3.740092200201643007e-03
2.020000000000000000e+02 1.476926000000000072e-01 3.756913200202550030e-03
2.030000000000000000e+02 1.470947999999999978e-01 3.773691900203454339e-03
2.040000000000000000e+02 1.464930999999999872e-01 3.790426500204356185e-03
2.050000000000000000e+02 1.458874000000000004e-01 3.807116100205256565e-03
2.060000000000000000e+02 1.452777000000000096e-01 3.823757100206153382e-03
2.070000000000000000e+02 1.446639999999999870e-01 3.840350400207048244e-03
2.080000000000000000e+02 1.440462999999999882e-01 3.856893300207939797e-03
2.090000000000000000e+02 1.434245000000000103e-01 3.873384000208829163e-03
2.100000000000000000e+02 1.427985999999999978e-01 3.889821600209715166e-03
2.110000000000000000e+02 1.421687000000000090e-01 3.906205200210598801e-03
2.120000000000000000e+02 1.415346000000000104e-01 3.922533000211479021e-03
2.130000000000000000e+02 1.408964000000000050e-01 3.938803200212356512e-03
2.140000000000000000e+02 1.402539999999999898e-01 3.955014900213230100e-03
2.150000000000000000e+02 1.396074999999999955e-01 3.971167200214100780e-03
2.160000000000000000e+02 1.389566999999999886e-01 3.987257400214968932e-03
2.170000000000000000e+02 1.383015999999999968e-01 4.003282800215832334e-03
2.180000000000000000e+02 1.376422999999999952e-01 4.019241600216692974e-03
2.190000000000000000e+02 1.369787000000000088e-01 4.035133800217549985e-03
2.200000000000000000e+02 1.363108000000000097e-01 4.050956700218402880e-03
2.210000000000000000e+02 1.356385999999999981e-01 4.066705800219251425e-03
2.220000000000000000e+02 1.349618999999999958e-01 4.082382000220097229e-03
2.230000000000000000e+02 1.342809000000000086e-01 4.097982600220938069e-03
2.240000000000000000e+02 1.335955000000000059e-01 4.113504000221774454e-03
2.250000000000000000e+02 1.329056000000000126e-01 4.128945300222607376e-03
2.260000000000000000e+02 1.322112000000000009e-01 4.144305600223435228e-03
2.270000000000000000e+02 1.315124000000000015e-01 4.159578600224258897e-03
2.280000000000000000e+02 1.308089000000000057e-01 4.174763400225077643e-03
2.290000000000000000e+02 1.301008999999999916e-01 4.189858200225891720e-03
2.300000000000000000e+02 1.293883999999999868e-01 4.204861200226700513e-03
2.310000000000000000e+02 1.286712000000000133e-01 4.219769700227504403e-03
2.320000000000000000e+02 1.279493999999999909e-01 4.234579200228302288e-03
2.330000000000000000e+02 1.272228999999999999e-01 4.249286100229095545e-03
2.340000000000000000e+02 1.264916000000000096e-01 4.263889500229882563e-03
2.350000000000000000e+02 1.257556999999999980e-01 4.278384900230663979e-03
2.360000000000000000e+02 1.250149000000000121e-01 4.292770500231440044e-03
2.370000000000000000e+02 1.242694000000000021e-01 4.307041800232208791e-03
2.380000000000000000e+02 1.235190000000000038e-01 4.321196100232972334e-03
2.390000000000000000e+02 1.227637000000000034e-01 4.335228000233728833e-03
2.400000000000000000e+02 1.220035000000000008e-01 4.349135700234478541e-03
2.410000000000000000e+02 1.212383999999999962e-01 4.362914700235221224e-03
2.420000000000000000e+02 1.204683000000000004e-01 4.376561400235957390e-03
2.430000000000000000e+02 1.196931999999999996e-01 4.390072200236685811e-03
2.440000000000000000e+02 1.189130000000000048e-01 4.403442600237406253e-03
2.450000000000000000e+02 1.181278000000000050e-01 4.416668100238119350e-03
2.460000000000000000e+02 1.173373999999999945e-01 4.429743300238824996e-03
2.470000000000000000e+02 1.165419000000000038e-01 4.442665500239520969e-03
2.480000000000000000e+02 1.157412000000000024e-01 4.455429300240208897e-03
2.490000000000000000e+02 1.149353000000000041e-01 4.468030200240888546e-03
2.500000000000000000e+02 1.141241999999999951e-01 4.480462800241558942e-03
2.510000000000000000e+02 1.133076999999999973e-01 4.492721700242219979e-03
2.520000000000000000e+02 1.124857999999999969e-01 4.504802400242871423e-03
2.530000000000000000e+02 1.116585999999999967e-01 4.516698600243512426e-03
2.540000000000000000e+02 1.108259999999999940e-01 4.528405800244143624e-03
2.550000000000000000e+02 1.099878999999999996e-01 4.539915900244764421e-03
2.560000000000000000e+02 1.091444000000000025e-01 4.551223500245373844e-03
2.570000000000000000e+02 1.082951999999999942e-01 4.562321400245972040e-03
2.580000000000000000e+02 1.074404999999999943e-01 4.573203300246559029e-03
2.590000000000000000e+02 1.065800999999999971e-01 4.583863800247133836e-03
2.600000000000000000e+02 1.057140000000000024e-01 4.594295700247695742e-03
2.610000000000000000e+02 1.048422999999999994e-01 4.604491800248245760e-03
2.620000000000000000e+02 1.039647999999999961e-01 4.614444900248782302e-03
2.630000000000000000e+02 1.030815000000000065e-01 4.624146000249305770e-03
2.640000000000000000e+02 1.021922999999999998e-01 4.633587000249814701e-03
2.650000000000000000e+02 1.012972000000000039e-01 4.642759800250309370e-03
2.660000000000000000e+02 1.003962000000000049e-01 4.651653600250788695e-03
2.670000000000000000e+02 9.948911000000000560e-02 4.660262100251252697e-03
2.680000000000000000e+02 9.857602000000000031e-02 4.668573600251700421e-03
2.690000000000000000e+02 9.765683999999999476e-02 4.676580000252133010e-03
2.700000000000000000e+02 9.673152000000000139e-02 4.684272300252547393e-03
2.710000000000000000e+02 9.580001000000000488e-02 4.691638800252944351e-03
2.720000000000000000e+02 9.486226000000000380e-02 4.698669600253323544e-03
2.730000000000000000e+02 9.391821000000000197e-02 4.705353000253683152e-03
2.740000000000000000e+02 9.296780999999999795e-02 4.711677300254024821e-03
2.750000000000000000e+02 9.201101999999999892e-02 4.717629900254345990e-03
2.760000000000000000e+02 9.104776000000000535e-02 4.723200000254645578e-03
2.770000000000000000e+02 9.007800000000000529e-02 4.728372300254924873e-03
2.780000000000000000e+02 8.910166999999999393e-02 4.733134200255182181e-03
2.790000000000000000e+02 8.811871999999999761e-02 4.737470400255415319e-03
2.800000000000000000e+02 8.712907999999999764e-02 4.741368300255625196e-03
2.810000000000000000e+02 8.613271000000000122e-02 4.744809900255810876e-03
2.820000000000000000e+02 8.512954999999999828e-02 4.747781700255970794e-03
2.830000000000000000e+02 8.411952999999999792e-02 4.750265700256105748e-03
2.840000000000000000e+02 8.310259000000000396e-02 4.752244800256212078e-03
2.850000000000000000e+02 8.207868999999999582e-02 4.753701000256289715e-03
2.860000000000000000e+02 8.104775000000000174e-02 4.754617200256339334e-03
2.870000000000000000e+02 8.000972000000000639e-02 4.754971800256358773e-03
2.880000000000000000e+02 7.896451999999999638e-02 4.754745000256346485e-03
2.890000000000000000e+02 7.791211000000000664e-02 4.753916100256301916e-03
2.900000000000000000e+02 7.685242000000000462e-02 4.752462600256223899e-03
2.910000000000000000e+02 7.578537000000000468e-02 4.750362000256110398e-03
2.920000000000000000e+02 7.471091000000000537e-02 4.747588200255960754e-03
2.930000000000000000e+02 7.362897000000000192e-02 4.744116000255773312e-03
2.940000000000000000e+02 7.253948000000000340e-02 4.739920200255547285e-03
2.950000000000000000e+02 7.144237000000000504e-02 4.734970200255280912e-03
2.960000000000000000e+02 7.033755999999999342e-02 4.729238100254972051e-03
2.970000000000000000e+02 6.922501000000000348e-02 4.722693300254618073e-03
2.980000000000000000e+02 6.810462999999999933e-02 4.715302500254220201e-03
2.990000000000000000e+02 6.697635999999999867e-02 4.707033300253774324e-03
3.000000000000000000e+02 6.584012999999999671e-02 4.697849700253279442e-03
3.010000000000000000e+02 6.469585999999999393e-02 4.687714800252732947e-03
3.020000000000000000e+02 6.354350000000000276e-02 4.676589900252133350e-03
3.030000000000000000e+02 6.238296000000000119e-02 4.664431800251477196e-03
3.040000000000000000e+02 6.121417999999999998e-02 4.651199100250764246e-03
3.050000000000000000e+02 6.003707999999999961e-02 4.636844100249989942e-03
3.060000000000000000e+02 5.885159000000000223e-02 4.621318200249153324e-03
3.070000000000000000e+02 5.765764000000000306e-02 4.604569200248250470e-03
3.080000000000000000e+02 5.645515999999999729e-02 4.586542200247278704e-03
3.090000000000000000e+02 5.524405999999999761e-02 4.567178700246234124e-03
3.100000000000000000e+02 5.402428000000000091e-02 4.546416600245115069e-03
3.110000000000000000e+02 5.279575000000000240e-02 4.524190200243916916e-03
3.120000000000000000e+02 5.155839999999999729e-02 4.500429300242635676e-03
3.130000000000000000e+02 5.031217999999999801e-02 4.475060100241267866e-03
3.140000000000000000e+02 4.905700000000000338e-02 4.448005200239809644e-03
3.150000000000000000e+02 4.779283000000000142e-02 4.419178200238254965e-03
3.160000000000000000e+02 4.651958999999999955e-02 4.388490000236600769e-03
3.170000000000000000e+02 4.523723999999999801e-02 4.355842500234840056e-03
3.180000000000000000e+02 4.394570999999999894e-02 4.321129500232968705e-03
3.190000000000000000e+02 4.264496000000000259e-02 4.284237600230980138e-03
3.200000000000000000e+02 4.133494000000000057e-02 4.245043500228866569e-03
3.210000000000000000e+02 4.001561000000000007e-02 4.203413100226622602e-03
3.220000000000000000e+02 3.868694999999999773e-02 4.159202400224238164e-03
3.230000000000000000e+02 3.734893999999999714e-02 4.112252100221707070e-03
3.240000000000000000e+02 3.600157999999999830e-02 4.062392100219019454e-03
3.250000000000000000e+02 3.464488999999999763e-02 4.009433400216163776e-03
3.260000000000000000e+02 3.327890000000000015e-02 3.953171700213130649e-03
3.270000000000000000e+02 3.190367000000000203e-02 3.893380200209907351e-03
3.280000000000000000e+02 3.051929000000000100e-02 3.829808700206479687e-03
3.290000000000000000e+02 2.912585999999999994e-02 3.762183600202833721e-03
3.300000000000000000e+02 2.772354000000000138e-02 3.690192600198952729e-03
3.310000000000000000e+02 2.631253000000000064e-02 3.613487400194816818e-03
3.320000000000000000e+02 2.489304000000000169e-02 3.531658500190405607e-03
3.330000000000000000e+02 2.346538000000000096e-02 3.444219900185691713e-03
3.340000000000000000e+02 2.202988999999999989e-02 3.350568600180642113e-03
3.350000000000000000e+02 2.058698000000000125e-02 3.249938700175216810e-03
3.360000000000000000e+02 1.913721999999999993e-02 3.141341100169362140e-03
3.370000000000000000e+02 1.768139000000000169e-02 3.023496900163008452e-03
3.380000000000000000e+02 1.622070999999999930e-02 2.894799600156070223e-03
3.390000000000000000e+02 1.475726999999999942e-02 2.753325000148442499e-03
3.400000000000000000e+02 1.329456000000000040e-02 2.596950000140011480e-03
3.410000000000000000e+02 1.183832999999999934e-02 2.423643300130668213e-03
3.420000000000000000e+02 1.039759999999999990e-02 2.231946000120332840e-03
3.430000000000000000e+02 8.985560999999999549e-03 2.021641200108994282e-03
3.440000000000000000e+02 7.620141999999999888e-03 1.794495600096748019e-03
3.450000000000000000e+02 6.323592000000000275e-03 1.554846300083827714e-03
3.460000000000000000e+02 5.120796000000000375e-03 1.309749300070613565e-03
3.470000000000000000e+02 4.036200000000000204e-03 1.068446700057604139e-03
3.480000000000000000e+02 3.089890999999999992e-03 8.411009400453469103e-04
3.490000000000000000e+02 2.293911999999999948e-03 6.370668000343467563e-04
3.500000000000000000e+02 1.650028999999999905e-03 4.632108300249734812e-04
3.510000000000000000e+02 1.149719999999999909e-03 3.228319800174051044e-04
3.520000000000000000e+02 7.762957000000000017e-04 2.155023900116185523e-04
3.530000000000000000e+02 5.083073999999999709e-04 1.377756000074280209e-04
3.540000000000000000e+02 3.230924000000000035e-04 8.440093800455038047e-05
3.550000000000000000e+02 1.995757999999999875e-04 4.958728200267344214e-05
3.560000000000000000e+02 1.199349000000000026e-04 2.797436700150820731e-05
3.570000000000000000e+02 7.019088999999999840e-05 1.517432400081810545e-05
3.580000000000000000e+02 4.004122000000000014e-05 7.925757300427307899e-06
3.590000000000000000e+02 2.228279999999999950e-05 3.991882500215217835e-06
3.600000000000000000e+02 1.210508999999999967e-05 1.941428700104670069e-06
3.610000000000000000e+02 6.423379999999999646e-06 9.129312000492196767e-07
3.620000000000000000e+02 3.331100999999999991e-06 4.155766200224053326e-07
3.630000000000000000e+02 1.689068000000000021e-06 1.833331500098841923e-07
3.640000000000000000e+02 8.377788000000000162e-07 7.845928200423004801e-08
3.650000000000000000e+02 4.066358000000000048e-07 3.260293200175774789e-08
3.660000000000000000e+02 1.932119000000000044e-07 1.316546100070980085e-08
3.670000000000000000e+02 8.990020999999999845e-08 5.170203000278745306e-09
3.680000000000000000e+02 4.097525999999999815e-08 1.975901400106528251e-09
3.690000000000000000e+02 1.829966999999999912e-08 7.353207900396439789e-10
3.700000000000000000e+02 8.010181000000000052e-09 2.666163600143743035e-10
3.710000000000000000e+02 3.437385999999999818e-09 9.423630000508063283e-11
3.720000000000000000e+02 1.446448000000000091e-09 3.248446500175136709e-11
3.730000000000000000e+02 5.969806000000000261e-10 1.092565800058904365e-11
3.740000000000000000e+02 2.417070000000000112e-10 3.586797900193378130e-12
3.750000000000000000e+02 9.602236000000000041e-11 1.149777900061989042e-12
3.760000000000000000e+02 3.743583999999999813e-11 3.600115200194096404e-13
3.770000000000000000e+02 1.432544000000000000e-11 1.101416400059381595e-13
3.780000000000000000e+02 5.381493000000000039e-12 3.293415000177560809e-14
3.790000000000000000e+02 1.984895000000000096e-12 9.627624000519061906e-15
3.800000000000000000e+02 7.189100999999999701e-13 2.752198200148381543e-15
3.810000000000000000e+02 2.557248999999999962e-13 7.695375300414886879e-16
3.820000000000000000e+02 8.934897000000000162e-14 2.105060400113491850e-16
3.830000000000000000e+02 3.066746999999999817e-14 5.634721800303789006e-17
3.840000000000000000e+02 1.034164999999999953e-14 1.476167400079585991e-17
3.850000000000000000e+02 3.426685000000000184e-15 3.785566500204094156e-18
3.860000000000000000e+02 1.115778999999999942e-15 9.504495000512425147e-19
3.870000000000000000e+02 3.570650000000000148e-16 2.336667300125978423e-19
3.880000000000000000e+02 1.123113999999999893e-16 5.625942300303316579e-20
3.890000000000000000e+02 3.472557000000000188e-17 1.326726900071528961e-20
3.900000000000000000e+02 1.055510999999999991e-17 3.064841100165237697e-21
3.910000000000000000e+02 3.154291999999999902e-18 6.936234300373959435e-22
3.920000000000000000e+02 9.268339000000000815e-19 1.538060400082922835e-22
3.930000000000000000e+02 2.677917000000000000e-19 3.341938500180177108e-23
3.940000000000000000e+02 7.608858999999999997e-20 7.116008400383651258e-24
3.950000000000000000e+02 2.126179999999999977e-20 1.484983800080061086e-24
3.960000000000000000e+02 5.843430000000000031e-21 3.037284900163751557e-25
3.970000000000000000e+02 1.579611999999999976e-21 6.089136300328288472e-26
3.980000000000000000e+02 4.200238000000000206e-22 1.196622900064514597e-26
3.990000000000000000e+02 1.098659000000000084e-22 2.305222200124283567e-27
4.000000000000000000e+02 2.827098999999999973e-23 4.353525900234715484e-28
4.010000000000000000e+02 7.156976000000000057e-24 8.060444100434570008e-29
4.020000000000000000e+02 1.782580999999999906e-24 1.463121000078882505e-29
4.030000000000000000e+02 4.368370999999999995e-25 2.603851200140383563e-30
4.040000000000000000e+02 1.053314000000000087e-25 4.543344000244949361e-31
4.050000000000000000e+02 2.499084000000000009e-26 7.772571900419049121e-32
4.060000000000000000e+02 5.834506000000000004e-27 1.303729200070289215e-32
4.070000000000000000e+02 1.340422000000000048e-27 2.144097900115596482e-33
4.080000000000000000e+02 3.030440999999999994e-28 3.457290600186395789e-34
4.090000000000000000e+02 6.742311999999999876e-29 5.465845800294685232e-35
4.100000000000000000e+02 1.476253999999999931e-29 8.472342600456777020e-36
4.110000000000000000e+02 3.181060000000000183e-30 1.287556200069416988e-36
4.120000000000000000e+02 6.746046999999999974e-31 1.918381500103427350e-37
4.130000000000000000e+02 1.407992999999999950e-31 2.802187800151076984e-38
4.140000000000000000e+02 2.892221000000000158e-32 4.012711200216340649e-39
4.150000000000000000e+02 5.847185000000000288e-33 5.632999200303697134e-40
4.160000000000000000e+02 1.163456999999999954e-33 7.751448900417910563e-41
4.170000000000000000e+02 2.278478000000000158e-34 1.045551600056369727e-41
4.180000000000000000e+02 4.391687999999999829e-35 1.382303700074525198e-42
4.190000000000000000e+02 8.331264999999999747e-36 1.791142200096567300e-43
4.200000000000000000e+02 1.555545000000000023e-36 2.274552900122630066e-44
4.210000000000000000e+02 2.858542999999999860e-37 2.830545000152605990e-45
4.220000000000000000e+02 5.170046999999999677e-38 3.451581900186087761e-46
4.230000000000000000e+02 9.202973000000000141e-39 4.123862100222333311e-47
4.240000000000000000e+02 1.612280999999999899e-39 4.827131100260248823e-48
4.250000000000000000e+02 2.779883000000000185e-40 5.535175500298423473e-49
4.260000000000000000e+02 4.717134999999999623e-41 6.217089300335187542e-50
4.270000000000000000e+02 7.877493000000000317e-42 6.839266500368730507e-51
4.280000000000000000e+02 1.294633000000000051e-42 7.367991300397237069e-52
4.290000000000000000e+02 2.093840999999999914e-43 7.772373000419039417e-53
4.300000000000000000e+02 3.332483000000000068e-44 8.027271000432780355e-54
4.310000000000000000e+02 5.219239999999999748e-45 8.115849000437557326e-55
4.320000000000000000e+02 8.043553999999999523e-46 8.031388500433004227e-56
4.330000000000000000e+02 1.219762999999999997e-46 7.778102400419347771e-57
4.340000000000000000e+02 1.820011999999999969e-47 7.370816400397388621e-58
4.350000000000000000e+02 2.671943999999999965e-48 6.833538900368422092e-59
4.360000000000000000e+02 3.859375000000000262e-49 6.197115600334110486e-60
4.370000000000000000e+02 5.484333999999999906e-50 5.496291000296326037e-61
4.380000000000000000e+02 7.667041999999999717e-51 4.766552100256982930e-62
4.390000000000000000e+02 1.054405000000000061e-51 4.041180900217875733e-63
4.400000000000000000e+02 1.426396999999999957e-52 3.348823500180547964e-64
4.410000000000000000e+02 1.898027999999999970e-53 2.711830500146205391e-65
4.420000000000000000e+02 2.484098999999999897e-54 2.145465900115670400e-66
4.430000000000000000e+02 3.197519999999999852e-55 1.657932300089385444e-67
4.440000000000000000e+02 4.047697000000000048e-56 1.251098100067451530e-68
4.450000000000000000e+02 5.038767999999999971e-57 9.216864000496917080e-70
4.460000000000000000e+02 6.167826999999999782e-58 6.627120300357294034e-71
4.470000000000000000e+02 7.423347999999999607e-59 4.649368500250665734e-72
4.480000000000000000e+02 8.784044999999999552e-60 3.181720500171538592e-73
4.490000000000000000e+02 1.021837999999999978e-60 2.123218800114471053e-74
4.500000000000000000e+02 1.168494000000000082e-61 1.381183200074464928e-75
4.510000000000000000e+02 1.313380999999999939e-62 8.755569000472045844e-77
4.520000000000000000e+02 1.450896000000000055e-63 5.406789600291500923e-78
4.530000000000000000e+02 1.575153000000000095e-64 3.251282400175289143e-79
4.540000000000000000e+02 1.680382999999999926e-65 1.903094100102603224e-80
4.550000000000000000e+02 1.761365000000000022e-66 1.083871800058435763e-81
4.560000000000000000e+02 1.813848999999999892e-67 6.003716400323684185e-83
4.570000000000000000e+02 1.834918000000000033e-68 3.232888200174297434e-84
4.580000000000000000e+02 1.823254999999999919e-69 1.691541000091197467e-85
4.590000000000000000e+02 1.779274000000000004e-70 8.595638100463424753e-87
4.600000000000000000e+02 1.705103999999999914e-71 4.239827100228585843e-88
4.610000000000000000e+02 1.604416000000000010e-72 2.028855600109383397e-89
4.620000000000000000e+02 1.482125999999999939e-73 9.413082000507496786e-91
4.630000000000000000e+02 1.343992999999999922e-74 4.231761300228150810e-92
4.640000000000000000e+02 1.196169000000000055e-75 1.842189300099319514e-93
4.650000000000000000e+02 1.044740999999999931e-76 7.760139300418378621e-95
4.660000000000000000e+02 8.953243999999999686e-78 3.160876500170415276e-96
4.670000000000000000e+02 7.527329000000000145e-79 1.243967400067066959e-97
4.680000000000000000e+02 6.207549000000000065e-80 4.726208700254807932e-99
4.690000000000000000e+02 5.020489000000000029e-81 1.731951000093376345e-100
4.700000000000000000e+02 3.981470999999999749e-82 6.116001300329736474e-102
4.710000000000000000e+02 3.095529999999999953e-83 2.079079200112090933e-103
4.720000000000000000e+02 2.359063999999999889e-84 6.796378800366418414e-105
4.730000000000000000e+02 1.761872000000000098e-85 2.133952200115049477e-106
4.740000000000000000e+02 1.289294999999999964e-86 6.427647900346538816e-108
4.750000000000000000e+02 9.242373000000000520e-88 1.854801000099999545e-109
4.760000000000000000e+02 6.488953999999999958e-89 5.120252100276052522e-111
4.770000000000000000e+02 4.460968000000000292e-90 1.350056700072786719e-112
4.780000000000000000e+02 3.002245000000000111e-91 3.394202400182994143e-114
4.790000000000000000e+02 1.977523000000000082e-92 8.121574800437865673e-116
4.800000000000000000e+02 1.274520000000000032e-93 1.845755100099511894e-117
4.810000000000000000e+02 8.035422000000000301e-95 3.975264900214321965e-119
4.820000000000000000e+02 4.954395000000000064e-96 8.093601900436356991e-121
4.830000000000000000e+02 2.986555000000000196e-97 1.553491800083754789e-122
4.840000000000000000e+02 1.759629999999999882e-98 2.802447900151090768e-124
4.850000000000000000e+02 1.013003999999999974e-99 4.735152900255290628e-126
4.860000000000000000e+02 5.696425000000000095e-101 7.464674700402448745e-128
4.870000000000000000e+02 3.127891000000000185e-102 1.093063500058931212e-129
4.880000000000000000e+02 1.676522000000000123e-103 1.479203100079749536e-131
4.890000000000000000e+02 8.768384999999999236e-105 1.839043800099150028e-133
4.900000000000000000e+02 4.473212000000000369e-106 2.086044300112466645e-135
4.910000000000000000e+02 2.225045999999999873e-107 2.141062200115432887e-137
4.920000000000000000e+02 1.078699000000000002e-108 1.968590700106134562e-139
4.930000000000000000e+02 5.094680000000000263e-110 1.601468100086341468e-141
4.940000000000000000e+02 2.343119000000000176e-111 1.134720900061177211e-143
4.950000000000000000e+02 1.048887000000000023e-112 6.859998000369849696e-146
4.960000000000000000e+02 4.567778000000000196e-114 3.440322000185481362e-148
4.970000000000000000e+02 1.934189999999999948e-115 1.374030000074079211e-150
4.980000000000000000e+02 7.959296999999999784e-117 4.097292300220900912e-153
4.990000000000000000e+02 3.181143000000000068e-118 8.108847900437179093e-156
5.000000000000000000e+02 1.234194999999999936e-119 7.988299200430679886e-159
5.010000000000000000e+02 4.813926000000000074e-121 0.000000000000000000e+00
