1.000000000000000000e+00 7.579017999999999589e-01 9.057146745597044428e-06
2.000000000000000000e+00 7.655941000000000551e-01 8.192893404731998406e-06
3.000000000000000000e+00 7.766138999999999681e-01 9.350506748153591643e-06
4.000000000000000000e+00 7.625562000000000173e-01 1.635047347582291454e-05
5.000000000000000000e+00 7.555209999999999981e-01 2.442668687953808001e-05
6.000000000000000000e+00 7.583305999999999658e-01 2.658416689833988333e-05
7.000000000000000000e+00 7.654520999999999686e-01 2.454788021392757748e-05
8.000000000000000000e+00 7.721337999999999813e-01 2.623412022862266430e-05
9.000000000000000000e+00 7.609015999999999558e-01 3.808282699854733972e-05
1.000000000000000000e+01 7.566161000000000136e-01 4.883080709221283058e-05
1.100000000000000000e+01 7.595931000000000211e-01 4.883608042559212125e-05
1.200000000000000000e+01 7.652389000000000552e-01 4.331768704416760952e-05
1.300000000000000000e+01 7.701472999999999791e-01 4.399929371677428080e-05
1.400000000000000000e+01 7.604693999999999621e-01 5.838999384218500756e-05
1.500000000000000000e+01 7.573307000000000233e-01 7.019806727842223466e-05
1.600000000000000000e+01 7.601687000000000305e-01 6.867300059846506884e-05
1.700000000000000000e+01 7.648814000000000446e-01 6.137106720149751926e-05
1.800000000000000000e+01 7.687361000000000333e-01 6.220631387544311324e-05
1.900000000000000000e+01 7.601542000000000021e-01 7.919080069012460080e-05
2.000000000000000000e+01 7.577612000000000236e-01 9.192913413446878444e-05
2.100000000000000000e+01 7.604440000000000088e-01 8.915433411028720072e-05
2.200000000000000000e+01 7.644828999999999652e-01 8.048820070143106642e-05
2.300000000000000000e+01 7.676224000000000380e-01 8.161000071120722932e-05
2.400000000000000000e+01 7.598882000000000136e-01 1.008162675452508786e-04
2.500000000000000000e+01 7.580225000000000435e-01 1.141194676611843509e-04
2.600000000000000000e+01 7.605448999999999682e-01 1.101282009597349910e-04
2.700000000000000000e+01 7.640639999999999654e-01 1.002972008740606903e-04
2.800000000000000000e+01 7.666821999999999804e-01 1.016994675529477097e-04
2.900000000000000000e+01 7.596323999999999854e-01 1.227166010694391845e-04
3.000000000000000000e+01 7.581552999999999765e-01 1.362862678543615234e-04
3.100000000000000000e+01 7.605203000000000380e-01 1.311762011431621229e-04
3.200000000000000000e+01 7.636237000000000164e-01 1.204085343826584068e-04
3.300000000000000000e+01 7.658437000000000161e-01 1.221160010642051419e-04
3.400000000000000000e+01 7.593630999999999576e-01 1.446156679269497891e-04
3.500000000000000000e+01 7.581814000000000053e-01 1.582564013791581384e-04
3.600000000000000000e+01 7.603965000000000307e-01 1.521582679926813530e-04
3.700000000000000000e+01 7.631592999999999849e-01 1.406665345592009251e-04
3.800000000000000000e+01 7.650641000000000247e-01 1.427074679103204082e-04
3.900000000000000000e+01 7.590668000000000415e-01 1.664302681170576532e-04
4.000000000000000000e+01 7.581151000000000417e-01 1.800156682354504302e-04
4.100000000000000000e+01 7.601894000000000151e-01 1.730604015081706507e-04
4.200000000000000000e+01 7.626680000000000126e-01 1.610228014032665065e-04
4.300000000000000000e+01 7.643166999999999600e-01 1.634186014241451859e-04
4.400000000000000000e+01 7.587363999999999775e-01 1.881582016397435680e-04
4.500000000000000000e+01 7.579666999999999932e-01 2.016070017569459032e-04
4.600000000000000000e+01 7.599097999999999686e-01 1.939142016899054186e-04
4.700000000000000000e+01 7.621472999999999720e-01 1.814747349148324311e-04
4.800000000000000000e+01 7.635834000000000232e-01 1.842387349389198960e-04
4.900000000000000000e+01 7.583674999999999722e-01 2.098294018286016966e-04
5.000000000000000000e+01 7.577435000000000143e-01 2.230898686108294675e-04
5.100000000000000000e+01 7.595644000000000284e-01 2.147642685382742647e-04
5.200000000000000000e+01 7.615950000000000220e-01 2.020380684273691914e-04
5.300000000000000000e+01 7.628513000000000099e-01 2.051770017880574315e-04
5.400000000000000000e+01 7.579569999999999919e-01 2.314837353506462257e-04
5.500000000000000000e+01 7.574509000000000380e-01 2.445232687976152592e-04
5.600000000000000000e+01 7.591584000000000110e-01 2.356545353869935182e-04
5.700000000000000000e+01 7.610092999999999996e-01 2.227327352743838128e-04
5.800000000000000000e+01 7.621109000000000355e-01 2.262477353050160167e-04
5.900000000000000000e+01 7.575026000000000259e-01 2.531584022062012508e-04
6.000000000000000000e+01 7.570923000000000513e-01 2.659564023177320526e-04
6.100000000000000000e+01 7.586943999999999910e-01 2.566214022363802797e-04
6.200000000000000000e+01 7.603879999999999528e-01 2.435772021227038846e-04
6.300000000000000000e+01 7.613550999999999513e-01 2.474668021566005889e-04
6.400000000000000000e+01 7.570031000000000398e-01 2.748882690622373218e-04
6.500000000000000000e+01 7.566711999999999883e-01 2.874329358382270703e-04
6.600000000000000000e+01 7.581754000000000548e-01 2.776975357533859176e-04
6.700000000000000000e+01 7.597298999999999580e-01 2.645898023058225511e-04
6.800000000000000000e+01 7.605783999999999878e-01 2.688501356762834161e-04
6.900000000000000000e+01 7.564575999999999523e-01 2.967030025856796580e-04
7.000000000000000000e+01 7.561898000000000231e-01 3.089876693594036127e-04
7.100000000000000000e+01 7.576028000000000207e-01 2.989076692715593453e-04
7.200000000000000000e+01 7.590333999999999692e-01 2.857840691571910145e-04
7.300000000000000000e+01 7.597762000000000127e-01 2.904099358641707633e-04
7.400000000000000000e+01 7.558646999999999450e-01 3.186258027767304595e-04
7.500000000000000000e+01 7.556494000000000266e-01 3.306474028814951403e-04
7.600000000000000000e+01 7.569774000000000225e-01 3.202712027910696460e-04
7.700000000000000000e+01 7.582969000000000515e-01 3.071714693435759571e-04
7.800000000000000000e+01 7.589445999999999692e-01 3.121574693870274829e-04
7.900000000000000000e+01 7.552237000000000533e-01 3.406778029689071360e-04
8.000000000000000000e+01 7.550514000000000392e-01 3.524363364047126512e-04
8.100000000000000000e+01 7.563001000000000307e-01 3.418061363120735536e-04
8.200000000000000000e+01 7.575193000000000065e-01 3.287639361984146728e-04
8.300000000000000000e+01 7.580808999999999465e-01 3.341054029116306140e-04
8.400000000000000000e+01 7.545342999999999911e-01 3.628796698290565666e-04
8.500000000000000000e+01 7.543969000000000369e-01 3.743770032625857959e-04
8.600000000000000000e+01 7.555714999999999515e-01 3.635298031680556314e-04
8.700000000000000000e+01 7.566994999999999694e-01 3.505736030551461499e-04
8.800000000000000000e+01 7.571822999999999748e-01 3.562658697714192533e-04
8.900000000000000000e+01 7.537954999999999517e-01 3.852498033573390911e-04
9.000000000000000000e+01 7.536863999999999786e-01 3.964889367886181566e-04
9.100000000000000000e+01 7.547914000000000012e-01 3.854570700258119916e-04
9.200000000000000000e+01 7.558361000000000107e-01 3.726115365805336005e-04
9.300000000000000000e+01 7.562463000000000379e-01 3.786507366331634994e-04
9.400000000000000000e+01 7.530067000000000288e-01 4.078058702205753037e-04
9.500000000000000000e+01 7.529202999999999868e-01 4.187910036496407659e-04
9.600000000000000000e+01 7.539599000000000162e-01 4.076034702188113508e-04
9.700000000000000000e+01 7.549280999999999908e-01 3.948905367746885628e-04
9.800000000000000000e+01 7.552710999999999730e-01 4.012740701636525239e-04
9.900000000000000000e+01 7.521672999999999831e-01 4.305668704189306276e-04
1.000000000000000000e+02 7.520987000000000089e-01 4.413029371791590632e-04
1.010000000000000000e+02 7.530767999999999907e-01 4.299852037471949755e-04
1.020000000000000000e+02 7.539742999999999862e-01 4.174244703043985139e-04
1.030000000000000000e+02 7.542545999999999973e-01 4.241504036963463539e-04
1.040000000000000000e+02 7.512765999999999611e-01 4.535514706192347260e-04
1.050000000000000000e+02 7.512218000000000506e-01 4.640439373773401661e-04
1.060000000000000000e+02 7.521417999999999715e-01 4.526197372777816569e-04
1.070000000000000000e+02 7.529736999999999680e-01 4.402294705031374166e-04
1.080000000000000000e+02 7.531953000000000120e-01 4.472976038980674409e-04
1.090000000000000000e+02 7.503341000000000038e-01 4.767817374883463939e-04
1.100000000000000000e+02 7.502895000000000536e-01 4.870366042443812458e-04
1.110000000000000000e+02 7.511546000000000056e-01 4.755266708107421187e-04
1.120000000000000000e+02 7.519253000000000187e-01 4.633230707043913660e-04
1.130000000000000000e+02 7.520913999999999655e-01 4.707331374356345764e-04
1.140000000000000000e+02 7.493387000000000242e-01 5.002774043597709623e-04
1.150000000000000000e+02 7.493012999999999479e-01 5.103001377804493657e-04
1.160000000000000000e+02 7.501143999999999590e-01 4.987232710128937287e-04
1.170000000000000000e+02 7.508276999999999868e-01 4.867216709083032689e-04
1.180000000000000000e+02 7.509413000000000338e-01 4.944748709758701576e-04
1.190000000000000000e+02 7.482896999999999466e-01 5.240596045670257866e-04
1.200000000000000000e+02 7.482569000000000026e-01 5.338566046524037545e-04
1.210000000000000000e+02 7.490204999999999780e-01 5.222307378844210377e-04
1.220000000000000000e+02 7.496798999999999547e-01 5.104466711150596955e-04
1.230000000000000000e+02 7.497435999999999545e-01 5.185458045189745820e-04
1.240000000000000000e+02 7.471866000000000341e-01 5.481544714436721024e-04
1.250000000000000000e+02 7.471560000000000423e-01 5.577321381938053768e-04
1.260000000000000000e+02 7.478725999999999985e-01 5.460735380922040420e-04
1.270000000000000000e+02 7.484807999999999462e-01 5.345210046581937938e-04
1.280000000000000000e+02 7.484967999999999622e-01 5.429689380651484638e-04
1.290000000000000000e+02 7.460280999999999718e-01 5.725860049899191050e-04
1.300000000000000000e+02 7.459978000000000442e-01 5.819500717381909322e-04
1.310000000000000000e+02 7.466694000000000386e-01 5.702735383031000589e-04
1.320000000000000000e+02 7.472290000000000321e-01 5.589666048712299681e-04
1.330000000000000000e+02 7.471991999999999523e-01 5.677673382812591790e-04
1.340000000000000000e+02 7.448133000000000115e-01 5.973796718726552633e-04
1.350000000000000000e+02 7.447814999999999852e-01 6.065360719524506925e-04
1.360000000000000000e+02 7.454100000000000170e-01 5.948558051839939517e-04
1.370000000000000000e+02 7.459232000000000085e-01 5.838082050877173215e-04
1.380000000000000000e+02 7.458493999999999957e-01 5.929667385008645202e-04
1.390000000000000000e+02 7.435412000000000132e-01 6.225627387587850557e-04
1.400000000000000000e+02 7.435062000000000060e-01 6.315176055034907223e-04
1.410000000000000000e+02 7.440934999999999633e-01 6.198473387351210919e-04
1.420000000000000000e+02 7.445623000000000102e-01 6.090737386412323944e-04
1.430000000000000000e+02 7.444460000000000521e-01 6.185962720575517368e-04
1.440000000000000000e+02 7.422107000000000010e-01 6.481662056485783946e-04
1.450000000000000000e+02 7.421712999999999782e-01 6.569255390582467600e-04
1.460000000000000000e+02 7.427188000000000123e-01 6.452782056234103317e-04
1.470000000000000000e+02 7.431448000000000498e-01 6.347924721986969356e-04
1.480000000000000000e+02 7.429871999999999588e-01 6.446852722849097730e-04
1.490000000000000000e+02 7.408206000000000513e-01 6.742200058756296329e-04
1.500000000000000000e+02 7.407753000000000254e-01 6.827886726169697532e-04
1.510000000000000000e+02 7.412843999999999545e-01 6.711766725157746220e-04
1.520000000000000000e+02 7.416690999999999701e-01 6.609932724270291965e-04
1.530000000000000000e+02 7.414714000000000027e-01 6.712640058498689586e-04
1.540000000000000000e+02 7.393693000000000071e-01 7.007553394402107026e-04
1.550000000000000000e+02 7.393172000000000077e-01 7.091393395132747140e-04
1.560000000000000000e+02 7.397892000000000357e-01 6.975753394124978649e-04
1.570000000000000000e+02 7.401337000000000055e-01 6.877093393265185962e-04
1.580000000000000000e+02 7.398970000000000269e-01 6.983653394193824106e-04
1.590000000000000000e+02 7.378557999999999506e-01 7.278073396759608812e-04
1.600000000000000000e+02 7.377957000000000543e-01 7.360126730808012451e-04
1.610000000000000000e+02 7.382317000000000462e-01 7.245080063138748883e-04
1.620000000000000000e+02 7.385369999999999990e-01 7.149753395641338279e-04
1.630000000000000000e+02 7.382621999999999796e-01 7.260266729937762172e-04
1.640000000000000000e+02 7.362783999999999995e-01 7.554126732498665656e-04
1.650000000000000000e+02 7.362094000000000138e-01 7.634440066531906436e-04
1.660000000000000000e+02 7.366101999999999927e-01 7.520113398868916556e-04
1.670000000000000000e+02 7.368772999999999573e-01 7.428273398068557711e-04
1.680000000000000000e+02 7.365650000000000253e-01 7.542833399066914586e-04
1.690000000000000000e+02 7.346352999999999911e-01 7.836066734955690529e-04
1.700000000000000000e+02 7.345564999999999456e-01 7.914693402307565939e-04
1.710000000000000000e+02 7.349231000000000513e-01 7.801213401318620681e-04
1.720000000000000000e+02 7.351526000000000449e-01 7.713040067216882017e-04
1.730000000000000000e+02 7.348036000000000012e-01 7.831746734918042978e-04
1.740000000000000000e+02 7.329250999999999960e-01 8.124320070801066595e-04
1.750000000000000000e+02 7.328356000000000314e-01 8.201313404805375207e-04
1.760000000000000000e+02 7.331687000000000065e-01 8.088813403824970461e-04
1.770000000000000000e+02 7.333612000000000464e-01 8.004486736423421485e-04
1.780000000000000000e+02 7.329759999999999609e-01 8.127446737494981510e-04
1.790000000000000000e+02 7.311457999999999569e-01 8.419313406705180268e-04
1.800000000000000000e+02 7.310448999999999975e-01 8.494720074028994615e-04
1.810000000000000000e+02 7.313448999999999645e-01 8.383320073058176357e-04
1.820000000000000000e+02 7.315007000000000037e-01 8.303020072358384407e-04
1.830000000000000000e+02 7.310797999999999464e-01 8.430353406801391640e-04
1.840000000000000000e+02 7.292952000000000323e-01 8.721460076004966967e-04
1.850000000000000000e+02 7.291821000000000552e-01 8.795326743315360664e-04
1.860000000000000000e+02 7.294496000000000313e-01 8.685173409022072530e-04
1.870000000000000000e+02 7.295690000000000230e-01 8.609106741692508025e-04
1.880000000000000000e+02 7.291130000000000111e-01 8.740940076174729062e-04
1.890000000000000000e+02 7.273714999999999486e-01 9.031260078704783298e-04
1.900000000000000000e+02 7.272454000000000418e-01 9.103653412669002664e-04
1.910000000000000000e+02 7.274808000000000385e-01 8.994893411721192628e-04
1.920000000000000000e+02 7.275639999999999885e-01 8.923273411097044439e-04
1.930000000000000000e+02 7.270731000000000277e-01 9.059726745619529594e-04
1.940000000000000000e+02 7.253722000000000225e-01 9.349220081475710827e-04
1.950000000000000000e+02 7.252324999999999466e-01 9.420186748760831646e-04
1.960000000000000000e+02 7.254359000000000224e-01 9.312966747826441176e-04
1.970000000000000000e+02 7.254829000000000416e-01 9.246020080576354593e-04
1.980000000000000000e+02 7.249573000000000267e-01 9.387220081806869378e-04
1.990000000000000000e+02 7.232948000000000155e-01 9.675860084322283200e-04
2.000000000000000000e+02 7.231406999999999696e-01 9.745446751595376921e-04
2.010000000000000000e+02 7.233123999999999665e-01 9.639946750675975522e-04
2.020000000000000000e+02 7.233230999999999966e-01 9.577900083468590415e-04
2.030000000000000000e+02 7.227630999999999917e-01 9.724000084741808844e-04
2.040000000000000000e+02 7.211368999999999696e-01 1.001175342058282722e-03
2.050000000000000000e+02 7.209676000000000418e-01 1.008002008784441954e-03
2.060000000000000000e+02 7.211075000000000124e-01 9.976406753608125719e-04
2.070000000000000000e+02 7.210817000000000476e-01 9.919526753112432784e-04
2.080000000000000000e+02 7.204874999999999474e-01 1.007065342109612471e-03
2.090000000000000000e+02 7.188953999999999622e-01 1.035748675692912610e-03
2.100000000000000000e+02 7.187103000000000241e-01 1.042450009084646117e-03
2.110000000000000000e+02 7.188183999999999685e-01 1.032296675662829543e-03
2.120000000000000000e+02 7.187557999999999447e-01 1.027152008951328537e-03
2.130000000000000000e+02 7.181275000000000297e-01 1.042784009087556821e-03
2.140000000000000000e+02 7.165675000000000239e-01 1.071372009336693000e-03
2.150000000000000000e+02 7.163658999999999999e-01 1.077954676060725739e-03
2.160000000000000000e+02 7.164418999999999649e-01 1.068030675974240753e-03
2.170000000000000000e+02 7.163420999999999816e-01 1.063458675934397194e-03
2.180000000000000000e+02 7.156797999999999771e-01 1.079624676075279042e-03
2.190000000000000000e+02 7.141499000000000041e-01 1.108114009656888674e-03
2.200000000000000000e+02 7.139309999999999823e-01 1.114585343046617773e-03
2.210000000000000000e+02 7.139746000000000148e-01 1.104912676295656624e-03
2.220000000000000000e+02 7.138371000000000022e-01 1.100942676261059240e-03
2.230000000000000000e+02 7.131406999999999607e-01 1.117657343073389341e-03
2.240000000000000000e+02 7.116390000000000216e-01 1.146044676654110056e-03
2.250000000000000000e+02 7.114019000000000315e-01 1.152411343376260255e-03
2.260000000000000000e+02 7.114127999999999563e-01 1.143015343294376913e-03
2.270000000000000000e+02 7.112370000000000081e-01 1.139681343265322010e-03
2.280000000000000000e+02 7.105065999999999882e-01 1.156961343415912214e-03
2.290000000000000000e+02 7.090313999999999783e-01 1.185244676995726417e-03
2.300000000000000000e+02 7.087752000000000496e-01 1.191517343717057647e-03
2.310000000000000000e+02 7.087527999999999606e-01 1.182424676971151074e-03
2.320000000000000000e+02 7.085380000000000011e-01 1.179760676947934957e-03
2.330000000000000000e+02 7.077736000000000027e-01 1.197623343770269719e-03
2.340000000000000000e+02 7.063228000000000284e-01 1.225798677349142652e-03
2.350000000000000000e+02 7.060467999999999744e-01 1.231986677403069204e-03
2.360000000000000000e+02 7.059904000000000179e-01 1.223226677326728559e-03
2.370000000000000000e+02 7.057358000000000242e-01 1.221269343976337518e-03
2.380000000000000000e+02 7.049370999999999832e-01 1.239730010803883481e-03
2.390000000000000000e+02 7.035090999999999983e-01 1.267794677715125594e-03
2.400000000000000000e+02 7.032121999999999540e-01 1.273908677768407181e-03
2.410000000000000000e+02 7.031211000000000544e-01 1.265513344361910960e-03
2.420000000000000000e+02 7.028256999999999977e-01 1.264302011018021265e-03
2.430000000000000000e+02 7.019925999999999666e-01 1.283377344517590496e-03
2.440000000000000000e+02 7.005854999999999722e-01 1.311328678094511591e-03
2.450000000000000000e+02 7.002667000000000197e-01 1.317382011480597911e-03
2.460000000000000000e+02 7.001399999999999846e-01 1.309386678077587626e-03
2.470000000000000000e+02 6.998027999999999471e-01 1.308963344740565098e-03
2.480000000000000000e+02 6.989351999999999787e-01 1.328670678245642053e-03
2.490000000000000000e+02 6.975472999999999812e-01 1.356506011821552145e-03
2.500000000000000000e+02 6.972055000000000335e-01 1.362513345207237670e-03
2.510000000000000000e+02 6.970420999999999978e-01 1.354956678474716989e-03
2.520000000000000000e+02 6.966620999999999508e-01 1.355365345144944828e-03
2.530000000000000000e+02 6.957596000000000336e-01 1.375722011989013961e-03
2.540000000000000000e+02 6.943890000000000340e-01 1.403438678897223069e-03
2.550000000000000000e+02 6.940228999999999981e-01 1.409416678949319650e-03
2.560000000000000000e+02 6.938216000000000383e-01 1.402341345554326997e-03
2.570000000000000000e+02 6.933975999999999473e-01 1.403628012232206431e-03
2.580000000000000000e+02 6.924599999999999644e-01 1.424650679082079593e-03
2.590000000000000000e+02 6.911047000000000162e-01 1.452246012655898167e-03
2.600000000000000000e+02 6.907132000000000271e-01 1.458214012707907421e-03
2.610000000000000000e+02 6.904727000000000503e-01 1.451666012650843591e-03
2.620000000000000000e+02 6.900032999999999861e-01 1.453881346003482776e-03
2.630000000000000000e+02 6.890302999999999845e-01 1.475586679525971818e-03
2.640000000000000000e+02 6.876885000000000359e-01 1.503059346432054867e-03
2.650000000000000000e+02 6.872700000000000475e-01 1.509040013150841214e-03
2.660000000000000000e+02 6.869889000000000134e-01 1.503070679765486752e-03
2.670000000000000000e+02 6.864725000000000410e-01 1.506266679793339053e-03
2.680000000000000000e+02 6.854637000000000091e-01 1.528671346655256042e-03
2.690000000000000000e+02 6.841334999999999500e-01 1.556020013560258141e-03
2.700000000000000000e+02 6.836864999999999748e-01 1.562039346946048372e-03
2.710000000000000000e+02 6.833630000000000537e-01 1.556704680232891399e-03
2.720000000000000000e+02 6.827982999999999691e-01 1.560936013603099731e-03
2.730000000000000000e+02 6.817531999999999481e-01 1.584057347137928689e-03
2.740000000000000000e+02 6.804324000000000483e-01 1.611282014041850270e-03
2.750000000000000000e+02 6.799551999999999818e-01 1.617369347428233113e-03
2.760000000000000000e+02 6.795875999999999584e-01 1.612730680721141500e-03
2.770000000000000000e+02 6.789728000000000430e-01 1.618056680767556137e-03
2.780000000000000000e+02 6.778910000000000213e-01 1.641910014308764140e-03
2.790000000000000000e+02 6.765773999999999955e-01 1.669012681211622584e-03
2.800000000000000000e+02 6.760682000000000080e-01 1.675202681265566948e-03
2.810000000000000000e+02 6.756543000000000410e-01 1.671326681231788749e-03
2.820000000000000000e+02 6.749876999999999683e-01 1.677808681288277563e-03
2.830000000000000000e+02 6.738684999999999814e-01 1.702410014836004291e-03
2.840000000000000000e+02 6.725598999999999883e-01 1.729392681737816975e-03
2.850000000000000000e+02 6.720165999999999640e-01 1.735724681792998264e-03
2.860000000000000000e+02 6.715541999999999900e-01 1.732685348433178228e-03
2.870000000000000000e+02 6.708338999999999830e-01 1.740386681833626251e-03
2.880000000000000000e+02 6.696767000000000136e-01 1.765751348721338564e-03
2.890000000000000000e+02 6.683706000000000369e-01 1.792620015622157625e-03
2.900000000000000000e+02 6.677910000000000235e-01 1.799139349012305114e-03
2.910000000000000000e+02 6.672776999999999736e-01 1.797018015660485114e-03
2.920000000000000000e+02 6.665014999999999690e-01 1.806006682405485175e-03
2.930000000000000000e+02 6.653056000000000525e-01 1.832150682633322753e-03
2.940000000000000000e+02 6.639994999999999647e-01 1.858912682866545752e-03
2.950000000000000000e+02 6.633809999999999985e-01 1.865672682925456930e-03
2.960000000000000000e+02 6.628140999999999616e-01 1.864558016249076404e-03
2.970000000000000000e+02 6.619798999999999545e-01 1.874904683005911097e-03
2.980000000000000000e+02 6.607442999999999511e-01 1.901840683240650382e-03
2.990000000000000000e+02 6.594352999999999465e-01 1.928507350139709638e-03
3.000000000000000000e+02 6.587752999999999526e-01 1.935568683534580206e-03
3.010000000000000000e+02 6.581517000000000062e-01 1.935556683534475500e-03
3.020000000000000000e+02 6.572573000000000443e-01 1.947334683637117403e-03
3.030000000000000000e+02 6.559810999999999837e-01 1.975077350545553518e-03
3.040000000000000000e+02 6.546661000000000286e-01 2.001664017443915023e-03
3.050000000000000000e+02 6.539614000000000260e-01 2.009097350842027792e-03
3.060000000000000000e+02 6.532780999999999727e-01 2.010292684185778240e-03
3.070000000000000000e+02 6.523208999999999813e-01 2.023577350968216657e-03
3.080000000000000000e+02 6.510029000000000510e-01 2.052140684550471036e-03
3.090000000000000000e+02 6.496785999999999950e-01 2.078668684781654653e-03
3.100000000000000000e+02 6.489259000000000555e-01 2.086553351517033902e-03
3.110000000000000000e+02 6.481791999999999554e-01 2.089072018205650073e-03
3.120000000000000000e+02 6.471567000000000291e-01 2.103942685001910368e-03
3.130000000000000000e+02 6.457956000000000252e-01 2.133340018591432709e-03
3.140000000000000000e+02 6.444583999999999868e-01 2.159838018822354995e-03
3.150000000000000000e+02 6.436539000000000010e-01 2.168268685562492731e-03
3.160000000000000000e+02 6.428399999999999670e-01 2.172234018930382319e-03
3.170000000000000000e+02 6.417494000000000254e-01 2.188772685741178971e-03
3.180000000000000000e+02 6.403436000000000128e-01 2.219018019338091143e-03
3.190000000000000000e+02 6.389894000000000407e-01 2.245521352902393828e-03
3.200000000000000000e+02 6.381289999999999463e-01 2.254602686314867866e-03
3.210000000000000000e+02 6.372436999999999685e-01 2.260150019696544575e-03
3.220000000000000000e+02 6.360818000000000305e-01 2.278437353189246856e-03
3.230000000000000000e+02 6.346294999999999575e-01 2.309544686793671159e-03
3.240000000000000000e+02 6.332537999999999778e-01 2.336099353691754171e-03
3.250000000000000000e+02 6.323328000000000282e-01 2.345952687110956347e-03
3.260000000000000000e+02 6.313716000000000328e-01 2.353228020507692076e-03
3.270000000000000000e+02 6.301354000000000122e-01 2.373350687349722044e-03
3.280000000000000000e+02 6.286344999999999850e-01 2.405337354295142716e-03
3.290000000000000000e+02 6.272322999999999649e-01 2.432002021194184811e-03
3.300000000000000000e+02 6.262457000000000162e-01 2.442768687954679444e-03
3.310000000000000000e+02 6.252035999999999705e-01 2.451930021367851233e-03
3.320000000000000000e+02 6.238896000000000441e-01 2.473974688226630945e-03
3.330000000000000000e+02 6.223376000000000463e-01 2.506860021846549821e-03
3.340000000000000000e+02 6.209033000000000468e-01 2.533708022080522274e-03
3.350000000000000000e+02 6.198453000000000435e-01 2.545544022183669677e-03
3.360000000000000000e+02 6.187169000000000141e-01 2.556758688948068854e-03
3.370000000000000000e+02 6.173212999999999617e-01 2.580812022491019934e-03
3.380000000000000000e+02 6.157150000000000123e-01 2.614617356118956876e-03
3.390000000000000000e+02 6.142423999999999662e-01 2.641740023021989757e-03
3.400000000000000000e+02 6.131067000000000045e-01 2.654824689802685097e-03
3.410000000000000000e+02 6.118862000000000467e-01 2.668274689919898114e-03
3.420000000000000000e+02 6.104049999999999754e-01 2.694424023481115441e-03
3.430000000000000000e+02 6.087409999999999766e-01 2.729180023784003734e-03
3.440000000000000000e+02 6.072229999999999572e-01 2.756690690690417628e-03
3.450000000000000000e+02 6.060025999999999469e-01 2.771228024150439607e-03
3.460000000000000000e+02 6.046835000000000404e-01 2.787103357622121996e-03
3.470000000000000000e+02 6.031123000000000456e-01 2.815438024535716743e-03
3.480000000000000000e+02 6.013861999999999819e-01 2.851182691513887667e-03
3.490000000000000000e+02 5.998149999999999871e-01 2.879220025091558215e-03
3.500000000000000000e+02 5.985019000000000311e-01 2.895438691899566031e-03
3.510000000000000000e+02 5.970773999999999804e-01 2.913944025394167581e-03
3.520000000000000000e+02 5.954112000000000293e-01 2.944552025660907447e-03
3.530000000000000000e+02 5.936179999999999790e-01 2.981336025981469375e-03
3.540000000000000000e+02 5.919845000000000246e-01 3.010066692898515518e-03
3.550000000000000000e+02 5.905698999999999810e-01 3.028222693056739287e-03
3.560000000000000000e+02 5.890324000000000115e-01 3.049568693242763872e-03
3.570000000000000000e+02 5.872657000000000016e-01 3.082540026863432418e-03
3.580000000000000000e+02 5.853992000000000084e-01 3.120430027193632321e-03
3.590000000000000000e+02 5.836932999999999705e-01 3.150058694118504712e-03
3.600000000000000000e+02 5.821674999999999489e-01 3.170438694296110436e-03
3.610000000000000000e+02 5.805086999999999886e-01 3.194848027842163603e-03
3.620000000000000000e+02 5.786354000000000219e-01 3.230271361484201350e-03
3.630000000000000000e+02 5.766881999999999842e-01 3.269355361824806926e-03
3.640000000000000000e+02 5.748982000000000259e-01 3.300125362092958155e-03
3.650000000000000000e+02 5.732502999999999904e-01 3.323044695626026657e-03
3.660000000000000000e+02 5.714611000000000551e-01 3.350744029200751744e-03
3.670000000000000000e+02 5.694740999999999831e-01 3.388714696198321785e-03
3.680000000000000000e+02 5.674373000000000333e-01 3.429112696550378359e-03
3.690000000000000000e+02 5.655504000000000087e-01 3.461316696831026347e-03
3.700000000000000000e+02 5.637682000000000526e-01 3.487124697055936275e-03
3.710000000000000000e+02 5.618387000000000242e-01 3.518347363994698759e-03
3.720000000000000000e+02 5.597296000000000493e-01 3.558963364348655036e-03
3.730000000000000000e+02 5.575923999999999880e-01 3.600827364713488164e-03
3.740000000000000000e+02 5.555934000000000150e-01 3.634804031676251192e-03
3.750000000000000000e+02 5.536632999999999694e-01 3.663874031929587570e-03
3.760000000000000000e+02 5.515822000000000225e-01 3.698854032234427918e-03
3.770000000000000000e+02 5.493413999999999797e-01 3.742224032612385173e-03
3.780000000000000000e+02 5.470911999999999997e-01 3.785758699658443773e-03
3.790000000000000000e+02 5.449631999999999810e-01 3.821911366640170366e-03
3.800000000000000000e+02 5.428699999999999637e-01 3.854648033592127359e-03
3.810000000000000000e+02 5.406248999999999638e-01 3.893618033931739528e-03
3.820000000000000000e+02 5.382407000000000163e-01 3.939864701001431768e-03
3.830000000000000000e+02 5.358618000000000547e-01 3.985324034730930096e-03
3.840000000000000000e+02 5.335851999999999817e-01 4.024108035068921924e-03
3.850000000000000000e+02 5.313118999999999481e-01 4.060935368723194230e-03
3.860000000000000000e+02 5.288886999999999894e-01 4.104126702432927404e-03
3.870000000000000000e+02 5.263472999999999624e-01 4.153400036195663454e-03
3.880000000000000000e+02 5.238209999999999811e-01 4.201114036611476588e-03
3.890000000000000000e+02 5.213738999999999457e-01 4.243050703643609471e-03
3.900000000000000000e+02 5.189011999999999514e-01 4.284404704003996929e-03
3.910000000000000000e+02 5.162833000000000006e-01 4.332038037752440791e-03
3.920000000000000000e+02 5.135674999999999546e-01 4.384516038209771913e-03
3.930000000000000000e+02 5.108713999999999755e-01 4.434884705315386005e-03
3.940000000000000000e+02 5.082284000000000246e-01 4.480547372379989346e-03
3.950000000000000000e+02 5.055345999999999451e-01 4.526867372783655030e-03
3.960000000000000000e+02 5.027032000000000167e-01 4.579157373239347781e-03
3.970000000000000000e+02 4.997919000000000112e-01 4.635067373726586663e-03
3.980000000000000000e+02 4.968988999999999767e-01 4.688578707526255135e-03
3.990000000000000000e+02 4.940309999999999979e-01 4.738584707962042834e-03
4.000000000000000000e+02 4.910914000000000113e-01 4.790290708412645385e-03
4.010000000000000000e+02 4.880236000000000018e-01 4.847440708910691169e-03
4.020000000000000000e+02 4.848908000000000107e-01 4.907065376096969057e-03
4.030000000000000000e+02 4.817686999999999942e-01 4.964286043262297436e-03
4.040000000000000000e+02 4.786426999999999765e-01 5.019271377074811975e-03
4.050000000000000000e+02 4.754283000000000259e-01 5.076742710908990937e-03
4.060000000000000000e+02 4.720964000000000271e-01 5.138942711451045288e-03
4.070000000000000000e+02 4.687096000000000040e-01 5.202627378672705638e-03
4.080000000000000000e+02 4.653199000000000085e-01 5.264191379209217508e-03
4.090000000000000000e+02 4.618975000000000164e-01 5.324772713070499534e-03
4.100000000000000000e+02 4.583748000000000267e-01 5.388322713624319436e-03
4.110000000000000000e+02 4.547445999999999988e-01 5.455746714211899724e-03
4.120000000000000000e+02 4.510634000000000032e-01 5.523890048139082180e-03
4.130000000000000000e+02 4.473598999999999770e-01 5.590448715385788400e-03
4.140000000000000000e+02 4.435966000000000076e-01 5.657152715967094132e-03
4.150000000000000000e+02 4.397247000000000239e-01 5.726969383242192478e-03
4.160000000000000000e+02 4.357533000000000101e-01 5.799749383876448734e-03
4.170000000000000000e+02 4.317271999999999776e-01 5.872763384512744156e-03
4.180000000000000000e+02 4.276550000000000074e-01 5.944900051808060804e-03
4.190000000000000000e+02 4.234983999999999971e-01 6.018070052445715669e-03
4.200000000000000000e+02 4.192277999999999838e-01 6.094164719775525645e-03
4.210000000000000000e+02 4.148607999999999740e-01 6.172346053790185409e-03
4.220000000000000000e+02 4.104272999999999949e-01 6.250565387805178189e-03
4.230000000000000000e+02 4.059206000000000203e-01 6.328648721818984010e-03
4.240000000000000000e+02 4.013079999999999981e-01 6.408291389179713617e-03
4.250000000000000000e+02 3.965761999999999898e-01 6.490372056561689688e-03
4.260000000000000000e+02 3.917438999999999782e-01 6.573770723955150649e-03
4.270000000000000000e+02 3.868251999999999802e-01 6.657223391349083655e-03
4.280000000000000000e+02 3.818046999999999969e-01 6.741120058746884712e-03
4.290000000000000000e+02 3.766591000000000244e-01 6.826646726158891280e-03
4.300000000000000000e+02 3.713860999999999968e-01 6.913880060252436573e-03
4.310000000000000000e+02 3.659992000000000245e-01 7.001793394351908846e-03
4.320000000000000000e+02 3.604988000000000081e-01 7.089800061785528351e-03
4.330000000000000000e+02 3.548678000000000110e-01 7.178433395891275180e-03
4.340000000000000000e+02 3.490922000000000192e-01 7.268226730007132028e-03
4.350000000000000000e+02 3.431742999999999877e-01 7.358793397463060486e-03
4.360000000000000000e+02 3.371184999999999876e-01 7.449366731585712817e-03
4.370000000000000000e+02 3.309166000000000052e-01 7.539773399040247508e-03
4.380000000000000000e+02 3.245538000000000034e-01 7.630306733162552264e-03
4.390000000000000000e+02 3.180230000000000001e-01 7.720893400618654943e-03
4.400000000000000000e+02 3.113242999999999983e-01 7.810940068070051923e-03
4.410000000000000000e+02 3.044531999999999794e-01 7.899900068845312762e-03
4.420000000000000000e+02 2.973980999999999986e-01 7.987600069609593345e-03
4.430000000000000000e+02 2.901479000000000141e-01 8.073833403694424121e-03
4.440000000000000000e+02 2.826968000000000258e-01 8.158046737761652512e-03
4.450000000000000000e+02 2.750391999999999837e-01 8.239486738471378524e-03
4.460000000000000000e+02 2.671648999999999829e-01 8.317500072484574139e-03
4.470000000000000000e+02 2.590616000000000030e-01 8.391433406462214806e-03
4.480000000000000000e+02 2.507195999999999869e-01 8.460406740396629599e-03
4.490000000000000000e+02 2.421294999999999975e-01 8.523273407611163185e-03
4.500000000000000000e+02 2.332802999999999960e-01 8.578760074761378890e-03
4.510000000000000000e+02 2.241587999999999914e-01 8.625426741834731070e-03
4.520000000000000000e+02 2.147519999999999984e-01 8.661540075482782042e-03
4.530000000000000000e+02 2.050474999999999937e-01 8.684980075687053977e-03
4.540000000000000000e+02 1.950317000000000023e-01 8.693220075758864226e-03
4.550000000000000000e+02 1.846898999999999902e-01 8.683226742338441204e-03
4.560000000000000000e+02 1.740072000000000008e-01 8.651300075393542760e-03
4.570000000000000000e+02 1.629691000000000056e-01 8.592846741550806342e-03
4.580000000000000000e+02 1.515612000000000070e-01 8.502053407426235845e-03
4.590000000000000000e+02 1.397693999999999881e-01 8.371300072953426208e-03
4.600000000000000000e+02 1.275816999999999923e-01 8.190246738042266175e-03
4.610000000000000000e+02 1.149898000000000031e-01 7.944326735899143524e-03
4.620000000000000000e+02 1.019927999999999946e-01 7.612880066344017774e-03
4.630000000000000000e+02 8.860734000000000665e-02 7.167906729132871198e-03
4.640000000000000000e+02 7.489408000000000176e-02 6.576104723975491687e-03
4.650000000000000000e+02 6.101262999999999825e-02 5.808646050620647205e-03
4.660000000000000000e+02 4.731044999999999695e-02 4.861943375703744671e-03
4.670000000000000000e+02 3.439815999999999707e-02 3.783774032974480950e-03
4.680000000000000000e+02 2.309345999999999968e-02 2.683855356722345854e-03
4.690000000000000000e+02 1.414320999999999981e-02 1.704464681520576671e-03
4.700000000000000000e+02 7.856043999999999528e-03 9.569400083394515076e-04
4.710000000000000000e+02 3.962918000000000170e-03 4.719692041130732116e-04
4.720000000000000000e+02 1.826752999999999971e-03 2.043976684479323835e-04
4.730000000000000000e+02 7.755499000000000333e-04 7.800513401312520508e-05
4.740000000000000000e+02 3.053861000000000271e-04 2.638064022989954012e-05
4.750000000000000000e+02 1.121091999999999938e-04 7.954166735984896178e-06
4.760000000000000000e+02 3.849927999999999776e-05 2.150165352071393724e-06
4.770000000000000000e+02 1.239289000000000054e-05 5.235232712290185175e-07
4.780000000000000000e+02 3.743793000000000071e-06 1.152281343375127195e-07
4.790000000000000000e+02 1.062043999999999898e-06 2.298730686699430526e-08
4.800000000000000000e+02 2.829996000000000111e-07 4.163868036286889184e-09
4.810000000000000000e+02 7.083765999999999958e-08 6.855313393075379331e-10
4.820000000000000000e+02 1.665440999999999977e-08 1.026182675609547730e-10
4.830000000000000000e+02 3.676882000000000042e-09 1.396239345501149617e-11
4.840000000000000000e+02 7.620291999999999559e-10 1.725195348367904899e-12
4.850000000000000000e+02 1.481910999999999961e-10 1.932843350177496417e-13
4.860000000000000000e+02 2.702774999999999941e-11 1.959246017074254731e-14
4.870000000000000000e+02 4.620337999999999735e-12 1.791682015613983448e-15
4.880000000000000000e+02 7.397872000000000206e-13 1.472676679500611955e-16
4.890000000000000000e+02 1.108538999999999943e-13 1.082962676104368923e-17
4.900000000000000000e+02 1.553067000000000038e-14 7.083820061733415111e-19
4.910000000000000000e+02 2.032082000000000112e-15 4.092029368994169278e-20
4.920000000000000000e+02 2.479961999999999808e-16 2.068713351361563487e-21
4.930000000000000000e+02 2.818761000000000065e-17 9.048200078852410831e-23
4.940000000000000000e+02 2.978790000000000156e-18 3.373352696064446523e-24
4.950000000000000000e+02 2.921054000000000022e-19 1.050982009159000064e-25
4.960000000000000000e+02 2.652044000000000127e-20 2.662305356534543872e-27
4.970000000000000000e+02 2.223519999999999893e-21 5.267820045907506843e-29
4.980000000000000000e+02 1.716435999999999963e-22 7.638020066563105020e-31
4.990000000000000000e+02 1.215755999999999963e-23 7.218306729572092322e-33
5.000000000000000000e+02 7.870941000000000373e-25 3.336718695745191874e-35
5.010000000000000000e+02 4.880711999999999806e-26 0.000000000000000000e+00
