1.000000000000000000e+00 1.731331000000000120e-01 5.429127942223083581e-05
2.000000000000000000e+00 1.741508999999999974e-01 5.664820739714834135e-05
3.000000000000000000e+00 1.753750000000000031e-01 6.197468734046381489e-05
4.000000000000000000e+00 1.728040000000000131e-01 7.078659124668730692e-05
5.000000000000000000e+00 1.720315000000000039e-01 8.120166313584985891e-05
6.000000000000000000e+00 1.727936999999999945e-01 9.198905502105015123e-05
7.000000000000000000e+00 1.737946999999999964e-01 1.033699348999345466e-04
8.000000000000000000e+00 1.738561000000000134e-01 1.161923667634779067e-04
9.000000000000000000e+00 1.725539000000000101e-01 1.303378066129417861e-04
1.000000000000000000e+01 1.724140000000000117e-01 1.439413104681729495e-04
1.100000000000000000e+01 1.730170000000000041e-01 1.563839983357575246e-04
1.200000000000000000e+01 1.735471000000000097e-01 1.685463982063249786e-04
1.300000000000000000e+01 1.733628000000000113e-01 1.814943980685320292e-04
1.400000000000000000e+01 1.725800999999999863e-01 1.949620779252086522e-04
1.500000000000000000e+01 1.726031000000000093e-01 2.074388777924302430e-04
1.600000000000000000e+01 1.730355000000000087e-01 2.188731176707467527e-04
1.700000000000000000e+01 1.733007000000000020e-01 2.304118375479514036e-04
1.800000000000000000e+01 1.730450000000000044e-01 2.429345574146843042e-04
1.900000000000000000e+01 1.725359999999999949e-01 2.559062372766393893e-04
2.000000000000000000e+01 1.726108000000000087e-01 2.680348771475660630e-04
2.100000000000000000e+01 1.729158000000000084e-01 2.795025570255267188e-04
2.200000000000000000e+01 1.730292999999999970e-01 2.913929568989887756e-04
2.300000000000000000e+01 1.727688000000000001e-01 3.042655967619978512e-04
2.400000000000000000e+01 1.724281000000000008e-01 3.173862366223676552e-04
2.500000000000000000e+01 1.725166999999999951e-01 3.296881564914502967e-04
2.600000000000000000e+01 1.727265000000000050e-01 3.415207963655270671e-04
2.700000000000000000e+01 1.727479000000000098e-01 3.538684762341227962e-04
2.800000000000000000e+01 1.725054000000000032e-01 3.670379160939732117e-04
2.900000000000000000e+01 1.722714999999999941e-01 3.802227159536602824e-04
3.000000000000000000e+01 1.723542000000000129e-01 3.926071958218643699e-04
3.100000000000000000e+01 1.724893999999999872e-01 4.046716756934737769e-04
3.200000000000000000e+01 1.724525000000000086e-01 4.172843155592497627e-04
3.300000000000000000e+01 1.722336999999999896e-01 4.305511954180633416e-04
3.400000000000000000e+01 1.720678999999999959e-01 4.436678352784756917e-04
3.500000000000000000e+01 1.721345999999999987e-01 4.560524751466780557e-04
3.600000000000000000e+01 1.722104999999999886e-01 4.682625550167380775e-04
3.700000000000000000e+01 1.721361999999999892e-01 4.810303948808624048e-04
3.800000000000000000e+01 1.719409000000000076e-01 4.943004747396418383e-04
3.900000000000000000e+01 1.718179999999999985e-01 5.073139146011525300e-04
4.000000000000000000e+01 1.718640999999999919e-01 5.196915144694298078e-04
4.100000000000000000e+01 1.718927000000000094e-01 5.320212743382161328e-04
4.200000000000000000e+01 1.717944000000000138e-01 5.448921542012439504e-04
4.300000000000000000e+01 1.716198999999999919e-01 5.581270340603980071e-04
4.400000000000000000e+01 1.715231000000000117e-01 5.710407939229694479e-04
4.500000000000000000e+01 1.715467999999999993e-01 5.834236737911904997e-04
4.600000000000000000e+01 1.715376999999999874e-01 5.958595136588480017e-04
4.700000000000000000e+01 1.714241999999999988e-01 6.087980735211555479e-04
4.800000000000000000e+01 1.712666999999999939e-01 6.219779133808953434e-04
4.900000000000000000e+01 1.711842000000000086e-01 6.348046332443930007e-04
5.000000000000000000e+01 1.711854999999999905e-01 6.472054331124234023e-04
5.100000000000000000e+01 1.711461999999999983e-01 6.597340729790932912e-04
5.200000000000000000e+01 1.710230000000000083e-01 6.727127928409735438e-04
5.300000000000000000e+01 1.708787999999999974e-01 6.858279927014011889e-04
5.400000000000000000e+01 1.708025999999999989e-01 6.985833525656582168e-04
5.500000000000000000e+01 1.707822999999999980e-01 7.110123124333890716e-04
5.600000000000000000e+01 1.707184999999999953e-01 7.236206322992109422e-04
5.700000000000000000e+01 1.705891999999999964e-01 7.366177521608952656e-04
5.800000000000000000e+01 1.704545000000000088e-01 7.496654320220414586e-04
5.900000000000000000e+01 1.703787999999999969e-01 7.623657518868843337e-04
6.000000000000000000e+01 1.703381999999999952e-01 7.748299117542404571e-04
6.100000000000000000e+01 1.702547000000000088e-01 7.875046316193558445e-04
6.200000000000000000e+01 1.701212000000000002e-01 8.005036714810197023e-04
6.300000000000000000e+01 1.699926999999999966e-01 8.134857513428640861e-04
6.400000000000000000e+01 1.699135999999999980e-01 8.261462312081310246e-04
6.500000000000000000e+01 1.698541000000000079e-01 8.386499110750665316e-04
6.600000000000000000e+01 1.697545000000000026e-01 8.513783909396096432e-04
6.700000000000000000e+01 1.696178999999999881e-01 8.643670308013842295e-04
6.800000000000000000e+01 1.694925999999999933e-01 8.772886306638723016e-04
6.900000000000000000e+01 1.694074000000000135e-01 8.899235105294115355e-04
7.000000000000000000e+01 1.693305999999999978e-01 9.024683103959094078e-04
7.100000000000000000e+01 1.692175999999999958e-01 9.152387102600064838e-04
7.200000000000000000e+01 1.690783999999999898e-01 9.282083101219837850e-04
7.300000000000000000e+01 1.689537999999999873e-01 9.410763099850420841e-04
7.400000000000000000e+01 1.688605999999999996e-01 9.536974298507278069e-04
7.500000000000000000e+01 1.687680000000000013e-01 9.662830297167915999e-04
7.600000000000000000e+01 1.686438000000000104e-01 9.790843095805600461e-04
7.700000000000000000e+01 1.685019000000000100e-01 9.920299094427927327e-04
7.800000000000000000e+01 1.683757999999999921e-01 1.004852469306334551e-03
7.900000000000000000e+01 1.682734999999999925e-01 1.017470229172056035e-03
8.000000000000000000e+01 1.681664999999999965e-01 1.030095349037699320e-03
8.100000000000000000e+01 1.680326000000000042e-01 1.042918548901234461e-03
8.200000000000000000e+01 1.678877000000000008e-01 1.055837908763746337e-03
8.300000000000000000e+01 1.677585000000000048e-01 1.068624148627674844e-03
8.400000000000000000e+01 1.676462999999999981e-01 1.081246548493346995e-03
8.500000000000000000e+01 1.675261999999999862e-01 1.093908468358598422e-03
8.600000000000000000e+01 1.673837999999999993e-01 1.106746068221980397e-03
8.700000000000000000e+01 1.672354000000000063e-01 1.119638868084774910e-03
8.800000000000000000e+01 1.671014999999999862e-01 1.132397587948996394e-03
8.900000000000000000e+01 1.669790999999999914e-01 1.145031667814544246e-03
9.000000000000000000e+01 1.668469999999999953e-01 1.157727347679436344e-03
9.100000000000000000e+01 1.666969000000000090e-01 1.170573587542726333e-03
9.200000000000000000e+01 1.665444000000000091e-01 1.183441907405781294e-03
9.300000000000000000e+01 1.664046000000000136e-01 1.196181907270201829e-03
9.400000000000000000e+01 1.662719000000000003e-01 1.208832947135569155e-03
9.500000000000000000e+01 1.661287999999999931e-01 1.221558867000139626e-03
9.600000000000000000e+01 1.659713999999999912e-01 1.234409426863383730e-03
9.700000000000000000e+01 1.658141999999999949e-01 1.247256306726667041e-03
9.800000000000000000e+01 1.656677000000000011e-01 1.259985906591198088e-03
9.900000000000000000e+01 1.655247999999999997e-01 1.272657426456347621e-03
1.000000000000000000e+02 1.653714000000000017e-01 1.285410706320627055e-03
1.010000000000000000e+02 1.652070999999999956e-01 1.298263346183848753e-03
1.020000000000000000e+02 1.650446000000000135e-01 1.311093426047310649e-03
1.030000000000000000e+02 1.648905999999999983e-01 1.323820625911867549e-03
1.040000000000000000e+02 1.647375000000000089e-01 1.336516465776757924e-03
1.050000000000000000e+02 1.645745999999999876e-01 1.349294865640770016e-03
1.060000000000000000e+02 1.644035000000000080e-01 1.362149105503974696e-03
1.070000000000000000e+02 1.642349999999999921e-01 1.374968465367550985e-03
1.080000000000000000e+02 1.640730999999999995e-01 1.387701425232046272e-03
1.090000000000000000e+02 1.639101000000000030e-01 1.400424465096647550e-03
1.100000000000000000e+02 1.637380999999999975e-01 1.413226864960404148e-03
1.110000000000000000e+02 1.635601999999999889e-01 1.426083984823578238e-03
1.120000000000000000e+02 1.633853000000000111e-01 1.438898864687201918e-03
1.130000000000000000e+02 1.632149999999999990e-01 1.451644464551562997e-03
1.140000000000000000e+02 1.630421999999999982e-01 1.464396464415856003e-03
1.150000000000000000e+02 1.628614999999999924e-01 1.477221584279370462e-03
1.160000000000000000e+02 1.626768000000000103e-01 1.490082864142500607e-03
1.170000000000000000e+02 1.624948999999999977e-01 1.502899504006105546e-03
1.180000000000000000e+02 1.623159999999999881e-01 1.515663023870275974e-03
1.190000000000000000e+02 1.621336999999999917e-01 1.528445583734243472e-03
1.200000000000000000e+02 1.619445999999999941e-01 1.541292623597525059e-03
1.210000000000000000e+02 1.617528000000000021e-01 1.554160943460580237e-03
1.220000000000000000e+02 1.615636000000000017e-01 1.566985583324099866e-03
1.230000000000000000e+02 1.613758000000000137e-01 1.579772783188018248e-03
1.240000000000000000e+02 1.611841999999999997e-01 1.592587343051645376e-03
1.250000000000000000e+02 1.609868999999999883e-01 1.605457582914679871e-03
1.260000000000000000e+02 1.607878000000000085e-01 1.618337582777610749e-03
1.270000000000000000e+02 1.605909000000000086e-01 1.631175982640983889e-03
1.280000000000000000e+02 1.603941999999999868e-01 1.643993582504578704e-03
1.290000000000000000e+02 1.601934000000000136e-01 1.656841582367849950e-03
1.300000000000000000e+02 1.599879999999999913e-01 1.669735982230627445e-03
1.310000000000000000e+02 1.597814999999999930e-01 1.682633582093371119e-03
1.320000000000000000e+02 1.595764000000000071e-01 1.695494381956506001e-03
1.330000000000000000e+02 1.593707000000000040e-01 1.708345581819743211e-03
1.340000000000000000e+02 1.591609999999999969e-01 1.721231981682605798e-03
1.350000000000000000e+02 1.589473999999999887e-01 1.734153581545093761e-03
1.360000000000000000e+02 1.587331999999999910e-01 1.747071981407615979e-03
1.370000000000000000e+02 1.585197999999999885e-01 1.759963181270427510e-03
1.380000000000000000e+02 1.583050000000000013e-01 1.772851181133272861e-03
1.390000000000000000e+02 1.580863999999999880e-01 1.785775980995727005e-03
1.400000000000000000e+02 1.578646999999999967e-01 1.798727980857891401e-03
1.410000000000000000e+02 1.576424999999999910e-01 1.811673580720124088e-03
1.420000000000000000e+02 1.574204999999999910e-01 1.824598380582578014e-03
1.430000000000000000e+02 1.571966999999999948e-01 1.837529580444963867e-03
1.440000000000000000e+02 1.569692000000000032e-01 1.850494380306991898e-03
1.450000000000000000e+02 1.567391999999999952e-01 1.863481580168782105e-03
1.460000000000000000e+02 1.565088000000000035e-01 1.876459180030673989e-03
1.470000000000000000e+02 1.562781000000000031e-01 1.889423979892702237e-03
1.480000000000000000e+02 1.560450999999999921e-01 1.902401579754594337e-03
1.490000000000000000e+02 1.558089000000000002e-01 1.915411179616145852e-03
1.500000000000000000e+02 1.555705000000000005e-01 1.928435179477544200e-03
1.510000000000000000e+02 1.553315999999999864e-01 1.941452779339010405e-03
1.520000000000000000e+02 1.550920000000000076e-01 1.954463979200544901e-03
1.530000000000000000e+02 1.548499000000000125e-01 1.967492779061892193e-03
1.540000000000000000e+02 1.546047999999999867e-01 1.980548778922949955e-03
1.550000000000000000e+02 1.543579999999999952e-01 1.993617578783871570e-03
1.560000000000000000e+02 1.541104000000000085e-01 2.006681578644844022e-03
1.570000000000000000e+02 1.538615999999999873e-01 2.019743978505833711e-03
1.580000000000000000e+02 1.536104000000000080e-01 2.032828778366584706e-03
1.590000000000000000e+02 1.533564000000000038e-01 2.045935978227097878e-03
1.600000000000000000e+02 1.531009000000000120e-01 2.059054378087491269e-03
1.610000000000000000e+02 1.528443999999999914e-01 2.072169577947919131e-03
1.620000000000000000e+02 1.525865000000000138e-01 2.085289577808295720e-03
1.630000000000000000e+02 1.523259999999999892e-01 2.098431977668434052e-03
1.640000000000000000e+02 1.520631000000000066e-01 2.111595177528350926e-03
1.650000000000000000e+02 1.517986000000000057e-01 2.124766377388182491e-03
1.660000000000000000e+02 1.515331000000000039e-01 2.137939177247997254e-03
1.670000000000000000e+02 1.512658000000000058e-01 2.151119977107726709e-03
1.680000000000000000e+02 1.509959999999999913e-01 2.164324776967201103e-03
1.690000000000000000e+02 1.507238999999999940e-01 2.177547176826488077e-03
1.700000000000000000e+02 1.504504000000000119e-01 2.190777576685689742e-03
1.710000000000000000e+02 1.501755999999999924e-01 2.204012776544840568e-03
1.720000000000000000e+02 1.498987999999999987e-01 2.217262376403837578e-03
1.730000000000000000e+02 1.496195999999999915e-01 2.230532776262613998e-03
1.740000000000000000e+02 1.493383000000000072e-01 2.243820776121202565e-03
1.750000000000000000e+02 1.490555000000000074e-01 2.257116775979706256e-03
1.760000000000000000e+02 1.487711999999999923e-01 2.270420775838125071e-03
1.770000000000000000e+02 1.484848000000000001e-01 2.283740775696372835e-03
1.780000000000000000e+02 1.481960999999999973e-01 2.297083175554383207e-03
1.790000000000000000e+02 1.479053999999999924e-01 2.310439975412239329e-03
1.800000000000000000e+02 1.476130999999999971e-01 2.323807975269976973e-03
1.810000000000000000e+02 1.473191000000000084e-01 2.337185575127612071e-03
1.820000000000000000e+02 1.470229000000000119e-01 2.350580774985060184e-03
1.830000000000000000e+02 1.467245000000000077e-01 2.363998374842269604e-03
1.840000000000000000e+02 1.464242000000000044e-01 2.377430374699326075e-03
1.850000000000000000e+02 1.461222000000000076e-01 2.390873574556263200e-03
1.860000000000000000e+02 1.458183999999999869e-01 2.404329574413063744e-03
1.870000000000000000e+02 1.455123000000000111e-01 2.417804774269660499e-03
1.880000000000000000e+02 1.452041000000000026e-01 2.431300774126035798e-03
1.890000000000000000e+02 1.448938999999999921e-01 2.444812773982240912e-03
1.900000000000000000e+02 1.445819999999999883e-01 2.458335973838326246e-03
1.910000000000000000e+02 1.442681000000000102e-01 2.471875173694241829e-03
1.920000000000000000e+02 1.439518999999999938e-01 2.485435173549935955e-03
1.930000000000000000e+02 1.436336000000000002e-01 2.499015973405409059e-03
1.940000000000000000e+02 1.433134000000000075e-01 2.512611173260728345e-03
1.950000000000000000e+02 1.429912999999999879e-01 2.526220773115894682e-03
1.960000000000000000e+02 1.426671999999999940e-01 2.539847972970874033e-03
1.970000000000000000e+02 1.423407999999999896e-01 2.553495972825631493e-03
1.980000000000000000e+02 1.420123000000000080e-01 2.567164772680167930e-03
1.990000000000000000e+02 1.416817999999999966e-01 2.580849572534533749e-03
2.000000000000000000e+02 1.413493000000000110e-01 2.594548772388746618e-03
2.010000000000000000e+02 1.410145999999999900e-01 2.608268772242737597e-03
2.020000000000000000e+02 1.406777999999999917e-01 2.622009572096507986e-03
2.030000000000000000e+02 1.403387000000000107e-01 2.635769571950074153e-03
2.040000000000000000e+02 1.399977000000000027e-01 2.649545571803469269e-03
2.050000000000000000e+02 1.396545999999999899e-01 2.663339171656677398e-03
2.060000000000000000e+02 1.393091999999999941e-01 2.677153571509664071e-03
2.070000000000000000e+02 1.389615999999999907e-01 2.690988771362429720e-03
2.080000000000000000e+02 1.386119000000000101e-01 2.704843171214990714e-03
2.090000000000000000e+02 1.382599999999999940e-01 2.718716771067347920e-03
2.100000000000000000e+02 1.379060000000000008e-01 2.732607970919516838e-03
2.110000000000000000e+02 1.375496999999999970e-01 2.746519970771465168e-03
2.120000000000000000e+02 1.371912000000000131e-01 2.760454370623175238e-03
2.130000000000000000e+02 1.368303999999999909e-01 2.774407970474680220e-03
2.140000000000000000e+02 1.364674999999999916e-01 2.788380770325981414e-03
2.150000000000000000e+02 1.361023000000000094e-01 2.802372770177077952e-03
2.160000000000000000e+02 1.357347999999999888e-01 2.816387170027936666e-03
2.170000000000000000e+02 1.353650000000000131e-01 2.830422369878573922e-03
2.180000000000000000e+02 1.349928999999999990e-01 2.844476769729006524e-03
2.190000000000000000e+02 1.346186000000000049e-01 2.858551969579218102e-03
2.200000000000000000e+02 1.342420000000000002e-01 2.872646369429225025e-03
2.210000000000000000e+02 1.338630000000000098e-01 2.886763169278993256e-03
2.220000000000000000e+02 1.334816000000000058e-01 2.900900769128540897e-03
2.230000000000000000e+02 1.330979999999999941e-01 2.915059168977867082e-03
2.240000000000000000e+02 1.327119999999999966e-01 2.929236768826988177e-03
2.250000000000000000e+02 1.323236000000000134e-01 2.943436768675871881e-03
2.260000000000000000e+02 1.319327999999999890e-01 2.957657568524533695e-03
2.270000000000000000e+02 1.315396000000000065e-01 2.971899168372974052e-03
2.280000000000000000e+02 1.311440000000000106e-01 2.986159968221210187e-03
2.290000000000000000e+02 1.307460000000000011e-01 3.000443168069208064e-03
2.300000000000000000e+02 1.303455000000000030e-01 3.014747167916984483e-03
2.310000000000000000e+02 1.299424999999999886e-01 3.029070367764556682e-03
2.320000000000000000e+02 1.295370999999999884e-01 3.043415967611890621e-03
2.330000000000000000e+02 1.291291999999999995e-01 3.057782367459003104e-03
2.340000000000000000e+02 1.287188999999999972e-01 3.072167967305911365e-03
2.350000000000000000e+02 1.283059000000000005e-01 3.086574367152598170e-03
2.360000000000000000e+02 1.278904999999999903e-01 3.101001566999063083e-03
2.370000000000000000e+02 1.274724999999999886e-01 3.115449566845306974e-03
2.380000000000000000e+02 1.270519999999999983e-01 3.129916766691346643e-03
2.390000000000000000e+02 1.266288999999999887e-01 3.144404766537165288e-03
2.400000000000000000e+02 1.262031000000000125e-01 3.158911966382779279e-03
2.410000000000000000e+02 1.257747999999999922e-01 3.173439966228171812e-03
2.420000000000000000e+02 1.253438000000000052e-01 3.187987166073360124e-03
2.430000000000000000e+02 1.249103000000000019e-01 3.202555165918327413e-03
2.440000000000000000e+02 1.244740000000000013e-01 3.217140765763106848e-03
2.450000000000000000e+02 1.240350999999999954e-01 3.231747165607665260e-03
2.460000000000000000e+02 1.235934000000000060e-01 3.246371165452036252e-03
2.470000000000000000e+02 1.231490999999999975e-01 3.261014365296203022e-03
2.480000000000000000e+02 1.227020999999999945e-01 3.275676765140165137e-03
2.490000000000000000e+02 1.222522000000000053e-01 3.290355164983957501e-03
2.500000000000000000e+02 1.217996999999999969e-01 3.305054364827527975e-03
2.510000000000000000e+02 1.213443000000000022e-01 3.319767964670945499e-03
2.520000000000000000e+02 1.208860999999999963e-01 3.334500764514158801e-03
2.530000000000000000e+02 1.204250999999999933e-01 3.349249564357201919e-03
2.540000000000000000e+02 1.199613000000000068e-01 3.364014364200073985e-03
2.550000000000000000e+02 1.194946000000000064e-01 3.378795164042776734e-03
2.560000000000000000e+02 1.190250000000000058e-01 3.393591963885308430e-03
2.570000000000000000e+02 1.185525999999999941e-01 3.408403163727687611e-03
2.580000000000000000e+02 1.180771999999999933e-01 3.423228763569912975e-03
2.590000000000000000e+02 1.175988000000000033e-01 3.438067163412002192e-03
2.600000000000000000e+02 1.171174999999999994e-01 3.452921563253921224e-03
2.610000000000000000e+02 1.166332000000000063e-01 3.467787163095721343e-03
2.620000000000000000e+02 1.161458999999999964e-01 3.482665562937385315e-03
2.630000000000000000e+02 1.156555999999999973e-01 3.497555162778929940e-03
2.640000000000000000e+02 1.151622000000000062e-01 3.512455962620355220e-03
2.650000000000000000e+02 1.146657999999999983e-01 3.527367962461661153e-03
2.660000000000000000e+02 1.141661999999999955e-01 3.542287962302882211e-03
2.670000000000000000e+02 1.136636000000000035e-01 3.557219162143983923e-03
2.680000000000000000e+02 1.131578000000000028e-01 3.572156761985017994e-03
2.690000000000000000e+02 1.126487999999999934e-01 3.587100761825983124e-03
2.700000000000000000e+02 1.121366000000000029e-01 3.602052761666863813e-03
2.710000000000000000e+02 1.116212000000000037e-01 3.617009561507693229e-03
2.720000000000000000e+02 1.111025999999999958e-01 3.631971161348471373e-03
2.730000000000000000e+02 1.105807000000000040e-01 3.646935961189215480e-03
2.740000000000000000e+02 1.100555000000000005e-01 3.661902361029942352e-03
2.750000000000000000e+02 1.095269999999999994e-01 3.676870360870652856e-03
2.760000000000000000e+02 1.089952000000000004e-01 3.691838360711362926e-03
2.770000000000000000e+02 1.084600000000000009e-01 3.706804760552090232e-03
2.780000000000000000e+02 1.079214000000000007e-01 3.721767960392851574e-03
2.790000000000000000e+02 1.073792999999999970e-01 3.736727960233646954e-03
2.800000000000000000e+02 1.068338000000000065e-01 3.751683160074493172e-03
2.810000000000000000e+02 1.062849000000000016e-01 3.766630359915424699e-03
2.820000000000000000e+02 1.057324000000000042e-01 3.781569559756441535e-03
2.830000000000000000e+02 1.051763000000000003e-01 3.796497559597577284e-03
2.840000000000000000e+02 1.046167000000000069e-01 3.811415959438815143e-03
2.850000000000000000e+02 1.040534999999999932e-01 3.826318359280223187e-03
2.860000000000000000e+02 1.034867000000000009e-01 3.841207959121767813e-03
2.870000000000000000e+02 1.029161999999999993e-01 3.856078358963516660e-03
2.880000000000000000e+02 1.023420000000000024e-01 3.870931158805452927e-03
2.890000000000000000e+02 1.017640999999999962e-01 3.885763158647610217e-03
2.900000000000000000e+02 1.011824000000000057e-01 3.900571158490023001e-03
2.910000000000000000e+02 1.005969000000000030e-01 3.915353558332708948e-03
2.920000000000000000e+02 1.000076000000000020e-01 3.930107158175700360e-03
2.930000000000000000e+02 9.941447999999999952e-02 3.944831958018998538e-03
2.940000000000000000e+02 9.881742999999999777e-02 3.959524757862637953e-03
2.950000000000000000e+02 9.821644999999999681e-02 3.974180757706668142e-03
2.960000000000000000e+02 9.761150999999999855e-02 3.988798357551106774e-03
2.970000000000000000e+02 9.700256999999999630e-02 4.003375957395972386e-03
2.980000000000000000e+02 9.638958999999999722e-02 4.017908757241313647e-03
2.990000000000000000e+02 9.577252999999999461e-02 4.032395157087149094e-03
3.000000000000000000e+02 9.515136000000000427e-02 4.046831956933512331e-03
3.010000000000000000e+02 9.452604000000000561e-02 4.061212756780471431e-03
3.020000000000000000e+02 9.389653000000000582e-02 4.075537556628026394e-03
3.030000000000000000e+02 9.326278000000000346e-02 4.089801556476228492e-03
3.040000000000000000e+02 9.262476000000000043e-02 4.103999956325128998e-03
3.050000000000000000e+02 9.198243000000000391e-02 4.118127956174778316e-03
3.060000000000000000e+02 9.133574999999999333e-02 4.132183956025194116e-03
3.070000000000000000e+02 9.068466000000000027e-02 4.146163155876426802e-03
3.080000000000000000e+02 9.002913999999999362e-02 4.160059155728545316e-03
3.090000000000000000e+02 8.936913000000000495e-02 4.173868755581583261e-03
3.100000000000000000e+02 8.870459999999999456e-02 4.187585555435608710e-03
3.110000000000000000e+02 8.803547999999999929e-02 4.201206355290656135e-03
3.120000000000000000e+02 8.736175000000000190e-02 4.214723155146810410e-03
3.130000000000000000e+02 8.668335000000000623e-02 4.228132755004104272e-03
3.140000000000000000e+02 8.600022999999999695e-02 4.241427154862625198e-03
3.150000000000000000e+02 8.531234999999999513e-02 4.254601554722422727e-03
3.160000000000000000e+02 8.461965000000000459e-02 4.267649554583565798e-03
3.170000000000000000e+02 8.392209000000000474e-02 4.280563154446138420e-03
3.180000000000000000e+02 8.321961999999999415e-02 4.293335954310210402e-03
3.190000000000000000e+02 8.251218000000000441e-02 4.305963154175831281e-03
3.200000000000000000e+02 8.179973000000000105e-02 4.318433554043121271e-03
3.210000000000000000e+02 8.108219999999999317e-02 4.330740753912147578e-03
3.220000000000000000e+02 8.035955000000000181e-02 4.342875153783012747e-03
3.230000000000000000e+02 7.963172000000000306e-02 4.354830353655785719e-03
3.240000000000000000e+02 7.889865000000000073e-02 4.366595153530584104e-03
3.250000000000000000e+02 7.816027999999999865e-02 4.378161553407494515e-03
3.260000000000000000e+02 7.741655999999999538e-02 4.389518353286634561e-03
3.270000000000000000e+02 7.666742000000000001e-02 4.400654353168125324e-03
3.280000000000000000e+02 7.591282000000000585e-02 4.411561553052050812e-03
3.290000000000000000e+02 7.515267999999999948e-02 4.422227152938547172e-03
3.300000000000000000e+02 7.438694999999999335e-02 4.432638352827750552e-03
3.310000000000000000e+02 7.361555999999999655e-02 4.442782352719797968e-03
3.320000000000000000e+02 7.283844000000000429e-02 4.452649552614791097e-03
3.330000000000000000e+02 7.205553000000000652e-02 4.462220752512934159e-03
3.340000000000000000e+02 7.126676999999999318e-02 4.471486352414329700e-03
3.350000000000000000e+02 7.047208000000000638e-02 4.480428752319164272e-03
3.360000000000000000e+02 6.967138999999999971e-02 4.489031952227608493e-03
3.370000000000000000e+02 6.886464000000000474e-02 4.497279952139832983e-03
3.380000000000000000e+02 6.805174999999999419e-02 4.505156752056008358e-03
3.390000000000000000e+02 6.723265999999999964e-02 4.512641551976354776e-03
3.400000000000000000e+02 6.640727000000000435e-02 4.519716751901060522e-03
3.410000000000000000e+02 6.557553000000000687e-02 4.526359951830363423e-03
3.420000000000000000e+02 6.473734999999999906e-02 4.532553551764450898e-03
3.430000000000000000e+02 6.389264999999999528e-02 4.538271951703595243e-03
3.440000000000000000e+02 6.304136000000000462e-02 4.543492751648036017e-03
3.450000000000000000e+02 6.218338999999999811e-02 4.548191951598026112e-03
3.460000000000000000e+02 6.131866999999999873e-02 4.552342351553858094e-03
3.470000000000000000e+02 6.044709999999999667e-02 4.555916751515818458e-03
3.480000000000000000e+02 5.956859999999999933e-02 4.558886351484216573e-03
3.490000000000000000e+02 5.868309000000000025e-02 4.561220751459373404e-03
3.500000000000000000e+02 5.779046999999999656e-02 4.562887951441631056e-03
3.510000000000000000e+02 5.689066999999999735e-02 4.563854351431346698e-03
3.520000000000000000e+02 5.598357999999999807e-02 4.564083151428911973e-03
3.530000000000000000e+02 5.506910999999999751e-02 4.563535951434735324e-03
3.540000000000000000e+02 5.414717000000000141e-02 4.562174351449225194e-03
3.550000000000000000e+02 5.321765999999999996e-02 4.559955151472842166e-03
3.560000000000000000e+02 5.228047999999999723e-02 4.556830351506096360e-03
3.570000000000000000e+02 5.133555000000000063e-02 4.552756751549447492e-03
3.580000000000000000e+02 5.038274000000000225e-02 4.547679951603474623e-03
3.590000000000000000e+02 4.942197000000000257e-02 4.541545551668757681e-03
3.600000000000000000e+02 4.845312000000000230e-02 4.534299151745873994e-03
3.610000000000000000e+02 4.747610000000000025e-02 4.525876751835505168e-03
3.620000000000000000e+02 4.649079999999999879e-02 4.516215951938316008e-03
3.630000000000000000e+02 4.549709999999999865e-02 4.505244752055071258e-03
3.640000000000000000e+02 4.449490999999999863e-02 4.492889552186555939e-03
3.650000000000000000e+02 4.348410999999999943e-02 4.479070352333620539e-03
3.660000000000000000e+02 4.246459000000000344e-02 4.463702352497166820e-03
3.670000000000000000e+02 4.143623999999999918e-02 4.446694352678166352e-03
3.680000000000000000e+02 4.039895000000000291e-02 4.427945552877691517e-03
3.690000000000000000e+02 3.935261000000000314e-02 4.407348753096882767e-03
3.700000000000000000e+02 3.829708999999999891e-02 4.384790353336950365e-03
3.710000000000000000e+02 3.723230000000000289e-02 4.360143953599238120e-03
3.720000000000000000e+02 3.615811000000000025e-02 4.333275153885176451e-03
3.730000000000000000e+02 3.507442999999999672e-02 4.304043154196263848e-03
3.740000000000000000e+02 3.398115000000000163e-02 4.272292754534152623e-03
3.750000000000000000e+02 3.287815999999999655e-02 4.237863954900545488e-03
3.760000000000000000e+02 3.176538999999999752e-02 4.200590355297211496e-03
3.770000000000000000e+02 3.064272999999999997e-02 4.160302355725956774e-03
3.780000000000000000e+02 2.951010999999999912e-02 4.116827156188621918e-03
3.790000000000000000e+02 2.836746999999999880e-02 4.069991956687043187e-03
3.800000000000000000e+02 2.721472999999999948e-02 4.019625557223043509e-03
3.810000000000000000e+02 2.605183000000000151e-02 3.965540757798614695e-03
3.820000000000000000e+02 2.487866999999999856e-02 3.907524758416022585e-03
3.830000000000000000e+02 2.369512000000000007e-02 3.845307159078144386e-03
3.840000000000000000e+02 2.250100000000000017e-02 3.778499159789116667e-03
3.850000000000000000e+02 2.129601000000000063e-02 3.706516760555154857e-03
3.860000000000000000e+02 2.007977000000000026e-02 3.628478361385641983e-03
3.870000000000000000e+02 1.885173999999999878e-02 3.543067162294589664e-03
3.880000000000000000e+02 1.761133000000000143e-02 3.448388763302159474e-03
3.890000000000000000e+02 1.635798999999999934e-02 3.341855964435884799e-03
3.900000000000000000e+02 1.509149000000000081e-02 3.220142365731163726e-03
3.910000000000000000e+02 1.381239000000000078e-02 3.079289567230122926e-03
3.920000000000000000e+02 1.252276000000000084e-02 2.915051168977951957e-03
3.930000000000000000e+02 1.122710000000000027e-02 2.723566371015737845e-03
3.940000000000000000e+02 9.933404999999999319e-03 2.502348773369941163e-03
3.950000000000000000e+02 8.654108000000000633e-03 2.251515176039318479e-03
3.960000000000000000e+02 7.406496000000000260e-03 1.974916778982885746e-03
3.970000000000000000e+02 6.212154999999999587e-03 1.680779182113105496e-03
3.980000000000000000e+02 5.095149000000000206e-03 1.381365905299469354e-03
3.990000000000000000e+02 4.078992000000000034e-03 1.091433588384936202e-03
4.000000000000000000e+02 3.183052000000000017e-03 8.257166312127027594e-04
4.010000000000000000e+02 2.419357000000000018e-03 5.961270336560010614e-04
4.020000000000000000e+02 1.790829000000000075e-03 4.096115156409038823e-04
4.030000000000000000e+02 1.291424000000000001e-03 2.673766371545710703e-04
4.040000000000000000e+02 9.079811000000000132e-04 1.656219182374473603e-04
4.050000000000000000e+02 6.230272000000000240e-04 9.731529496436818296e-05
4.060000000000000000e+02 4.176534999999999883e-04 5.424951942267524952e-05
4.070000000000000000e+02 2.737993999999999996e-04 2.871105569445621858e-05
4.080000000000000000e+02 1.756794999999999906e-04 1.444043344632454347e-05
4.090000000000000000e+02 1.103997999999999996e-04 6.910868726454360788e-06
4.100000000000000000e+02 6.798021999999999810e-05 3.151467166462007271e-06
4.110000000000000000e+02 4.103014000000000151e-05 1.371374385405799141e-06
4.120000000000000000e+02 2.427806999999999844e-05 5.702959939308956027e-07
4.130000000000000000e+02 1.408513000000000045e-05 2.269695975845838061e-07
4.140000000000000000e+02 8.012363000000000184e-06 8.656683107875359560e-08
4.150000000000000000e+02 4.469044000000000270e-06 3.168164766284310704e-08
4.160000000000000000e+02 2.444077999999999844e-06 1.113912628145713547e-08
4.170000000000000000e+02 1.310542000000000089e-06 3.766643159915288585e-09
4.180000000000000000e+02 6.889862000000000103e-07 1.226162386951149088e-09
4.190000000000000000e+02 3.551276999999999990e-07 3.846115159069545370e-10
4.200000000000000000e+02 1.794596999999999906e-07 1.163402387619042401e-10
4.210000000000000000e+02 8.891097000000000487e-08 3.396167963857895263e-11
4.220000000000000000e+02 4.318679999999999732e-08 9.573847898114870372e-12
4.230000000000000000e+02 2.056646000000000138e-08 2.607830372247403052e-12
4.240000000000000000e+02 9.602617000000000363e-09 6.867508726915799128e-13
4.250000000000000000e+02 4.395959999999999779e-09 1.749257581384356596e-13
4.260000000000000000e+02 1.973183000000000133e-09 4.311507154116832590e-14
4.270000000000000000e+02 8.684565000000000398e-10 1.028707829052465268e-14
4.280000000000000000e+02 3.748145000000000088e-10 2.376791974706119880e-15
4.290000000000000000e+02 1.586332999999999913e-10 5.319351943391322688e-16
4.300000000000000000e+02 6.584246000000000054e-11 1.153484467724589286e-16
4.310000000000000000e+02 2.680255999999999843e-11 2.424116774202488284e-17
4.320000000000000000e+02 1.070116999999999932e-11 4.938259147446920989e-18
4.330000000000000000e+02 4.190804999999999933e-12 9.753278296205366403e-19
4.340000000000000000e+02 1.609913000000000069e-12 1.867883180121939971e-19
4.350000000000000000e+02 6.066993999999999866e-13 3.469179163080908034e-20
4.360000000000000000e+02 2.243048000000000077e-13 6.249223933495600912e-21
4.370000000000000000e+02 8.136261000000000333e-14 1.091899668379976167e-21
4.380000000000000000e+02 2.895741000000000288e-14 1.850639980305442863e-22
4.390000000000000000e+02 1.011277000000000044e-14 3.042700767619501712e-23
4.400000000000000000e+02 3.465629000000000053e-15 4.852903948355273704e-24
4.410000000000000000e+02 1.165525999999999959e-15 7.508398320095435097e-25
4.420000000000000000e+02 3.846932999999999928e-16 1.126899668007505341e-25
4.430000000000000000e+02 1.246191999999999878e-16 1.640575982540948936e-26
4.440000000000000000e+02 3.962381999999999968e-17 2.316607975346599366e-27
4.450000000000000000e+02 1.236665000000000037e-17 3.172617566236923815e-28
4.460000000000000000e+02 3.788732000000000279e-18 4.213540755159392803e-29
4.470000000000000000e+02 1.139471000000000082e-18 5.426095942255349574e-30
4.480000000000000000e+02 3.364345999999999867e-19 6.774491127905694872e-31
4.490000000000000000e+02 9.752253999999999879e-20 8.198684712749389896e-32
4.500000000000000000e+02 2.775459000000000283e-20 9.616348697662574122e-33
4.510000000000000000e+02 7.755455999999999612e-21 1.092914388369177338e-33
4.520000000000000000e+02 2.127838999999999920e-21 1.203300147194449461e-34
4.530000000000000000e+02 5.732504000000000278e-22 1.283116306345043922e-35
4.540000000000000000e+02 1.516484000000000103e-22 1.324782705901628978e-36
4.550000000000000000e+02 3.939423000000000104e-23 1.323981425910156264e-37
4.560000000000000000e+02 1.004939000000000063e-23 1.280380466374158857e-38
4.570000000000000000e+02 2.517506000000000052e-24 1.197749907253515204e-39
4.580000000000000000e+02 6.193463999999999722e-25 1.083431668470092963e-40
4.590000000000000000e+02 1.496364999999999983e-25 9.472639899191927366e-42
4.600000000000000000e+02 3.550496000000000245e-26 8.001796714844676503e-43
4.610000000000000000e+02 8.273585999999999633e-27 6.527545530533696410e-44
4.620000000000000000e+02 1.893459999999999924e-27 5.139758345302562001e-45
4.630000000000000000e+02 4.255783000000000406e-28 3.904220758451184127e-46
4.640000000000000000e+02 9.394317999999999707e-29 2.859414369570039925e-47
4.650000000000000000e+02 2.036639999999999907e-29 2.017924778525193637e-48
4.660000000000000000e+02 4.336363999999999990e-30 1.371300465406585816e-49
4.670000000000000000e+02 9.067709000000000513e-31 8.967153504571327342e-51
4.680000000000000000e+02 1.862199999999999963e-31 5.638227139997844070e-52
4.690000000000000000e+02 3.755844000000000178e-32 3.405993563753330211e-53
4.700000000000000000e+02 7.439351000000000030e-33 1.975057578981387126e-54
4.710000000000000000e+02 1.447110000000000053e-33 1.098352468311305324e-55
4.720000000000000000e+02 2.764382000000000123e-34 5.851815937724827424e-57
4.730000000000000000e+02 5.185789000000000153e-35 2.983676768247636661e-58
4.740000000000000000e+02 9.553009999999999586e-36 1.454158544524808187e-59
4.750000000000000000e+02 1.728071000000000030e-36 6.765734327998884190e-61
4.760000000000000000e+02 3.069476000000000137e-37 3.000942368063895320e-62
4.770000000000000000e+02 5.353441000000000446e-38 1.267018226516360057e-63
4.780000000000000000e+02 9.167492999999999969e-39 5.083623945899945808e-65
4.790000000000000000e+02 1.541339999999999913e-39 1.934838379409401212e-66
4.800000000000000000e+02 2.544230999999999983e-40 6.971622325807819117e-68
4.810000000000000000e+02 4.122904999999999896e-41 2.372961574746883108e-69
4.820000000000000000e+02 6.558670999999999855e-42 7.611361518999698862e-71
4.830000000000000000e+02 1.024164000000000077e-42 2.294446375582443677e-72
4.840000000000000000e+02 1.569777999999999927e-43 6.480793531031231201e-74
4.850000000000000000e+02 2.361536000000000212e-44 1.709385581808675581e-75
4.860000000000000000e+02 3.486652000000000024e-45 4.194164755365592459e-77
4.870000000000000000e+02 5.051842999999999869e-46 9.531055898570262233e-79
4.880000000000000000e+02 7.182661999999999737e-47 1.995886378759726934e-80
4.890000000000000000e+02 1.002030999999999993e-47 3.828975959251941309e-82
4.900000000000000000e+02 1.371515000000000058e-48 6.683191928877302786e-84
4.910000000000000000e+02 1.841643999999999890e-49 1.052603028798172015e-85
4.920000000000000000e+02 2.425812999999999860e-50 1.481112784237960457e-87
4.930000000000000000e+02 3.134102000000000205e-51 1.839022380429077491e-89
4.940000000000000000e+02 3.971272999999999898e-52 1.983579178890700088e-91
4.950000000000000000e+02 4.934709000000000313e-53 1.820737580623664741e-93
4.960000000000000000e+02 6.012579000000000402e-54 1.382839825283783739e-95
4.970000000000000000e+02 7.182536000000000165e-55 8.342967911213924377e-98
4.980000000000000000e+02 8.411250999999999790e-56 3.748780760105380293e-100
4.990000000000000000e+02 9.655197999999999535e-57 1.115199348132020434e-102
5.000000000000000000e+02 1.087554000000000005e-57 1.647379182468549079e-105
5.010000000000000000e+02 1.326766999999999920e-58 0.000000000000000000e+00
