1.000000000000000000e+00 5.091660000000000075e-01 4.011248007041167156e-05
2.000000000000000000e+00 5.140749000000000013e-01 4.190621340689364610e-05
3.000000000000000000e+00 5.208420000000000272e-01 4.962393342044099317e-05
4.000000000000000000e+00 5.078103999999999951e-01 6.834025345329478257e-05
5.000000000000000000e+00 5.047251999999999850e-01 8.588662681742825441e-05
6.000000000000000000e+00 5.089785000000000004e-01 9.474245349964004399e-05
7.000000000000000000e+00 5.134800000000000475e-01 1.003055735094052859e-04
8.000000000000000000e+00 5.137705999999999662e-01 1.115712535291805659e-04
9.000000000000000000e+00 5.076175000000000548e-01 1.297423068944105655e-04
1.000000000000000000e+01 5.075338999999999823e-01 1.423390669165223521e-04
1.100000000000000000e+01 5.103849000000000302e-01 1.473468002586460473e-04
1.200000000000000000e+01 5.124668999999999475e-01 1.525382669344255680e-04
1.300000000000000000e+01 5.115281000000000411e-01 1.648029336226211063e-04
1.400000000000000000e+01 5.080196999999999630e-01 1.817672003190661000e-04
1.500000000000000000e+01 5.085361000000000464e-01 1.927210670049606892e-04
1.600000000000000000e+01 5.104695999999999678e-01 1.982122670145997133e-04
1.700000000000000000e+01 5.114231999999999667e-01 2.057420003611504233e-04
1.800000000000000000e+01 5.102645999999999571e-01 2.198401337192309557e-04
1.900000000000000000e+01 5.081896000000000191e-01 2.362546670813776633e-04
2.000000000000000000e+01 5.088553000000000104e-01 2.465433337661045447e-04
2.100000000000000000e+01 5.101639000000000035e-01 2.530014671107742538e-04
2.200000000000000000e+01 5.105066999999999799e-01 2.624702671273953440e-04
2.300000000000000000e+01 5.094121999999999817e-01 2.775170671538078164e-04
2.400000000000000000e+01 5.081681999999999588e-01 2.930460005143999775e-04
2.500000000000000000e+01 5.088078000000000323e-01 3.028229338648953076e-04
2.600000000000000000e+01 5.096671999999999869e-01 3.102120005445323865e-04
2.700000000000000000e+01 5.096638000000000002e-01 3.211024005636489579e-04
2.800000000000000000e+01 5.087148999999999699e-01 3.364409339239068215e-04
2.900000000000000000e+01 5.079681999999999809e-01 3.509700006160772125e-04
3.000000000000000000e+01 5.085142000000000273e-01 3.604277339660122317e-04
3.100000000000000000e+01 5.090449000000000224e-01 3.687156006472270338e-04
3.200000000000000000e+01 5.088458999999999621e-01 3.806313340014767397e-04
3.300000000000000000e+01 5.080535000000000467e-01 3.958666673615534779e-04
3.400000000000000000e+01 5.076060999999999490e-01 4.094565340520751775e-04
3.500000000000000000e+01 5.080362999999999962e-01 4.187989340684744339e-04
3.600000000000000000e+01 5.083246000000000153e-01 4.279366674178477310e-04
3.700000000000000000e+01 5.080194000000000099e-01 4.405616007733423279e-04
3.800000000000000000e+01 5.073682000000000469e-01 4.554676007995076730e-04
3.900000000000000000e+01 5.070970000000000200e-01 4.682577341552922497e-04
4.000000000000000000e+01 5.074092999999999520e-01 4.776581341717932500e-04
4.100000000000000000e+01 5.075188000000000477e-01 4.875702675225258831e-04
4.200000000000000000e+01 5.071607999999999672e-01 5.006492008788174155e-04
4.300000000000000000e+01 5.066268000000000438e-01 5.151125342375390513e-04
4.400000000000000000e+01 5.064535000000000009e-01 5.272706675922142960e-04
4.500000000000000000e+01 5.066547000000000134e-01 5.368592009423789379e-04
4.600000000000000000e+01 5.066321000000000296e-01 5.474504009609701535e-04
4.700000000000000000e+01 5.062529000000000057e-01 5.607828009843732414e-04
4.800000000000000000e+01 5.058106999999999465e-01 5.747661343422522670e-04
4.900000000000000000e+01 5.056844999999999812e-01 5.864602676961130174e-04
5.000000000000000000e+01 5.057855999999999463e-01 5.963258677134306018e-04
5.100000000000000000e+01 5.056659999999999489e-01 6.074925343996988129e-04
5.200000000000000000e+01 5.052834999999999965e-01 6.209264010899466805e-04
5.300000000000000000e+01 5.049093999999999527e-01 6.344430677803398772e-04
5.400000000000000000e+01 5.047977000000000158e-01 6.458277344669907747e-04
5.500000000000000000e+01 5.048105999999999982e-01 6.560221344848854962e-04
5.600000000000000000e+01 5.046199000000000101e-01 6.676580011719772390e-04
5.700000000000000000e+01 5.042429000000000494e-01 6.810825345288754355e-04
5.800000000000000000e+01 5.039162999999999837e-01 6.941768012185271959e-04
5.900000000000000000e+01 5.037983000000000322e-01 7.053844012382005230e-04
6.000000000000000000e+01 5.037346999999999797e-01 7.159292012567104301e-04
6.100000000000000000e+01 5.034921999999999453e-01 7.279336012777824988e-04
6.200000000000000000e+01 5.031240999999999630e-01 7.412745346345337924e-04
6.300000000000000000e+01 5.028278000000000469e-01 7.540090679902208045e-04
6.400000000000000000e+01 5.026905999999999874e-01 7.651493346764426081e-04
6.500000000000000000e+01 5.025616000000000527e-01 7.760428013622311383e-04
6.600000000000000000e+01 5.022809000000000301e-01 7.883241347171226262e-04
6.700000000000000000e+01 5.019217000000000262e-01 8.015361347403143289e-04
6.800000000000000000e+01 5.016414999999999624e-01 8.139810680954929741e-04
6.900000000000000000e+01 5.014775000000000205e-01 8.251389347817456076e-04
7.000000000000000000e+01 5.012927000000000355e-01 8.363624014681135272e-04
7.100000000000000000e+01 5.009837000000000318e-01 8.488409348233510099e-04
7.200000000000000000e+01 5.006312000000000539e-01 8.619026681796124450e-04
7.300000000000000000e+01 5.003560000000000230e-01 8.741296015344082954e-04
7.400000000000000000e+01 5.001609999999999667e-01 8.853689348874706991e-04
7.500000000000000000e+01 4.999289000000000094e-01 8.968933349077002661e-04
7.600000000000000000e+01 4.995982999999999952e-01 9.095030682631681041e-04
7.700000000000000000e+01 4.992492000000000041e-01 9.224117349524940885e-04
7.800000000000000000e+01 4.989701999999999749e-01 9.344892016403609199e-04
7.900000000000000000e+01 4.987426999999999833e-01 9.458546683269780566e-04
8.000000000000000000e+01 4.984702999999999773e-01 9.576446683476737623e-04
8.100000000000000000e+01 4.981222000000000150e-01 9.703340017032812846e-04
8.200000000000000000e+01 4.977729000000000181e-01 9.831004017256908967e-04
8.300000000000000000e+01 4.974834000000000200e-01 9.950910684134053972e-04
8.400000000000000000e+01 4.972230999999999734e-01 1.006611068433627175e-03
8.500000000000000000e+01 4.969161999999999746e-01 1.018629735121390906e-03
8.600000000000000000e+01 4.965532999999999753e-01 1.031360001810403652e-03
8.700000000000000000e+01 4.961999000000000271e-01 1.044005335165934046e-03
8.800000000000000000e+01 4.958950999999999776e-01 1.055963735186925267e-03
8.900000000000000000e+01 4.956027000000000071e-01 1.067654401874113326e-03
9.000000000000000000e+01 4.952657999999999783e-01 1.079865468562214801e-03
9.100000000000000000e+01 4.948893999999999793e-01 1.092611201917921245e-03
9.200000000000000000e+01 4.945281999999999734e-01 1.105162401939953137e-03
9.300000000000000000e+01 4.942044999999999910e-01 1.117135201960969652e-03
9.400000000000000000e+01 4.938814000000000259e-01 1.129002001981799968e-03
9.500000000000000000e+01 4.935180000000000122e-01 1.141372668670181598e-03
9.600000000000000000e+01 4.931282000000000165e-01 1.154119068692556309e-03
9.700000000000000000e+01 4.927560000000000273e-01 1.166606802047809831e-03
9.800000000000000000e+01 4.924108999999999847e-01 1.178631468735584064e-03
9.900000000000000000e+01 4.920584000000000069e-01 1.190673068756721402e-03
1.000000000000000000e+02 4.916712999999999778e-01 1.203174935445333171e-03
1.010000000000000000e+02 4.912676000000000265e-01 1.215916535467699523e-03
1.020000000000000000e+02 4.908815999999999735e-01 1.228372402156230553e-03
1.030000000000000000e+02 4.905134999999999912e-01 1.240478935510815235e-03
1.040000000000000000e+02 4.901330999999999882e-01 1.252689068865581613e-03
1.050000000000000000e+02 4.897239999999999926e-01 1.265299202221050129e-03
1.060000000000000000e+02 4.893057000000000101e-01 1.278038535576745500e-03
1.070000000000000000e+02 4.889032999999999851e-01 1.290493468931941650e-03
1.080000000000000000e+02 4.885111999999999788e-01 1.302704002286708814e-03
1.090000000000000000e+02 4.881042999999999910e-01 1.315073602308422041e-03
1.100000000000000000e+02 4.876744000000000079e-01 1.327774802330717154e-03
1.110000000000000000e+02 4.872403000000000151e-01 1.340520002353089287e-03
1.120000000000000000e+02 4.868194000000000132e-01 1.353002669041667621e-03
1.130000000000000000e+02 4.864029000000000269e-01 1.365334669063314682e-03
1.140000000000000000e+02 4.859706999999999777e-01 1.377853335751956032e-03
1.150000000000000000e+02 4.855205000000000215e-01 1.390634669107725140e-03
1.160000000000000000e+02 4.850694999999999868e-01 1.403398669130130573e-03
1.170000000000000000e+02 4.846285000000000176e-01 1.415936002485471265e-03
1.180000000000000000e+02 4.841871999999999843e-01 1.428398669174014588e-03
1.190000000000000000e+02 4.837306000000000106e-01 1.441057335862901655e-03
1.200000000000000000e+02 4.832603999999999789e-01 1.453912002552132680e-03
1.210000000000000000e+02 4.827911999999999759e-01 1.466710669241265679e-03
1.220000000000000000e+02 4.823286999999999991e-01 1.479325335930075508e-03
1.230000000000000000e+02 4.818625000000000269e-01 1.491925335952192996e-03
1.240000000000000000e+02 4.813821999999999823e-01 1.504716002641311992e-03
1.250000000000000000e+02 4.808918999999999833e-01 1.517644002664005152e-03
1.260000000000000000e+02 4.804031000000000273e-01 1.530494669353229392e-03
1.270000000000000000e+02 4.799181000000000141e-01 1.543206669375543150e-03
1.280000000000000000e+02 4.794271999999999978e-01 1.555949336064577906e-03
1.290000000000000000e+02 4.789236000000000049e-01 1.568864002753914393e-03
1.300000000000000000e+02 4.784127000000000240e-01 1.581869336110076690e-03
1.310000000000000000e+02 4.779032999999999753e-01 1.594789336132755846e-03
1.320000000000000000e+02 4.773949000000000109e-01 1.607614669488602191e-03
1.330000000000000000e+02 4.768793000000000060e-01 1.620501336177889665e-03
1.340000000000000000e+02 4.763526000000000149e-01 1.633537336200772527e-03
1.350000000000000000e+02 4.758204999999999796e-01 1.646625336223746412e-03
1.360000000000000000e+02 4.752893000000000256e-01 1.659633336246580044e-03
1.370000000000000000e+02 4.747567999999999788e-01 1.672585336269315432e-03
1.380000000000000000e+02 4.742164999999999853e-01 1.685617336292191508e-03
1.390000000000000000e+02 4.736666999999999961e-01 1.698773336315284859e-03
1.400000000000000000e+02 4.731128000000000000e-01 1.711953336338420438e-03
1.410000000000000000e+02 4.725586999999999982e-01 1.725065336361436769e-03
1.420000000000000000e+02 4.720017000000000240e-01 1.738156003051082206e-03
1.430000000000000000e+02 4.714365999999999834e-01 1.751334669740881901e-03
1.440000000000000000e+02 4.708634999999999904e-01 1.764612003097521843e-03
1.450000000000000000e+02 4.702869000000000077e-01 1.777896003120840122e-03
1.460000000000000000e+02 4.697090999999999905e-01 1.791126669810731275e-03
1.470000000000000000e+02 4.691271000000000191e-01 1.804365336500636432e-03
1.480000000000000000e+02 4.685370999999999841e-01 1.817692003190695847e-03
1.490000000000000000e+02 4.679401000000000255e-01 1.831094669880889165e-03
1.500000000000000000e+02 4.673399999999999777e-01 1.844493336571075047e-03
1.510000000000000000e+02 4.667376999999999776e-01 1.857858669927869247e-03
1.520000000000000000e+02 4.661300999999999917e-01 1.871250669951377227e-03
1.530000000000000000e+02 4.655150000000000121e-01 1.884728003308367913e-03
1.540000000000000000e+02 4.648938000000000237e-01 1.898262669998793161e-03
1.550000000000000000e+02 4.642693999999999988e-01 1.911789336689203537e-03
1.560000000000000000e+02 4.636416999999999899e-01 1.925301336712922223e-03
1.570000000000000000e+02 4.630081999999999809e-01 1.938856003403382046e-03
1.580000000000000000e+02 4.623674999999999868e-01 1.952486670093975555e-03
1.590000000000000000e+02 4.617214000000000040e-01 1.966160003451310201e-03
1.600000000000000000e+02 4.610716999999999732e-01 1.979828003475302394e-03
1.610000000000000000e+02 4.604179999999999939e-01 1.993498670165965922e-03
1.620000000000000000e+02 4.597580000000000000e-01 2.007220003523385241e-03
1.630000000000000000e+02 4.590912999999999800e-01 2.021009336880923591e-03
1.640000000000000000e+02 4.584194999999999798e-01 2.034830670238517956e-03
1.650000000000000000e+02 4.577437999999999785e-01 2.048653336929448857e-03
1.660000000000000000e+02 4.570633000000000057e-01 2.062492003620406897e-03
1.670000000000000000e+02 4.563764000000000154e-01 2.076386670311463831e-03
1.680000000000000000e+02 4.556831000000000076e-01 2.090340003669290559e-03
1.690000000000000000e+02 4.549848000000000225e-01 2.104320003693830200e-03
1.700000000000000000e+02 4.542821000000000220e-01 2.118308003718384278e-03
1.710000000000000000e+02 4.535740999999999801e-01 2.132325337076323036e-03
1.720000000000000000e+02 4.528595999999999733e-01 2.146398670434359821e-03
1.730000000000000000e+02 4.521390000000000131e-01 2.160524003792488063e-03
1.740000000000000000e+02 4.514134000000000202e-01 2.174673337150658317e-03
1.750000000000000000e+02 4.506830000000000003e-01 2.188840003842192680e-03
1.760000000000000000e+02 4.499466999999999772e-01 2.203042670533790059e-03
1.770000000000000000e+02 4.492039999999999922e-01 2.217301337225485898e-03
1.780000000000000000e+02 4.484553000000000011e-01 2.231606670583930092e-03
1.790000000000000000e+02 4.477014000000000271e-01 2.245936003942416298e-03
1.800000000000000000e+02 4.469423000000000146e-01 2.260290670634281050e-03
1.810000000000000000e+02 4.461769999999999903e-01 2.274688003992886721e-03
1.820000000000000000e+02 4.454053000000000040e-01 2.289140004018254751e-03
1.830000000000000000e+02 4.446277000000000146e-01 2.303633337377029335e-03
1.840000000000000000e+02 4.438445999999999780e-01 2.318153337402516830e-03
1.850000000000000000e+02 4.430557999999999996e-01 2.332705337428061208e-03
1.860000000000000000e+02 4.422607000000000066e-01 2.347306670787024842e-03
1.870000000000000000e+02 4.414591999999999961e-01 2.361957337479408600e-03
1.880000000000000000e+02 4.406516999999999795e-01 2.376649337505198478e-03
1.890000000000000000e+02 4.398385000000000211e-01 2.391370670864373035e-03
1.900000000000000000e+02 4.390190999999999955e-01 2.406132004223617612e-03
1.910000000000000000e+02 4.381933000000000078e-01 2.420941337582946645e-03
1.920000000000000000e+02 4.373609999999999998e-01 2.435801337609031468e-03
1.930000000000000000e+02 4.365225999999999829e-01 2.450700004301850209e-03
1.940000000000000000e+02 4.356781000000000126e-01 2.465634670994732835e-03
1.950000000000000000e+02 4.348273000000000277e-01 2.480612004354356380e-03
1.960000000000000000e+02 4.339698000000000166e-01 2.495640004380736150e-03
1.970000000000000000e+02 4.331056999999999824e-01 2.510714671073864274e-03
1.980000000000000000e+02 4.322352999999999890e-01 2.525830671100398085e-03
1.990000000000000000e+02 4.313585999999999809e-01 2.540986671127001915e-03
2.000000000000000000e+02 4.304750999999999994e-01 2.556189337820354533e-03
2.010000000000000000e+02 4.295848999999999918e-01 2.571442671180463376e-03
2.020000000000000000e+02 4.286879000000000106e-01 2.586742671207320141e-03
2.030000000000000000e+02 4.277844000000000091e-01 2.602085337900918692e-03
2.040000000000000000e+02 4.268741999999999814e-01 2.617472004594594264e-03
2.050000000000000000e+02 4.259569999999999745e-01 2.632906671288354292e-03
2.060000000000000000e+02 4.250328999999999913e-01 2.648393337982205779e-03
2.070000000000000000e+02 4.241018999999999761e-01 2.663926671342805620e-03
2.080000000000000000e+02 4.231639999999999846e-01 2.679505338036818583e-03
2.090000000000000000e+02 4.222192000000000167e-01 2.695130671397579902e-03
2.100000000000000000e+02 4.212671000000000054e-01 2.710806671425096577e-03
2.110000000000000000e+02 4.203079000000000121e-01 2.726533338119369043e-03
2.120000000000000000e+02 4.193415999999999810e-01 2.742309338147061633e-03
2.130000000000000000e+02 4.183681000000000205e-01 2.758130671508166910e-03
2.140000000000000000e+02 4.173873000000000166e-01 2.774002671536027979e-03
2.150000000000000000e+02 4.163990000000000191e-01 2.789926671563980505e-03
2.160000000000000000e+02 4.154033999999999782e-01 2.805901338258687955e-03
2.170000000000000000e+02 4.144002999999999992e-01 2.821925338286816395e-03
2.180000000000000000e+02 4.133897999999999739e-01 2.837998671648363658e-03
2.190000000000000000e+02 4.123717000000000077e-01 2.854124005010002813e-03
2.200000000000000000e+02 4.113458999999999866e-01 2.870302671705068660e-03
2.210000000000000000e+02 4.103124000000000215e-01 2.886532005066890297e-03
2.220000000000000000e+02 4.092712000000000017e-01 2.902812005095467725e-03
2.230000000000000000e+02 4.082222999999999824e-01 2.919144005124136177e-03
2.240000000000000000e+02 4.071654000000000106e-01 2.935529338486231755e-03
2.250000000000000000e+02 4.061004999999999754e-01 2.951966671848418357e-03
2.260000000000000000e+02 4.050275999999999876e-01 2.968457338544032084e-03
2.270000000000000000e+02 4.039466999999999919e-01 2.985000005239736836e-03
2.280000000000000000e+02 4.028576999999999853e-01 3.001594671935533046e-03
2.290000000000000000e+02 4.017605000000000204e-01 3.018244005298092048e-03
2.300000000000000000e+02 4.006548999999999805e-01 3.034948005327412976e-03
2.310000000000000000e+02 3.995410999999999824e-01 3.051704005356826229e-03
2.320000000000000000e+02 3.984188000000000174e-01 3.068513338719665740e-03
2.330000000000000000e+02 3.972880999999999774e-01 3.085376005415932377e-03
2.340000000000000000e+02 3.961488000000000231e-01 3.102294672112297039e-03
2.350000000000000000e+02 3.950008999999999881e-01 3.119266672142089261e-03
2.360000000000000000e+02 3.938442999999999805e-01 3.136292005505308175e-03
2.370000000000000000e+02 3.926788999999999974e-01 3.153370672201954213e-03
2.380000000000000000e+02 3.915045999999999804e-01 3.170504005565362177e-03
2.390000000000000000e+02 3.903214999999999879e-01 3.187693338928869035e-03
2.400000000000000000e+02 3.891293000000000113e-01 3.204936005625802584e-03
2.410000000000000000e+02 3.879279999999999951e-01 3.222232005656163259e-03
2.420000000000000000e+02 3.867175999999999947e-01 3.239582672353286726e-03
2.430000000000000000e+02 3.854980000000000073e-01 3.256988005717172119e-03
2.440000000000000000e+02 3.842690000000000272e-01 3.274448005747821171e-03
2.450000000000000000e+02 3.830304999999999960e-01 3.291961339111896916e-03
2.460000000000000000e+02 3.817826000000000275e-01 3.309528005809398918e-03
2.470000000000000000e+02 3.805252000000000079e-01 3.327149339173663713e-03
2.480000000000000000e+02 3.792579999999999840e-01 3.344824005871356067e-03
2.490000000000000000e+02 3.779810000000000114e-01 3.362552005902474678e-03
2.500000000000000000e+02 3.766942999999999819e-01 3.380334672600356083e-03
2.510000000000000000e+02 3.753974999999999951e-01 3.398169339298328945e-03
2.520000000000000000e+02 3.740906999999999982e-01 3.416056005996393700e-03
2.530000000000000000e+02 3.727737999999999885e-01 3.433997339361219946e-03
2.540000000000000000e+02 3.714467000000000185e-01 3.451989339392802416e-03
2.550000000000000000e+02 3.701092000000000271e-01 3.470033339424475911e-03
2.560000000000000000e+02 3.687613000000000141e-01 3.488129339456241297e-03
2.570000000000000000e+02 3.674028999999999767e-01 3.506277339488097274e-03
2.580000000000000000e+02 3.660339000000000231e-01 3.524474672853373809e-03
2.590000000000000000e+02 3.646540999999999810e-01 3.542722672885404833e-03
2.600000000000000000e+02 3.632635000000000169e-01 3.561020006250856847e-03
2.610000000000000000e+02 3.618619000000000141e-01 3.579366672949728118e-03
2.620000000000000000e+02 3.604492999999999725e-01 3.597762672982019513e-03
2.630000000000000000e+02 3.590254999999999974e-01 3.616205339681060563e-03
2.640000000000000000e+02 3.575903999999999749e-01 3.634694673046849102e-03
2.650000000000000000e+02 3.561439000000000132e-01 3.653232006412721663e-03
2.660000000000000000e+02 3.546860000000000013e-01 3.671813339778672112e-03
2.670000000000000000e+02 3.532163999999999859e-01 3.690440006478035249e-03
2.680000000000000000e+02 3.517351000000000227e-01 3.709110673177474973e-03
2.690000000000000000e+02 3.502418999999999949e-01 3.727824006543657351e-03
2.700000000000000000e+02 3.487367000000000106e-01 3.746580006576580649e-03
2.710000000000000000e+02 3.472194000000000114e-01 3.765374673276238732e-03
2.720000000000000000e+02 3.456898999999999944e-01 3.784210673309302067e-03
2.730000000000000000e+02 3.441480000000000095e-01 3.803085340009101055e-03
2.740000000000000000e+02 3.425935999999999981e-01 3.821996006708962626e-03
2.750000000000000000e+02 3.410265000000000102e-01 3.840942673408887214e-03
2.760000000000000000e+02 3.394467999999999930e-01 3.859922673442204352e-03
2.770000000000000000e+02 3.378540999999999905e-01 3.878937340142248405e-03
2.780000000000000000e+02 3.362483000000000000e-01 3.897981340175677139e-03
2.790000000000000000e+02 3.346294000000000213e-01 3.917056006875826654e-03
2.800000000000000000e+02 3.329970999999999903e-01 3.936157340242689082e-03
2.810000000000000000e+02 3.313514000000000181e-01 3.955285340276265722e-03
2.820000000000000000e+02 3.296919999999999851e-01 3.974437340309885242e-03
2.830000000000000000e+02 3.280189000000000021e-01 3.993610673676873703e-03
2.840000000000000000e+02 3.263318000000000052e-01 4.012802673710562373e-03
2.850000000000000000e+02 3.246306999999999943e-01 4.032013340410951253e-03
2.860000000000000000e+02 3.229152000000000133e-01 4.051237340444695939e-03
2.870000000000000000e+02 3.211854000000000098e-01 4.070474673811798165e-03
2.880000000000000000e+02 3.194409999999999750e-01 4.089721340512248761e-03
2.890000000000000000e+02 3.176819000000000170e-01 4.108976007212714228e-03
2.900000000000000000e+02 3.159078000000000164e-01 4.128233340579851030e-03
2.910000000000000000e+02 3.141186999999999729e-01 4.147490673946987831e-03
2.920000000000000000e+02 3.123142999999999891e-01 4.166746673980789399e-03
2.930000000000000000e+02 3.104945000000000066e-01 4.185997340681247431e-03
2.940000000000000000e+02 3.086590000000000167e-01 4.205237340715020991e-03
2.950000000000000000e+02 3.068077000000000165e-01 4.224465340748772245e-03
2.960000000000000000e+02 3.049404000000000003e-01 4.243676007449161125e-03
2.970000000000000000e+02 3.030570000000000208e-01 4.262865340816178461e-03
2.980000000000000000e+02 3.011571000000000109e-01 4.282028007516482451e-03
2.990000000000000000e+02 2.992407000000000261e-01 4.301162674216736995e-03
3.000000000000000000e+02 2.973073999999999995e-01 4.320261340916928088e-03
3.010000000000000000e+02 2.953571999999999864e-01 4.339320007617050029e-03
3.020000000000000000e+02 2.933897999999999784e-01 4.358333340983759283e-03
3.030000000000000000e+02 2.914049000000000222e-01 4.377297341017047545e-03
3.040000000000000000e+02 2.894024000000000041e-01 4.396205341050236914e-03
3.050000000000000000e+02 2.873820999999999737e-01 4.415050674416651222e-03
3.060000000000000000e+02 2.853436999999999779e-01 4.433826674449609095e-03
3.070000000000000000e+02 2.832869000000000081e-01 4.452529341149106569e-03
3.080000000000000000e+02 2.812116000000000060e-01 4.471149341181790936e-03
3.090000000000000000e+02 2.791176000000000212e-01 4.489678674547649927e-03
3.100000000000000000e+02 2.770043999999999840e-01 4.508113341246676106e-03
3.110000000000000000e+02 2.748721000000000081e-01 4.526441341278848035e-03
3.120000000000000000e+02 2.727202000000000237e-01 4.544657341310823911e-03
3.130000000000000000e+02 2.705485000000000251e-01 4.562750674675917530e-03
3.140000000000000000e+02 2.683568000000000064e-01 4.580713341374114018e-03
3.150000000000000000e+02 2.661447000000000118e-01 4.598534674738730642e-03
3.160000000000000000e+02 2.639120999999999828e-01 4.616205341436415560e-03
3.170000000000000000e+02 2.616586000000000189e-01 4.633714674800484302e-03
3.180000000000000000e+02 2.593840000000000034e-01 4.651050674830914562e-03
3.190000000000000000e+02 2.570879999999999832e-01 4.668202674861022736e-03
3.200000000000000000e+02 2.547702000000000022e-01 4.685157341557450415e-03
3.210000000000000000e+02 2.524303999999999992e-01 4.701902674920177896e-03
3.220000000000000000e+02 2.500684000000000240e-01 4.718425341615848506e-03
3.230000000000000000e+02 2.476836000000000038e-01 4.734710674977767736e-03
3.240000000000000000e+02 2.452759999999999940e-01 4.750744008339245414e-03
3.250000000000000000e+02 2.428451000000000082e-01 4.766509341700252665e-03
3.260000000000000000e+02 2.403906000000000098e-01 4.781989341727426249e-03
3.270000000000000000e+02 2.379120999999999875e-01 4.797168008420736422e-03
3.280000000000000000e+02 2.354093999999999909e-01 4.812026675113485578e-03
3.290000000000000000e+02 2.328821000000000085e-01 4.826546675138972640e-03
3.300000000000000000e+02 2.303298000000000012e-01 4.840706675163828666e-03
3.310000000000000000e+02 2.277521999999999880e-01 4.854485341854682112e-03
3.320000000000000000e+02 2.251489000000000129e-01 4.867862675211497535e-03
3.330000000000000000e+02 2.225195000000000090e-01 4.880812008567561588e-03
3.340000000000000000e+02 2.198635999999999924e-01 4.893310675256167495e-03
3.350000000000000000e+02 2.171809000000000101e-01 4.905330675277266676e-03
3.360000000000000000e+02 2.144709999999999950e-01 4.916846675297481019e-03
3.370000000000000000e+02 2.117333999999999883e-01 4.927828008650090609e-03
3.380000000000000000e+02 2.089677000000000062e-01 4.938242675335039432e-03
3.390000000000000000e+02 2.061736000000000124e-01 4.948061342018941072e-03
3.400000000000000000e+02 2.033504999999999896e-01 4.957246675368397713e-03
3.410000000000000000e+02 2.004981000000000124e-01 4.965764008716682006e-03
3.420000000000000000e+02 1.976158000000000081e-01 4.973576008730395265e-03
3.430000000000000000e+02 1.947032999999999958e-01 4.980638675409459169e-03
3.440000000000000000e+02 1.917600999999999889e-01 4.986912008753804568e-03
3.450000000000000000e+02 1.887857000000000007e-01 4.992348008763346570e-03
3.460000000000000000e+02 1.857795999999999892e-01 4.996900008771336388e-03
3.470000000000000000e+02 1.827412999999999954e-01 5.000517342111020398e-03
3.480000000000000000e+02 1.796703000000000050e-01 5.003142675448961872e-03
3.490000000000000000e+02 1.765662000000000065e-01 5.004720008785063651e-03
3.500000000000000000e+02 1.734283000000000075e-01 5.005186675452549805e-03
3.510000000000000000e+02 1.702561999999999964e-01 5.004477342117971336e-03
3.520000000000000000e+02 1.670493000000000117e-01 5.002521342114537445e-03
3.530000000000000000e+02 1.638071000000000110e-01 4.999245342108786863e-03
3.540000000000000000e+02 1.605290000000000050e-01 4.994568008767243453e-03
3.550000000000000000e+02 1.572145000000000070e-01 4.988402675423087539e-03
3.560000000000000000e+02 1.538629999999999998e-01 4.980661342076165947e-03
3.570000000000000000e+02 1.504738999999999938e-01 4.971241342059630128e-03
3.580000000000000000e+02 1.470465999999999995e-01 4.960041342039970234e-03
3.590000000000000000e+02 1.435804999999999998e-01 4.946945342016981911e-03
3.600000000000000000e+02 1.400751000000000079e-01 4.931832008657119001e-03
3.610000000000000000e+02 1.365297000000000038e-01 4.914569341960150876e-03
3.620000000000000000e+02 1.329438000000000009e-01 4.895016008592494201e-03
3.630000000000000000e+02 1.293167000000000066e-01 4.873016008553876337e-03
3.640000000000000000e+02 1.256478000000000039e-01 4.848402675177337570e-03
3.650000000000000000e+02 1.219366000000000061e-01 4.820993341795891049e-03
3.660000000000000000e+02 1.181824000000000069e-01 4.790588008409185812e-03
3.670000000000000000e+02 1.143847999999999948e-01 4.756970675016842023e-03
3.680000000000000000e+02 1.105430000000000024e-01 4.719904008285110905e-03
3.690000000000000000e+02 1.066567999999999961e-01 4.679125341546862965e-03
3.700000000000000000e+02 1.027253999999999945e-01 4.634348008134929302e-03
3.710000000000000000e+02 9.874861000000000055e-02 4.585246674715406229e-03
3.720000000000000000e+02 9.472590999999999650e-02 4.531466674621002777e-03
3.730000000000000000e+02 9.065702000000000482e-02 4.472606674517681791e-03
3.740000000000000000e+02 8.654175000000000062e-02 4.408217341071322959e-03
3.750000000000000000e+02 8.238004999999999634e-02 4.337790674281032273e-03
3.760000000000000000e+02 7.817206000000000155e-02 4.260754674145807164e-03
3.770000000000000000e+02 7.391818999999999473e-02 4.176453340664494987e-03
3.780000000000000000e+02 6.961913000000000129e-02 4.084128007169097151e-03
3.790000000000000000e+02 6.527595999999999399e-02 3.982902673658078076e-03
3.800000000000000000e+02 6.089030000000000137e-02 3.871740006796280803e-03
3.810000000000000000e+02 5.646447999999999745e-02 3.749413339914887521e-03
3.820000000000000000e+02 5.200190999999999841e-02 3.614445339677970631e-03
3.830000000000000000e+02 4.750742000000000159e-02 3.465045339415720287e-03
3.840000000000000000e+02 4.298803000000000346e-02 3.299044005790995829e-03
3.850000000000000000e+02 3.845417999999999753e-02 3.113864005465938941e-03
3.860000000000000000e+02 3.392197000000000268e-02 2.906644005102194169e-03
3.870000000000000000e+02 2.941693999999999906e-02 2.674626671361588111e-03
3.880000000000000000e+02 2.497950999999999991e-02 2.416017337574303050e-03
3.890000000000000000e+02 2.067122000000000057e-02 2.131345337074602372e-03
3.900000000000000000e+02 1.657874000000000153e-02 1.825113336537056421e-03
3.910000000000000000e+02 1.281072999999999934e-02 1.507061335978762033e-03
3.920000000000000000e+02 9.482824000000000808e-03 1.192030402092437427e-03
3.930000000000000000e+02 6.691492999999999747e-03 8.977145349091416975e-04
3.940000000000000000e+02 4.486022999999999573e-03 6.406085344578292063e-04
3.950000000000000000e+02 2.852910000000000168e-03 4.317828007579324221e-04
3.960000000000000000e+02 1.721538000000000105e-03 2.744885338151583417e-04
3.970000000000000000e+02 9.873391999999999065e-04 1.645941336222545676e-04
3.980000000000000000e+02 5.395311000000000291e-04 9.321844016363152344e-05
3.990000000000000000e+02 2.816952000000000063e-04 4.996753342104412932e-05
4.000000000000000000e+02 1.409101000000000114e-04 2.541216004460737841e-05
4.010000000000000000e+02 6.769864000000000545e-05 1.229339468824594714e-05
4.020000000000000000e+02 3.130613999999999771e-05 5.670814676620963523e-06
4.030000000000000000e+02 1.396015000000000050e-05 2.500016004388417360e-06
4.040000000000000000e+02 6.012270999999999852e-06 1.055459068519372714e-06
4.050000000000000000e+02 2.504080000000000172e-06 4.274794674170451808e-07
4.060000000000000000e+02 1.009729000000000002e-06 1.663577336253503404e-07
4.070000000000000000e+02 3.945688000000000067e-07 6.229016010934138739e-08
4.080000000000000000e+02 1.495393999999999950e-07 2.246814670610625906e-08
4.090000000000000000e+02 5.500587000000000126e-08 7.815324013718672884e-09
4.100000000000000000e+02 1.964934999999999853e-08 2.624020004606088449e-09
4.110000000000000000e+02 6.820333000000000295e-09 8.511206681606861944e-10
4.120000000000000000e+02 2.301372000000000105e-09 2.668968004684988573e-10
4.130000000000000000e+02 7.552221999999999814e-10 8.096832014212820734e-11
4.140000000000000000e+02 2.411199000000000102e-10 2.377760004173814590e-11
4.150000000000000000e+02 7.492196000000000522e-11 6.762978678538099441e-12
4.160000000000000000e+02 2.266395000000000139e-11 1.863966669938591169e-12
4.170000000000000000e+02 6.676252000000000298e-12 4.980361342075638375e-13
4.180000000000000000e+02 1.915619000000000100e-12 1.290565602265401732e-13
4.190000000000000000e+02 5.355048999999999915e-13 3.244541339028657480e-14
4.200000000000000000e+02 1.458762999999999900e-13 7.916305347229265200e-15
4.210000000000000000e+02 3.873060000000000185e-14 1.875064003291404007e-15
4.220000000000000000e+02 1.002408000000000017e-14 4.312697340903651343e-16
4.230000000000000000e+02 2.529424000000000059e-15 9.634405350245141826e-17
4.240000000000000000e+02 6.223649000000000247e-16 2.090914670336965596e-17
4.250000000000000000e+02 1.493371999999999883e-16 4.409250674406469947e-18
4.260000000000000000e+02 3.494923000000000273e-17 9.036137349194968561e-19
4.270000000000000000e+02 7.978041000000000241e-18 1.799921336492835612e-19
4.280000000000000000e+02 1.776562999999999812e-18 3.485225339451143376e-20
4.290000000000000000e+02 3.859427999999999957e-19 6.560866678183321443e-21
4.300000000000000000e+02 8.179946000000000410e-20 1.200832402107888073e-21
4.310000000000000000e+02 1.691554999999999873e-20 2.137100003751370667e-22
4.320000000000000000e+02 3.413096999999999992e-21 3.698377339825301013e-23
4.330000000000000000e+02 6.719734999999999689e-22 6.223825344258360278e-24
4.340000000000000000e+02 1.290942999999999933e-22 1.018526135121208922e-24
4.350000000000000000e+02 2.420024999999999985e-23 1.620904002845263059e-25
4.360000000000000000e+02 4.426828000000000216e-24 2.508465337736582368e-26
4.370000000000000000e+02 7.901759000000000060e-25 3.774962673293069094e-27
4.380000000000000000e+02 1.376284000000000008e-25 5.523994676363242334e-28
4.390000000000000000e+02 2.339030000000000061e-26 7.859684013796540656e-29
4.400000000000000000e+02 3.878773000000000147e-27 1.087269068575210600e-29
4.410000000000000000e+02 6.275761999999999975e-28 1.462214669233373583e-30
4.420000000000000000e+02 9.906755000000000293e-29 1.911541336688768275e-31
4.430000000000000000e+02 1.525683999999999933e-29 2.428864004263520242e-32
4.440000000000000000e+02 2.292118999999999960e-30 2.999245338598076073e-33
4.450000000000000000e+02 3.359052999999999890e-31 3.598700006316998769e-34
4.460000000000000000e+02 4.801391000000000210e-32 4.195008007363731606e-35
4.470000000000000000e+02 6.693406999999999378e-33 4.750013341671296481e-36
4.480000000000000000e+02 9.099396999999999301e-34 5.223308009168763748e-37
4.490000000000000000e+02 1.206186000000000022e-34 5.576886676456086236e-38
4.500000000000000000e+02 1.558832000000000132e-35 5.780057343479389666e-39
4.510000000000000000e+02 1.963855000000000081e-36 5.813762676871888432e-40
4.520000000000000000e+02 2.411476999999999878e-37 5.673480009958975759e-41
4.530000000000000000e+02 2.885715000000000217e-38 5.370104009426442103e-42
4.540000000000000000e+02 3.364718000000000112e-39 4.928570675318061661e-43
4.550000000000000000e+02 3.822016000000000117e-40 4.384496007696349848e-44
4.560000000000000000e+02 4.228664999999999998e-41 3.779406673300869604e-45
4.570000000000000000e+02 4.556108000000000108e-42 3.155493338872346662e-46
4.580000000000000000e+02 4.779391000000000229e-43 2.550785337810868875e-47
4.590000000000000000e+02 4.880233999999999783e-44 1.995516003502840316e-48
4.600000000000000000e+02 4.849471999999999944e-45 1.510116002650790625e-49
4.610000000000000000e+02 4.688390000000000051e-46 1.104905601939502429e-50
4.620000000000000000e+02 4.408713000000000089e-47 7.812162680379791176e-52
4.630000000000000000e+02 4.031209000000000190e-48 5.334640009364190851e-53
4.640000000000000000e+02 3.583138999999999911e-49 3.516149339505426046e-54
4.650000000000000000e+02 3.094987999999999809e-50 2.235529337257482493e-55
4.660000000000000000e+02 2.597019999999999905e-51 1.370089335738327339e-56
4.670000000000000000e+02 2.116207999999999958e-52 8.088276014197801388e-58
4.680000000000000000e+02 1.673960999999999921e-53 4.595829341400648470e-59
4.690000000000000000e+02 1.284885000000000065e-54 2.511366671075008866e-60
4.700000000000000000e+02 9.566047999999999400e-56 1.318580268981244195e-61
4.710000000000000000e+02 6.904910999999999706e-57 6.645629344998776451e-63
4.720000000000000000e+02 4.829889000000000192e-58 3.211813338971208289e-64
4.730000000000000000e+02 3.272307999999999848e-59 1.486848002609947225e-65
4.740000000000000000e+02 2.146253000000000031e-60 6.585108011559207202e-67
4.750000000000000000e+02 1.361995000000000073e-61 2.786609338224823782e-68
4.760000000000000000e+02 8.357595999999999908e-63 1.125109735308301073e-69
4.770000000000000000e+02 4.955944000000000191e-64 4.327676007596610629e-71
4.780000000000000000e+02 2.838058000000000202e-65 1.583185336112386668e-72
4.790000000000000000e+02 1.568405999999999894e-66 5.498364009651584937e-74
4.800000000000000000e+02 8.358157000000000096e-68 1.809221336509160472e-75
4.810000000000000000e+02 4.291689999999999899e-69 5.627930676545687052e-77
4.820000000000000000e+02 2.121482000000000110e-70 1.650996002898085178e-78
4.830000000000000000e+02 1.008660000000000011e-71 4.555185341329303664e-80
4.840000000000000000e+02 4.608062000000000244e-73 1.178457735401945869e-81
4.850000000000000000e+02 2.020700999999999819e-74 2.848990671667658678e-83
4.860000000000000000e+02 8.495791999999999403e-76 6.411554677921226160e-85
4.870000000000000000e+02 3.420533999999999832e-77 1.337280002347402133e-86
4.880000000000000000e+02 1.317042000000000093e-78 2.572005337848117771e-88
4.890000000000000000e+02 4.842862000000000354e-80 4.534810674626872247e-90
4.900000000000000000e+02 1.697964999999999959e-81 7.279174679444207566e-92
4.910000000000000000e+02 5.666926999999999901e-83 1.055020001851935324e-93
4.920000000000000000e+02 1.797047999999999994e-84 1.366953335732822749e-95
4.930000000000000000e+02 5.403669000000000223e-86 1.563826669411738564e-97
4.940000000000000000e+02 1.537342999999999974e-87 1.555069336063033126e-99
4.950000000000000000e+02 4.128001999999999660e-89 1.316753068978036880e-101
4.960000000000000000e+02 1.043308999999999992e-90 9.230813349536694462e-104
4.970000000000000000e+02 2.474388999999999989e-92 5.143392009028482973e-106
4.980000000000000000e+02 5.488079999999999506e-94 2.135630670415458082e-108
4.990000000000000000e+02 1.133941000000000058e-95 5.874052010311051486e-111
5.000000000000000000e+02 2.173029999999999899e-97 8.027238680757325826e-114
5.010000000000000000e+02 3.905058000000000198e-99 0.000000000000000000e+00
