1.000000000000000000e+00 8.211948999999999499e-01 5.709212504703623100e-05
2.000000000000000000e+00 8.034208000000000460e-01 8.506895007008535403e-05
3.000000000000000000e+00 8.056883999999999713e-01 1.048392250863733989e-04
4.000000000000000000e+00 8.061161000000000021e-01 1.217725251003241562e-04
5.000000000000000000e+00 8.062975999999999477e-01 1.371047251129558250e-04
6.000000000000000000e+00 8.063700000000000312e-01 1.515339751248435843e-04
7.000000000000000000e+00 8.063871999999999707e-01 1.654814751363344754e-04
8.000000000000000000e+00 8.063717999999999719e-01 1.792191001476523980e-04
9.000000000000000000e+00 8.063346000000000124e-01 1.929271251589459695e-04
1.000000000000000000e+01 8.062818000000000485e-01 2.067250251703135842e-04
1.100000000000000000e+01 8.062169000000000141e-01 2.206898751818187402e-04
1.200000000000000000e+01 8.061424000000000367e-01 2.348684001934999495e-04
1.300000000000000000e+01 8.060597000000000456e-01 2.492853252053775157e-04
1.400000000000000000e+01 8.059699999999999642e-01 2.639497502174590411e-04
1.500000000000000000e+01 8.058737999999999735e-01 2.788595002297426730e-04
1.600000000000000000e+01 8.057718000000000380e-01 2.940055002422209797e-04
1.700000000000000000e+01 8.056640999999999941e-01 3.093737502548823026e-04
1.800000000000000000e+01 8.055510999999999644e-01 3.249480002677134025e-04
1.900000000000000000e+01 8.054327999999999488e-01 3.407112502807001881e-04
2.000000000000000000e+01 8.053093000000000057e-01 3.566462502938284830e-04
2.100000000000000000e+01 8.051804999999999657e-01 3.727370003070851331e-04
2.200000000000000000e+01 8.050464000000000508e-01 3.889685003204576509e-04
2.300000000000000000e+01 8.049070000000000391e-01 4.053275003339353380e-04
2.400000000000000000e+01 8.047621999999999831e-01 4.218020003475080309e-04
2.500000000000000000e+01 8.046121000000000523e-01 4.383812503611671306e-04
2.600000000000000000e+01 8.044563999999999604e-01 4.550557503749046813e-04
2.700000000000000000e+01 8.042953000000000463e-01 4.718175003887141060e-04
2.800000000000000000e+01 8.041285999999999712e-01 4.886592504025894087e-04
2.900000000000000000e+01 8.039562000000000097e-01 5.055740004165248415e-04
3.000000000000000000e+01 8.037782999999999456e-01 5.225567504305164224e-04
3.100000000000000000e+01 8.035946000000000478e-01 5.396020004445593486e-04
3.200000000000000000e+01 8.034052999999999889e-01 5.567055004586503276e-04
3.300000000000000000e+01 8.032101000000000379e-01 5.738632504727860439e-04
3.400000000000000000e+01 8.030091999999999786e-01 5.910717504869635692e-04
3.500000000000000000e+01 8.028024999999999745e-01 6.083280005011803626e-04
3.600000000000000000e+01 8.025898999999999672e-01 6.256290005154339917e-04
3.700000000000000000e+01 8.023715000000000153e-01 6.429725005297228218e-04
3.800000000000000000e+01 8.021471000000000018e-01 6.603562505440445677e-04
3.900000000000000000e+01 8.019167999999999852e-01 6.777787505583983928e-04
4.000000000000000000e+01 8.016805000000000181e-01 6.952382505727827244e-04
4.100000000000000000e+01 8.014381999999999895e-01 7.127335005871964857e-04
4.200000000000000000e+01 8.011897999999999520e-01 7.302630006016382980e-04
4.300000000000000000e+01 8.009353999999999640e-01 7.478262506161080991e-04
4.400000000000000000e+01 8.006748999999999672e-01 7.654220006306047038e-04
4.500000000000000000e+01 8.004082999999999615e-01 7.830500006451278101e-04
4.600000000000000000e+01 8.001354999999999995e-01 8.007092506596766432e-04
4.700000000000000000e+01 7.998566000000000287e-01 8.183995006742510094e-04
4.800000000000000000e+01 7.995714000000000432e-01 8.361205006888507152e-04
4.900000000000000000e+01 7.992799999999999905e-01 8.538717507034753731e-04
5.000000000000000000e+01 7.989821999999999758e-01 8.716535007181250684e-04
5.100000000000000000e+01 7.986782000000000048e-01 8.894655007327998244e-04
5.200000000000000000e+01 7.983677999999999608e-01 9.073077507474994240e-04
5.300000000000000000e+01 7.980511000000000132e-01 9.251802507622239758e-04
5.400000000000000000e+01 7.977279000000000453e-01 9.430830007769733713e-04
5.500000000000000000e+01 7.973983000000000043e-01 9.610165007917482148e-04
5.600000000000000000e+01 7.970622000000000540e-01 9.789807508065483978e-04
5.700000000000000000e+01 7.967195999999999723e-01 9.969760008213741139e-04
5.800000000000000000e+01 7.963704999999999812e-01 1.015002500836225448e-03
5.900000000000000000e+01 7.960148000000000224e-01 1.033060750851103006e-03
6.000000000000000000e+01 7.956524000000000374e-01 1.051150750866006569e-03
6.100000000000000000e+01 7.952835000000000321e-01 1.069273250880937260e-03
6.200000000000000000e+01 7.949078000000000532e-01 1.087428500895894733e-03
6.300000000000000000e+01 7.945254000000000483e-01 1.105617000910879590e-03
6.400000000000000000e+01 7.941361999999999588e-01 1.123838750925891831e-03
6.500000000000000000e+01 7.937402000000000069e-01 1.142094750940932232e-03
6.600000000000000000e+01 7.933373999999999704e-01 1.160385500956001396e-03
6.700000000000000000e+01 7.929275999999999547e-01 1.178711000971099107e-03
6.800000000000000000e+01 7.925109999999999655e-01 1.197072000986226055e-03
6.900000000000000000e+01 7.920873999999999970e-01 1.215469251001382927e-03
7.000000000000000000e+01 7.916566999999999910e-01 1.233903001016569811e-03
7.100000000000000000e+01 7.912190999999999530e-01 1.252373751031787526e-03
7.200000000000000000e+01 7.907743000000000411e-01 1.270882501047036197e-03
7.300000000000000000e+01 7.903223999999999805e-01 1.289429251062316041e-03
7.400000000000000000e+01 7.898633000000000459e-01 1.308015001077628267e-03
7.500000000000000000e+01 7.893968999999999570e-01 1.326640001092972742e-03
7.600000000000000000e+01 7.889232999999999940e-01 1.345305001108350372e-03
7.700000000000000000e+01 7.884423000000000403e-01 1.364010751123761198e-03
7.800000000000000000e+01 7.879540000000000433e-01 1.382757501139205954e-03
7.900000000000000000e+01 7.874583000000000554e-01 1.401546251154685415e-03
8.000000000000000000e+01 7.869549999999999601e-01 1.420377501170199969e-03
8.100000000000000000e+01 7.864442999999999850e-01 1.439251751185749570e-03
8.200000000000000000e+01 7.859258999999999551e-01 1.458169501201335254e-03
8.300000000000000000e+01 7.853999999999999870e-01 1.477132001216957665e-03
8.400000000000000000e+01 7.848663000000000167e-01 1.496139251232617455e-03
8.500000000000000000e+01 7.843248999999999915e-01 1.515192001248314227e-03
8.600000000000000000e+01 7.837756999999999641e-01 1.534291251264049407e-03
8.700000000000000000e+01 7.832187000000000454e-01 1.553437501279823166e-03
8.800000000000000000e+01 7.826537000000000077e-01 1.572631251295636542e-03
8.900000000000000000e+01 7.820808000000000204e-01 1.591873251311489356e-03
9.000000000000000000e+01 7.814999000000000251e-01 1.611164251327382516e-03
9.100000000000000000e+01 7.809108999999999634e-01 1.630505001343316492e-03
9.200000000000000000e+01 7.803136999999999990e-01 1.649896001359292107e-03
9.300000000000000000e+01 7.797083000000000208e-01 1.669338001375309834e-03
9.400000000000000000e+01 7.790945999999999705e-01 1.688831751391369927e-03
9.500000000000000000e+01 7.784725999999999591e-01 1.708377751407473425e-03
9.600000000000000000e+01 7.778422000000000391e-01 1.727977001423620452e-03
9.700000000000000000e+01 7.772033999999999887e-01 1.747630001439811828e-03
9.800000000000000000e+01 7.765558999999999656e-01 1.767337751456048546e-03
9.900000000000000000e+01 7.758998999999999757e-01 1.787100501472330041e-03
1.000000000000000000e+02 7.752352000000000132e-01 1.806919251488658387e-03
1.010000000000000000e+02 7.745617999999999670e-01 1.826794501505032888e-03
1.020000000000000000e+02 7.738795000000000535e-01 1.846727251521454753e-03
1.030000000000000000e+02 7.731883999999999979e-01 1.866718251537924454e-03
1.040000000000000000e+02 7.724883000000000166e-01 1.886768001554442811e-03
1.050000000000000000e+02 7.717791000000000512e-01 1.906877251571010082e-03
1.060000000000000000e+02 7.710607999999999906e-01 1.927046751587626955e-03
1.070000000000000000e+02 7.703332999999999986e-01 1.947277251604294336e-03
1.080000000000000000e+02 7.695965999999999640e-01 1.967569501621012264e-03
1.090000000000000000e+02 7.688504999999999923e-01 1.987924251637782080e-03
1.100000000000000000e+02 7.680949000000000249e-01 2.008342501654603908e-03
1.110000000000000000e+02 7.673297999999999508e-01 2.028824501671478483e-03
1.120000000000000000e+02 7.665551000000000448e-01 2.049371251688406146e-03
1.130000000000000000e+02 7.657707000000000264e-01 2.069983501705387804e-03
1.140000000000000000e+02 7.649766000000000066e-01 2.090662001722423929e-03
1.150000000000000000e+02 7.641725000000000323e-01 2.111407501739515427e-03
1.160000000000000000e+02 7.633585000000000509e-01 2.132220751756662772e-03
1.170000000000000000e+02 7.625345000000000040e-01 2.153102501773866435e-03
1.180000000000000000e+02 7.617002999999999968e-01 2.174053501791127323e-03
1.190000000000000000e+02 7.608557999999999710e-01 2.195074501808445908e-03
1.200000000000000000e+02 7.600010000000000376e-01 2.216166251825822664e-03
1.210000000000000000e+02 7.591358000000000272e-01 2.237329751843258798e-03
1.220000000000000000e+02 7.582600999999999924e-01 2.258565251860753745e-03
1.230000000000000000e+02 7.573737000000000386e-01 2.279874001878309017e-03
1.240000000000000000e+02 7.564764999999999961e-01 2.301256251895925347e-03
1.250000000000000000e+02 7.555686000000000346e-01 2.322713251913602946e-03
1.260000000000000000e+02 7.546496000000000315e-01 2.344245751931343155e-03
1.270000000000000000e+02 7.537196000000000451e-01 2.365854001949145406e-03
1.280000000000000000e+02 7.527785000000000171e-01 2.387539251967011212e-03
1.290000000000000000e+02 7.518259999999999943e-01 2.409302251984940611e-03
1.300000000000000000e+02 7.508622000000000352e-01 2.431143502002934640e-03
1.310000000000000000e+02 7.498869000000000229e-01 2.453063752020994207e-03
1.320000000000000000e+02 7.488998999999999517e-01 2.475064002039119651e-03
1.330000000000000000e+02 7.479012000000000437e-01 2.497144752057311144e-03
1.340000000000000000e+02 7.468905999999999601e-01 2.519307502075570498e-03
1.350000000000000000e+02 7.458681000000000338e-01 2.541552502093897149e-03
1.360000000000000000e+02 7.448333999999999788e-01 2.563877502112289677e-03
1.370000000000000000e+02 7.437865000000000171e-01 2.586290002130754977e-03
1.380000000000000000e+02 7.427272000000000318e-01 2.608785002149287442e-03
1.390000000000000000e+02 7.416555000000000231e-01 2.631365002167890092e-03
1.400000000000000000e+02 7.405711000000000377e-01 2.654030002186563361e-03
1.410000000000000000e+02 7.394739000000000173e-01 2.676782502205308535e-03
1.420000000000000000e+02 7.383638000000000146e-01 2.699622502224125180e-03
1.430000000000000000e+02 7.372406999999999710e-01 2.722550002243014598e-03
1.440000000000000000e+02 7.361043999999999921e-01 2.745567502261978075e-03
1.450000000000000000e+02 7.349548000000000192e-01 2.768672502281013456e-03
1.460000000000000000e+02 7.337917000000000467e-01 2.791867502300122896e-03
1.470000000000000000e+02 7.326150000000000162e-01 2.815155002319308548e-03
1.480000000000000000e+02 7.314245000000000330e-01 2.838532502338568693e-03
1.490000000000000000e+02 7.302199999999999802e-01 2.862002502357904616e-03
1.500000000000000000e+02 7.290014999999999690e-01 2.885565002377316751e-03
1.510000000000000000e+02 7.277687999999999935e-01 2.909222502396807686e-03
1.520000000000000000e+02 7.265215999999999896e-01 2.932972502416374399e-03
1.530000000000000000e+02 7.252598999999999574e-01 2.956817502436019478e-03
1.540000000000000000e+02 7.239835000000000020e-01 2.980757502455742922e-03
1.550000000000000000e+02 7.226920999999999484e-01 3.004792502475544733e-03
1.560000000000000000e+02 7.213855999999999602e-01 3.028925002495426195e-03
1.570000000000000000e+02 7.200640000000000374e-01 3.053155002515389044e-03
1.580000000000000000e+02 7.187267999999999990e-01 3.077482502535431545e-03
1.590000000000000000e+02 7.173741000000000145e-01 3.101907502555554131e-03
1.600000000000000000e+02 7.160056000000000198e-01 3.126432502575759390e-03
1.610000000000000000e+02 7.146209999999999507e-01 3.151055002596045169e-03
1.620000000000000000e+02 7.132203999999999766e-01 3.175780002616415340e-03
1.630000000000000000e+02 7.118033000000000277e-01 3.200602502636865597e-03
1.640000000000000000e+02 7.103696999999999928e-01 3.225527502657400680e-03
1.650000000000000000e+02 7.089193000000000300e-01 3.250552502678017569e-03
1.660000000000000000e+02 7.074519000000000224e-01 3.275680002698719284e-03
1.670000000000000000e+02 7.059674000000000227e-01 3.300907502719503239e-03
1.680000000000000000e+02 7.044654999999999667e-01 3.326240002740374173e-03
1.690000000000000000e+02 7.029459999999999598e-01 3.351672502761326913e-03
1.700000000000000000e+02 7.014086999999999961e-01 3.377210002782366199e-03
1.710000000000000000e+02 6.998533000000000115e-01 3.402850002803490311e-03
1.720000000000000000e+02 6.982796999999999477e-01 3.428595002824700536e-03
1.730000000000000000e+02 6.966875999999999625e-01 3.454442502845995588e-03
1.740000000000000000e+02 6.950766999999999918e-01 3.480392502867374598e-03
1.750000000000000000e+02 6.934468999999999772e-01 3.506450002888842742e-03
1.760000000000000000e+02 6.917978999999999656e-01 3.532610002910395279e-03
1.770000000000000000e+02 6.901294999999999513e-01 3.558875002932033928e-03
1.780000000000000000e+02 6.884413000000000338e-01 3.585242502953757404e-03
1.790000000000000000e+02 6.867332000000000436e-01 3.611717502975569146e-03
1.800000000000000000e+02 6.850049999999999750e-01 3.638295002997465281e-03
1.810000000000000000e+02 6.832561999999999802e-01 3.664977503019447962e-03
1.820000000000000000e+02 6.814867000000000008e-01 3.691765003041517189e-03
1.830000000000000000e+02 6.796961999999999726e-01 3.718655003063670809e-03
1.840000000000000000e+02 6.778844000000000536e-01 3.745650003085911409e-03
1.850000000000000000e+02 6.760511000000000159e-01 3.772750003108238121e-03
1.860000000000000000e+02 6.741958999999999591e-01 3.799952503130648793e-03
1.870000000000000000e+02 6.723185000000000411e-01 3.827257503153144724e-03
1.880000000000000000e+02 6.704187999999999814e-01 3.854667503175726768e-03
1.890000000000000000e+02 6.684961999999999849e-01 3.882177503198391486e-03
1.900000000000000000e+02 6.665507000000000515e-01 3.909790003221141029e-03
1.910000000000000000e+02 6.645818000000000003e-01 3.937502503243971511e-03
1.920000000000000000e+02 6.625891999999999893e-01 3.965315003266885532e-03
1.930000000000000000e+02 6.605725999999999543e-01 3.993227503289882227e-03
1.940000000000000000e+02 6.585317000000000531e-01 4.021240003312960727e-03
1.950000000000000000e+02 6.564661000000000524e-01 4.049347503336117593e-03
1.960000000000000000e+02 6.543754999999999988e-01 4.077555003359356264e-03
1.970000000000000000e+02 6.522594999999999921e-01 4.105857503382674169e-03
1.980000000000000000e+02 6.501179000000000263e-01 4.134252503406067418e-03
1.990000000000000000e+02 6.479502000000000317e-01 4.162742503429539033e-03
2.000000000000000000e+02 6.457559999999999967e-01 4.191325003453087727e-03
2.010000000000000000e+02 6.435351000000000266e-01 4.219995003476707460e-03
2.020000000000000000e+02 6.412870000000000514e-01 4.248757503500404271e-03
2.030000000000000000e+02 6.390112999999999488e-01 4.277605003524170835e-03
2.040000000000000000e+02 6.367076000000000402e-01 4.306537503548007149e-03
2.050000000000000000e+02 6.343756000000000395e-01 4.335555003571914083e-03
2.060000000000000000e+02 6.320147999999999877e-01 4.364652503595886461e-03
2.070000000000000000e+02 6.296247999999999845e-01 4.393827503619922130e-03
2.080000000000000000e+02 6.272052000000000183e-01 4.423082503644024978e-03
2.090000000000000000e+02 6.247555000000000192e-01 4.452410003668185942e-03
2.100000000000000000e+02 6.222754000000000341e-01 4.481807503692406339e-03
2.110000000000000000e+02 6.197643000000000457e-01 4.511275003716683565e-03
2.120000000000000000e+02 6.172218000000000426e-01 4.540807503741014182e-03
2.130000000000000000e+02 6.146475000000000133e-01 4.570405003765398190e-03
2.140000000000000000e+02 6.120408000000000515e-01 4.600060003789829995e-03
2.150000000000000000e+02 6.094013999999999820e-01 4.629770003814307443e-03
2.160000000000000000e+02 6.067285999999999513e-01 4.659532503838827514e-03
2.170000000000000000e+02 6.040219999999999478e-01 4.689342503863386767e-03
2.180000000000000000e+02 6.012811000000000128e-01 4.719195003887981764e-03
2.190000000000000000e+02 5.985053999999999652e-01 4.749090003912610769e-03
2.200000000000000000e+02 5.956941999999999515e-01 4.779017503937266903e-03
2.210000000000000000e+02 5.928472000000000186e-01 4.808975003961948012e-03
2.220000000000000000e+02 5.899636999999999798e-01 4.838957503986649790e-03
2.230000000000000000e+02 5.870431999999999872e-01 4.868957504011364908e-03
2.240000000000000000e+02 5.840851000000000237e-01 4.898972504036093814e-03
2.250000000000000000e+02 5.810887999999999609e-01 4.928995004060828314e-03
2.260000000000000000e+02 5.780537000000000036e-01 4.959017504085562814e-03
2.270000000000000000e+02 5.749792999999999710e-01 4.989032504110290853e-03
2.280000000000000000e+02 5.718647999999999509e-01 5.019037504135011145e-03
2.290000000000000000e+02 5.687098000000000431e-01 5.049022504159714209e-03
2.300000000000000000e+02 5.655134000000000549e-01 5.078977504184394032e-03
2.310000000000000000e+02 5.622751000000000277e-01 5.108897504209043705e-03
2.320000000000000000e+02 5.589941999999999966e-01 5.138772504233657216e-03
2.330000000000000000e+02 5.556699999999999973e-01 5.168592504258224217e-03
2.340000000000000000e+02 5.523017999999999539e-01 5.198350004282739981e-03
2.350000000000000000e+02 5.488889999999999603e-01 5.228032504307195474e-03
2.360000000000000000e+02 5.454307000000000460e-01 5.257632504331581635e-03
2.370000000000000000e+02 5.419262999999999719e-01 5.287137504355889431e-03
2.380000000000000000e+02 5.383748999999999896e-01 5.316535004380109827e-03
2.390000000000000000e+02 5.347758999999999707e-01 5.345815004404231609e-03
2.400000000000000000e+02 5.311283999999999450e-01 5.374962504428245323e-03
2.410000000000000000e+02 5.274316999999999478e-01 5.403965004452139335e-03
2.420000000000000000e+02 5.236849000000000087e-01 5.432807504475901592e-03
2.430000000000000000e+02 5.198871000000000464e-01 5.461475004499520038e-03
2.440000000000000000e+02 5.160377000000000436e-01 5.489955004522983906e-03
2.450000000000000000e+02 5.121354999999999658e-01 5.518227504546276835e-03
2.460000000000000000e+02 5.081799000000000177e-01 5.546275004569383750e-03
2.470000000000000000e+02 5.041698999999999486e-01 5.574082504592293465e-03
2.480000000000000000e+02 5.001044999999999519e-01 5.601627504614987464e-03
2.490000000000000000e+02 4.959828000000000015e-01 5.628892504637449806e-03
2.500000000000000000e+02 4.918039000000000160e-01 5.655852504659661557e-03
2.510000000000000000e+02 4.875668000000000224e-01 5.682490004681605908e-03
2.520000000000000000e+02 4.832703999999999889e-01 5.708780004703266527e-03
2.530000000000000000e+02 4.789138000000000006e-01 5.734697504724618408e-03
2.540000000000000000e+02 4.744959000000000260e-01 5.760215004745641333e-03
2.550000000000000000e+02 4.700156999999999807e-01 5.785305004766312480e-03
2.560000000000000000e+02 4.654720999999999997e-01 5.809942504786610312e-03
2.570000000000000000e+02 4.608638999999999930e-01 5.834095004806508569e-03
2.580000000000000000e+02 4.561899999999999844e-01 5.857730004825980989e-03
2.590000000000000000e+02 4.514494000000000007e-01 5.880815004844999576e-03
2.600000000000000000e+02 4.466407000000000016e-01 5.903315004863536782e-03
2.610000000000000000e+02 4.417628000000000110e-01 5.925190004881559017e-03
2.620000000000000000e+02 4.368145999999999973e-01 5.946402504899034845e-03
2.630000000000000000e+02 4.317945999999999729e-01 5.966912504915932412e-03
2.640000000000000000e+02 4.267017000000000171e-01 5.986670004932210382e-03
2.650000000000000000e+02 4.215345999999999815e-01 6.005635004947834296e-03
2.660000000000000000e+02 4.162917999999999896e-01 6.023757504962764554e-03
2.670000000000000000e+02 4.109722000000000097e-01 6.040980004976954226e-03
2.680000000000000000e+02 4.055741999999999958e-01 6.057252504990360241e-03
2.690000000000000000e+02 4.000965000000000216e-01 6.072517505002936536e-03
2.700000000000000000e+02 3.945375999999999883e-01 6.086710005014629721e-03
2.710000000000000000e+02 3.888961000000000223e-01 6.099765005025384670e-03
2.720000000000000000e+02 3.831705000000000250e-01 6.111612505035146289e-03
2.730000000000000000e+02 3.773593000000000086e-01 6.122182505043853411e-03
2.740000000000000000e+02 3.714607999999999799e-01 6.131392505051442773e-03
2.750000000000000000e+02 3.654737000000000124e-01 6.139160005057841575e-03
2.760000000000000000e+02 3.593960999999999961e-01 6.145397505062980513e-03
2.770000000000000000e+02 3.532266000000000017e-01 6.150010005066780354e-03
2.780000000000000000e+02 3.469633999999999774e-01 6.152897505069159292e-03
2.790000000000000000e+02 3.406048999999999882e-01 6.153950005070026909e-03
2.800000000000000000e+02 3.341494999999999882e-01 6.153057505069290181e-03
2.810000000000000000e+02 3.275952999999999782e-01 6.150090005066846666e-03
2.820000000000000000e+02 3.209406000000000203e-01 6.144922505062588684e-03
2.830000000000000000e+02 3.141836000000000073e-01 6.137407505056397851e-03
2.840000000000000000e+02 3.073227000000000042e-01 6.127397505048150575e-03
2.850000000000000000e+02 3.003560000000000119e-01 6.114730005037713814e-03
2.860000000000000000e+02 2.932815999999999756e-01 6.099225005024940319e-03
2.870000000000000000e+02 2.860979000000000161e-01 6.080692505009672490e-03
2.880000000000000000e+02 2.788030000000000230e-01 6.058930004991742828e-03
2.890000000000000000e+02 2.713949999999999974e-01 6.033707504970962747e-03
2.900000000000000000e+02 2.638724000000000069e-01 6.004787504947136333e-03
2.910000000000000000e+02 2.562331999999999943e-01 5.971905004920045716e-03
2.920000000000000000e+02 2.484760000000000024e-01 5.934770004889451493e-03
2.930000000000000000e+02 2.405990000000000073e-01 5.893065004855092305e-03
2.940000000000000000e+02 2.326007999999999964e-01 5.846447504816685257e-03
2.950000000000000000e+02 2.244800000000000129e-01 5.794532504773915182e-03
2.960000000000000000e+02 2.162354999999999972e-01 5.736902504726435446e-03
2.970000000000000000e+02 2.078662000000000010e-01 5.673087504673860262e-03
2.980000000000000000e+02 1.993714000000000042e-01 5.602572504615765080e-03
2.990000000000000000e+02 1.907507999999999981e-01 5.524775004551670671e-03
3.000000000000000000e+02 1.820044000000000106e-01 5.439047504481043550e-03
3.010000000000000000e+02 1.731329000000000062e-01 5.344660004403280901e-03
3.020000000000000000e+02 1.641375999999999946e-01 5.240790004317705426e-03
3.030000000000000000e+02 1.550208999999999893e-01 5.126512504223555873e-03
3.040000000000000000e+02 1.457865999999999884e-01 5.000782504119971952e-03
3.050000000000000000e+02 1.364401000000000086e-01 4.862415004005975379e-03
3.060000000000000000e+02 1.269890999999999937e-01 4.710077503880469481e-03
3.070000000000000000e+02 1.174443000000000015e-01 4.542282503742229270e-03
3.080000000000000000e+02 1.078204999999999997e-01 4.357385003589898421e-03
3.090000000000000000e+02 9.813827999999999441e-02 4.153625003422027617e-03
3.100000000000000000e+02 8.842608000000000412e-02 3.929205003237136104e-03
3.110000000000000000e+02 7.872352999999999990e-02 3.682455003033847322e-03
3.120000000000000000e+02 6.908583000000000085e-02 3.412132502811137790e-03
3.130000000000000000e+02 5.958970000000000239e-02 3.117865002568700940e-03
3.140000000000000000e+02 5.034028000000000114e-02 2.800825002307502556e-03
3.150000000000000000e+02 4.147711999999999927e-02 2.464507002030422167e-03
3.160000000000000000e+02 3.317490000000000022e-02 2.115493251742881723e-03
3.170000000000000000e+02 2.563206000000000165e-02 1.763787501453123333e-03
3.180000000000000000e+02 1.904240000000000099e-02 1.422288251171773986e-03
3.190000000000000000e+02 1.355237999999999929e-02 1.105111250910462964e-03
3.200000000000000000e+02 9.219434999999999783e-03 8.250052506796932235e-04
3.210000000000000000e+02 5.992433999999999608e-03 5.907290004866811318e-04
3.220000000000000000e+02 3.726137000000000025e-03 4.054700003340527240e-04
3.230000000000000000e+02 2.222040000000000213e-03 2.669107502198985512e-04
3.240000000000000000e+02 1.274764000000000062e-03 1.687046501389899422e-04
3.250000000000000000e+02 7.057658999999999981e-04 1.025523000844892840e-04
3.260000000000000000e+02 3.781545000000000197e-04 6.006245004948337294e-05
3.270000000000000000e+02 1.965466999999999930e-04 3.395345002797306926e-05
3.280000000000000000e+02 9.927551999999999644e-05 1.855791251528922067e-05
3.290000000000000000e+02 4.879869999999999748e-05 9.822370008092311150e-06
3.300000000000000000e+02 2.336875999999999952e-05 5.041427504153458182e-06
3.310000000000000000e+02 1.091186999999999926e-05 2.512357502069844295e-06
3.320000000000000000e+02 4.971729999999999746e-06 1.216972001002621068e-06
3.330000000000000000e+02 2.211690000000000080e-06 5.735582504725347601e-07
3.340000000000000000e+02 9.611289000000000111e-07 2.632407502168749387e-07
3.350000000000000000e+02 4.082149000000000140e-07 1.177465250970072817e-07
3.360000000000000000e+02 1.695263000000000084e-07 5.136532504231810824e-08
3.370000000000000000e+02 6.886563999999999381e-08 2.186736751801576830e-08
3.380000000000000000e+02 2.737469999999999895e-08 9.090347507489222723e-09
3.390000000000000000e+02 1.065197000000000039e-08 3.691922503041647106e-09
3.400000000000000000e+02 4.058702999999999772e-09 1.465630001207481898e-09
3.410000000000000000e+02 1.514797999999999963e-09 5.689710004687554560e-10
3.420000000000000000e+02 5.539340000000000023e-10 2.160873751780268878e-10
3.430000000000000000e+02 1.985248000000000081e-10 8.031712506617049549e-11
3.440000000000000000e+02 6.974868999999999812e-11 2.922675002407890779e-11
3.450000000000000000e+02 2.402845999999999958e-11 1.041572000858114983e-11
3.460000000000000000e+02 8.118635999999999537e-12 3.636372502995880979e-12
3.470000000000000000e+02 2.690914999999999950e-12 1.244060751024938657e-12
3.480000000000000000e+02 8.751137000000000095e-13 4.171822503437020080e-13
3.490000000000000000e+02 2.792924999999999936e-13 1.371607501130019866e-13
3.500000000000000000e+02 8.749077999999999972e-14 4.422377503643443887e-14
3.510000000000000000e+02 2.690591000000000021e-14 1.398618501152273297e-14
3.520000000000000000e+02 8.124285999999999265e-15 4.339610003575254416e-15
3.530000000000000000e+02 2.409023999999999917e-15 1.321277751088554938e-15
3.540000000000000000e+02 7.015808999999999890e-16 3.948295003252863403e-16
3.550000000000000000e+02 2.007032000000000030e-16 1.158169250954175464e-16
3.560000000000000000e+02 5.640621000000000548e-17 3.335430002747945018e-17
3.570000000000000000e+02 1.557573000000000024e-17 9.432252507770905028e-18
3.580000000000000000e+02 4.226381999999999641e-18 2.619542502158149968e-18
3.590000000000000000e+02 1.127028999999999952e-18 7.145640005887045779e-19
3.600000000000000000e+02 2.953878999999999884e-19 1.914776001577517545e-19
3.610000000000000000e+02 7.609972000000000139e-20 5.040902504153024862e-20
3.620000000000000000e+02 1.927285999999999870e-20 1.303951251074280275e-20
3.630000000000000000e+02 4.798656999999999964e-21 3.314542502730736557e-21
3.640000000000000000e+02 1.174731999999999967e-21 8.280162506821739049e-22
3.650000000000000000e+02 2.827720000000000141e-22 2.033050001674959246e-22
3.660000000000000000e+02 6.693355999999999441e-23 4.906700004042459954e-23
3.670000000000000000e+02 1.558081999999999874e-23 1.164125250959082552e-23
3.680000000000000000e+02 3.566998999999999770e-24 2.715265002237012837e-24
3.690000000000000000e+02 8.031695000000000067e-25 6.226710005129969784e-25
3.700000000000000000e+02 1.778797999999999963e-25 1.404005001156711178e-25
3.710000000000000000e+02 3.875103000000000263e-26 3.112930002564635092e-26
3.720000000000000000e+02 8.304187000000000547e-27 6.787137505591687886e-27
3.730000000000000000e+02 1.750600000000000140e-27 1.455271251198947643e-27
3.740000000000000000e+02 3.630528000000000172e-28 3.068760002528245331e-28
3.750000000000000000e+02 7.407317999999999626e-29 6.364485005243479576e-29
3.760000000000000000e+02 1.486874999999999931e-29 1.298265751069596170e-29
3.770000000000000000e+02 2.936452999999999993e-30 2.604835002146033242e-30
3.780000000000000000e+02 5.705808999999999830e-31 5.140770004235302080e-31
3.790000000000000000e+02 1.090855000000000094e-31 9.979767508221984844e-32
3.800000000000000000e+02 2.052014000000000123e-32 1.905763001570092023e-32
3.810000000000000000e+02 3.798080000000000167e-33 3.580005002949442401e-33
3.820000000000000000e+02 6.917097999999999888e-34 6.615665005450417873e-34
3.830000000000000000e+02 1.239549000000000038e-34 1.202667500990836045e-34
3.840000000000000000e+02 2.185681000000000062e-35 2.150827251771992072e-35
3.850000000000000000e+02 3.792225000000000188e-36 3.784057503117554209e-36
3.860000000000000000e+02 6.474200999999999926e-37 6.549452505395866697e-37
3.870000000000000000e+02 1.087581999999999989e-37 1.115190500918766792e-37
3.880000000000000000e+02 1.797707999999999917e-38 1.868056001539026679e-38
3.890000000000000000e+02 2.923845000000000125e-39 3.078410002536195360e-39
3.900000000000000000e+02 4.679100999999999887e-40 4.990635004111612132e-40
3.910000000000000000e+02 7.367796000000000225e-41 7.959292506557385388e-41
3.920000000000000000e+02 1.141490999999999998e-41 1.248754501028805686e-41
3.930000000000000000e+02 1.740037000000000026e-42 1.927334501587863913e-42
3.940000000000000000e+02 2.609672000000000006e-43 2.926217502410809338e-43
3.950000000000000000e+02 3.850736000000000014e-44 4.370352503600582376e-44
3.960000000000000000e+02 5.590100000000000287e-45 6.420607505289716753e-45
3.970000000000000000e+02 7.983624000000000324e-46 9.278415007644164183e-46
3.980000000000000000e+02 1.121684000000000001e-46 1.318853251086557500e-46
3.990000000000000000e+02 1.550295000000000048e-47 1.843866501519097609e-47
4.000000000000000000e+02 2.107729000000000128e-48 2.535462502088879736e-48
4.010000000000000000e+02 2.818728000000000173e-49 3.428960002825001188e-49
4.020000000000000000e+02 3.707741000000000076e-50 4.560650003757361655e-50
4.030000000000000000e+02 4.796919999999999739e-51 5.965270004914579416e-51
4.040000000000000000e+02 6.103650999999999639e-52 7.672760006321321741e-52
4.050000000000000000e+02 7.637782000000000077e-53 9.704397507995117784e-53
4.060000000000000000e+02 9.398748000000000316e-54 1.206860000994290176e-53
4.070000000000000000e+02 1.137289999999999958e-54 1.475677001215759140e-54
4.080000000000000000e+02 1.353140999999999960e-55 1.773964251461507653e-55
4.090000000000000000e+02 1.582909000000000022e-56 2.096473251727211899e-56
4.100000000000000000e+02 1.820450000000000140e-57 2.435537752006555435e-57
4.110000000000000000e+02 2.058162999999999956e-58 2.781187502291324013e-58
4.120000000000000000e+02 2.287307999999999831e-59 3.121492502571689809e-59
4.130000000000000000e+02 2.498493000000000025e-60 3.443160002836699767e-60
4.140000000000000000e+02 2.682275999999999867e-61 3.732317503074927079e-61
4.150000000000000000e+02 2.829838000000000105e-62 3.975472503275253895e-62
4.160000000000000000e+02 2.933679999999999774e-63 4.160530003427716669e-63
4.170000000000000000e+02 2.988235999999999851e-64 4.277765003524302107e-64
4.180000000000000000e+02 2.990365999999999976e-65 4.320670003559650344e-65
4.190000000000000000e+02 2.939651000000000041e-66 4.286535003531527490e-66
4.200000000000000000e+02 2.838454999999999974e-67 4.176732503441065186e-67
4.210000000000000000e+02 2.691744999999999847e-68 3.996622503292678511e-68
4.220000000000000000e+02 2.506689000000000217e-69 3.755140003093729333e-69
4.230000000000000000e+02 2.292075000000000085e-70 3.464042502853904969e-70
4.240000000000000000e+02 2.057614000000000137e-71 3.136965002584436745e-71
4.250000000000000000e+02 1.813210999999999955e-72 2.788365002297237362e-72
4.260000000000000000e+02 1.568278999999999929e-73 2.432451252004012413e-73
4.270000000000000000e+02 1.331148999999999991e-74 2.082247751715491695e-74
4.280000000000000000e+02 1.108651999999999917e-75 1.748844001440812067e-75
4.290000000000000000e+02 9.058620000000000380e-77 1.440902501187109636e-76
4.300000000000000000e+02 7.260368000000000039e-78 1.164433500959336583e-77
4.310000000000000000e+02 5.707075000000000492e-79 9.228277507602858254e-79
4.320000000000000000e+02 4.398988999999999849e-80 7.170987505907928933e-80
4.330000000000000000e+02 3.324296000000000139e-81 5.462775004500591185e-81
4.340000000000000000e+02 2.462487999999999987e-82 4.078915003360476763e-82
4.350000000000000000e+02 1.787695999999999961e-83 2.984630002458933427e-83
4.360000000000000000e+02 1.271663000000000095e-84 2.139762251762875924e-84
4.370000000000000000e+02 8.861769000000000607e-86 1.502730751238047780e-85
4.380000000000000000e+02 6.048476999999999697e-87 1.033582750851533168e-86
4.390000000000000000e+02 4.042524999999999792e-88 6.960847505734800606e-88
4.400000000000000000e+02 2.645091000000000068e-89 4.589150003780841751e-89
4.410000000000000000e+02 1.693971000000000031e-90 2.961095002439543743e-90
4.420000000000000000e+02 1.061550999999999933e-91 1.869454001540178323e-91
4.430000000000000000e+02 6.507777999999999635e-93 1.154537750951183531e-92
4.440000000000000000e+02 3.901804000000000071e-94 6.972940005744763766e-94
4.450000000000000000e+02 2.287268999999999959e-95 4.117345003392137532e-95
4.460000000000000000e+02 1.310574999999999967e-96 2.376215751957681916e-96
4.470000000000000000e+02 7.337831999999999721e-98 1.339957001103944104e-97
4.480000000000000000e+02 4.013263000000000182e-99 7.380662506080671905e-99
4.490000000000000000e+02 2.143425999999999924e-100 3.969692503270492578e-100
4.500000000000000000e+02 1.117509999999999982e-101 2.084138001717049382e-101
4.510000000000000000e+02 5.685527999999999651e-103 1.067699500879640575e-102
4.520000000000000000e+02 2.821655999999999790e-104 5.335345004395606013e-104
4.530000000000000000e+02 1.365467000000000073e-105 2.599545002141675078e-105
4.540000000000000000e+02 6.440581999999999846e-107 1.234457501017026881e-106
4.550000000000000000e+02 2.959713999999999861e-108 5.711020004705111357e-108
4.560000000000000000e+02 1.324525999999999995e-109 2.572857502119688376e-109
4.570000000000000000e+02 5.769705000000000172e-111 1.128180750929469068e-110
4.580000000000000000e+02 2.445203999999999878e-112 4.812702503965019103e-112
4.590000000000000000e+02 1.007674999999999959e-113 1.996283751644668880e-113
4.600000000000000000e+02 4.035838000000000018e-115 8.047162506629778416e-115
4.610000000000000000e+02 1.570024999999999885e-116 3.150667502595725836e-116
4.620000000000000000e+02 5.928942999999999884e-118 1.197404000986499633e-117
4.630000000000000000e+02 2.172052999999999954e-119 4.414497503636951682e-119
4.640000000000000000e+02 7.714268999999999729e-121 1.577734251299840463e-120
4.650000000000000000e+02 2.654256000000000253e-122 5.462492504500357721e-122
4.660000000000000000e+02 8.840741999999999373e-124 1.830740751508283890e-123
4.670000000000000000e+02 2.848311000000000154e-125 5.934677504889375563e-125
4.680000000000000000e+02 8.868955999999999617e-127 1.859239251531762805e-126
4.690000000000000000e+02 2.666577000000000123e-128 5.624085004633489276e-128
4.700000000000000000e+02 7.734234000000000686e-130 1.641089251352036520e-129
4.710000000000000000e+02 2.161816999999999939e-131 4.614590003801800767e-131
4.720000000000000000e+02 5.816810999999999876e-133 1.249054501029052719e-132
4.730000000000000000e+02 1.504901000000000062e-134 3.250642502678091894e-134
4.740000000000000000e+02 3.738882999999999816e-136 8.123647506692791806e-136
4.750000000000000000e+02 8.908402000000000307e-138 1.946884501603970815e-137
4.760000000000000000e+02 2.032578000000000065e-139 4.467887503680937627e-139
4.770000000000000000e+02 4.434015999999999772e-141 9.802810008076195763e-141
4.780000000000000000e+02 9.232167999999999515e-143 2.052764751691201920e-142
4.790000000000000000e+02 1.831272999999999896e-144 4.095010003373737394e-144
4.800000000000000000e+02 3.453469999999999908e-146 7.766190006398295010e-146
4.810000000000000000e+02 6.177797000000000004e-148 1.397079001151004937e-147
4.820000000000000000e+02 1.045701999999999919e-149 2.378017001959166107e-149
4.830000000000000000e+02 1.670250999999999972e-151 3.819385003146659162e-151
4.840000000000000000e+02 2.509694999999999941e-153 5.770615004754209801e-153
4.850000000000000000e+02 3.535311000000000151e-155 8.173420006733797497e-155
4.860000000000000000e+02 4.650611999999999906e-157 1.081051750890641135e-156
4.870000000000000000e+02 5.687762000000000037e-159 1.329302001095166001e-158
4.880000000000000000e+02 6.434397000000000236e-161 1.511895001245597842e-160
4.890000000000000000e+02 6.693286999999999500e-163 1.581141751302647998e-162
4.900000000000000000e+02 6.357953999999999830e-165 1.509914251243966167e-164
4.910000000000000000e+02 5.469466000000000233e-167 1.305779001075786034e-166
4.920000000000000000e+02 4.218562999999999836e-169 1.012431250834107090e-168
4.930000000000000000e+02 2.881300999999999980e-171 6.951082505726755909e-171
4.940000000000000000e+02 1.715476999999999838e-173 4.160045003427317020e-173
4.950000000000000000e+02 8.721787999999999739e-176 2.125960751751505342e-175
4.960000000000000000e+02 3.681487999999999949e-178 9.019792507431094139e-178
4.970000000000000000e+02 1.238558999999999963e-180 3.050002502512791005e-180
4.980000000000000000e+02 3.113605000000000174e-183 7.706285006348940660e-183
4.990000000000000000e+02 5.198982000000000103e-186 1.293258501065470920e-185
5.000000000000000000e+02 4.324633000000000265e-189 1.081158250890728929e-188
5.010000000000000000e+02 0.000000000000000000e+00 0.000000000000000000e+00
