1.000000000000000000e+00 8.260066000000000352e-01 4.064327939898967092e-06
2.000000000000000000e+00 8.330092999999999526e-01 3.512930233767016864e-06
3.000000000000000000e+00 8.427282000000000384e-01 4.019564511989475230e-06
4.000000000000000000e+00 8.310560000000000169e-01 7.719554171561789148e-06
5.000000000000000000e+00 8.243044999999999956e-01 1.235587410300245419e-05
6.000000000000000000e+00 8.263068000000000080e-01 1.354795979966026567e-05
7.000000000000000000e+00 8.328174999999999883e-01 1.207379982145932692e-05
8.000000000000000000e+00 8.395656999999999703e-01 1.300119409345982009e-05
9.000000000000000000e+00 8.295166000000000484e-01 2.096934826134545029e-05
1.000000000000000000e+01 8.248153999999999764e-01 2.898540528566557724e-05
1.100000000000000000e+01 8.272336999999999607e-01 2.898031957145507027e-05
1.200000000000000000e+01 8.326605999999999730e-01 2.433152535448458010e-05
1.300000000000000000e+01 8.380598000000000214e-01 2.413567964309492440e-05
1.400000000000000000e+01 8.289986999999999773e-01 3.487870805566153400e-05
1.500000000000000000e+01 8.252781000000000144e-01 4.474975362397968311e-05
1.600000000000000000e+01 8.277413999999999605e-01 4.337159364435915653e-05
1.700000000000000000e+01 8.324146999999999519e-01 3.642175374712954016e-05
1.800000000000000000e+01 8.369752999999999776e-01 3.576377089971656965e-05
1.900000000000000000e+01 8.286314000000000179e-01 4.919909641532812177e-05
2.000000000000000000e+01 8.255806999999999451e-01 6.059262767541831950e-05
2.100000000000000000e+01 8.280203000000000424e-01 5.796457057142342402e-05
2.200000000000000000e+01 8.321222000000000341e-01 4.913263355916808330e-05
2.300000000000000000e+01 8.360969000000000317e-01 4.823031928679671958e-05
2.400000000000000000e+01 8.283251999999999837e-01 6.416371333689678297e-05
2.500000000000000000e+01 8.257799999999999585e-01 7.673485600814454954e-05
2.600000000000000000e+01 8.281619000000000064e-01 7.285194177984864359e-05
2.700000000000000000e+01 8.318069000000000157e-01 6.234439907808551732e-05
2.800000000000000000e+01 8.353452999999999573e-01 6.124308480865685181e-05
2.900000000000000000e+01 8.280490999999999824e-01 7.937279882627896761e-05
3.000000000000000000e+01 8.258976999999999569e-01 9.279422719923888035e-05
3.100000000000000000e+01 8.282030999999999699e-01 8.770805584587892749e-05
3.200000000000000000e+01 8.314726999999999535e-01 7.575617030833108837e-05
3.300000000000000000e+01 8.346719999999999695e-01 7.451354175527782832e-05
3.400000000000000000e+01 8.277811000000000474e-01 9.456645574446071345e-05
3.500000000000000000e+01 8.259444999999999704e-01 1.085948555370164995e-04
3.600000000000000000e+01 8.281638999999999529e-01 1.024047413428382094e-04
3.700000000000000000e+01 8.311197000000000168e-01 8.923508439472666238e-05
3.800000000000000000e+01 8.340471999999999886e-01 8.791074155716744145e-05
3.900000000000000000e+01 8.275080000000000213e-01 1.096598269498397156e-04
4.000000000000000000e+01 8.259279000000000481e-01 1.241225124502592578e-04
4.100000000000000000e+01 8.280575999999999492e-01 1.169400554136122992e-04
4.200000000000000000e+01 8.307472999999999663e-01 1.027477127663379463e-04
4.300000000000000000e+01 8.334511999999999476e-01 1.013898842149881896e-04
4.400000000000000000e+01 8.272215000000000540e-01 1.246485124424810437e-04
4.500000000000000000e+01 8.258537000000000239e-01 1.394239979382750488e-04
4.600000000000000000e+01 8.278929999999999900e-01 1.313565123432868355e-04
4.700000000000000000e+01 8.303546000000000538e-01 1.163012554230585279e-04
4.800000000000000000e+01 8.328708000000000222e-01 1.149452554431102861e-04
4.900000000000000000e+01 8.269161999999999901e-01 1.395601693648328395e-04
5.000000000000000000e+01 8.257259000000000126e-01 1.545630834286923440e-04
5.100000000000000000e+01 8.276761000000000257e-01 1.457075978453566546e-04
5.200000000000000000e+01 8.299404000000000226e-01 1.299173695074252370e-04
5.300000000000000000e+01 8.322962999999999889e-01 1.285875409556614443e-04
5.400000000000000000e+01 8.265883000000000536e-01 1.544321120020576406e-04
5.500000000000000000e+01 8.255478000000000538e-01 1.696022260634446905e-04
5.600000000000000000e+01 8.274112999999999607e-01 1.600439404905015979e-04
5.700000000000000000e+01 8.295034000000000018e-01 1.436203407333647110e-04
5.800000000000000000e+01 8.317202999999999680e-01 1.423323407524109394e-04
5.900000000000000000e+01 8.262350000000000527e-01 1.693008546393297601e-04
6.000000000000000000e+01 8.253219000000000527e-01 1.845952544131646521e-04
6.100000000000000000e+01 8.271017999999999981e-01 1.744079402780947371e-04
6.200000000000000000e+01 8.290425000000000155e-01 1.574318833862701171e-04
6.300000000000000000e+01 8.311374000000000262e-01 1.561947976902777529e-04
6.400000000000000000e+01 8.258543000000000411e-01 1.841978829904693281e-04
6.500000000000000000e+01 8.250501000000000085e-01 1.995859399057763723e-04
6.600000000000000000e+01 8.267497999999999791e-01 1.888333686362080250e-04
6.700000000000000000e+01 8.285565000000000291e-01 1.713693117515997062e-04
6.800000000000000000e+01 8.305430999999999786e-01 1.701880546262103384e-04
6.900000000000000000e+01 8.254445000000000254e-01 1.991491970550918623e-04
7.000000000000000000e+01 8.247337999999999614e-01 2.146090825407653108e-04
7.100000000000000000e+01 8.263568000000000024e-01 2.033463398501696813e-04
7.200000000000000000e+01 8.280444999999999611e-01 1.854464544005775489e-04
7.300000000000000000e+01 8.299339000000000022e-01 1.843227972743364499e-04
7.400000000000000000e+01 8.250043999999999711e-01 2.141762254043090184e-04
7.500000000000000000e+01 8.243741999999999459e-01 2.296923394605796095e-04
7.600000000000000000e+01 8.259241000000000499e-01 2.179674824911031778e-04
7.700000000000000000e+01 8.275052000000000518e-01 1.996742256187565871e-04
7.800000000000000000e+01 8.293066000000000049e-01 1.986082256345200129e-04
7.900000000000000000e+01 8.245327000000000073e-01 2.292966251807169098e-04
8.000000000000000000e+01 8.239722000000000435e-01 2.448583963791694834e-04
8.100000000000000000e+01 8.254525000000000334e-01 2.327133108444786084e-04
8.200000000000000000e+01 8.269377999999999451e-01 2.140615968345755315e-04
8.300000000000000000e+01 8.286588999999999761e-01 2.130524539923553526e-04
8.400000000000000000e+01 8.240286000000000000e-01 2.445259392412285691e-04
8.500000000000000000e+01 8.235282999999999909e-01 2.601263961533947658e-04
8.600000000000000000e+01 8.249425000000000230e-01 2.475980534815141088e-04
8.700000000000000000e+01 8.263411999999999979e-01 2.286167966193413011e-04
8.800000000000000000e+01 8.279885000000000161e-01 2.276631966334425933e-04
8.900000000000000000e+01 8.234913000000000372e-01 2.598783390142057675e-04
9.000000000000000000e+01 8.230431000000000274e-01 2.755134816401447759e-04
9.100000000000000000e+01 8.243943000000000243e-01 2.626343389734515552e-04
9.200000000000000000e+01 8.257147000000000236e-01 2.433478249729355725e-04
9.300000000000000000e+01 8.272937000000000207e-01 2.424485678433761413e-04
9.400000000000000000e+01 8.229197999999999791e-01 2.753672530708785380e-04
9.500000000000000000e+01 8.225168000000000479e-01 2.910354814106140445e-04
9.600000000000000000e+01 8.238083000000000489e-01 2.778343958915386507e-04
9.700000000000000000e+01 8.250572999999999935e-01 2.582630247523778314e-04
9.800000000000000000e+01 8.265725999999999907e-01 2.574170819077443322e-04
9.900000000000000000e+01 8.223135999999999779e-01 2.910063385539021015e-04
1.000000000000000000e+02 8.219497000000000053e-01 3.067079383217155499e-04
1.010000000000000000e+02 8.231842999999999799e-01 2.932104528070231795e-04
1.020000000000000000e+02 8.243681000000000481e-01 2.733714245289632075e-04
1.030000000000000000e+02 8.258237000000000494e-01 2.725783388264051837e-04
1.040000000000000000e+02 8.216719000000000106e-01 3.068093668916442454e-04
1.050000000000000000e+02 8.213416999999999524e-01 3.225463380875060685e-04
1.060000000000000000e+02 8.225223000000000395e-01 3.087751382911469366e-04
1.070000000000000000e+02 8.236464000000000008e-01 2.886830814453999854e-04
1.080000000000000000e+02 8.250458000000000514e-01 2.879429100277738018e-04
1.090000000000000000e+02 8.209940999999999489e-01 3.227909666553171976e-04
1.100000000000000000e+02 8.206928999999999474e-01 3.385664521363237664e-04
1.110000000000000000e+02 8.218220999999999998e-01 3.245417666294273342e-04
1.120000000000000000e+02 8.228912000000000448e-01 3.042090240729538632e-04
1.130000000000000000e+02 8.242372999999999506e-01 3.035224526545350285e-04
1.140000000000000000e+02 8.202793999999999919e-01 3.389663378446961819e-04
1.150000000000000000e+02 8.200032000000000432e-01 3.547847947536387375e-04
1.160000000000000000e+02 8.210832999999999604e-01 3.405245663930825352e-04
1.170000000000000000e+02 8.221017000000000463e-01 3.199614809828723542e-04
1.180000000000000000e+02 8.233972000000000513e-01 3.193299381350684133e-04
1.190000000000000000e+02 8.195272000000000112e-01 3.553518804595387254e-04
1.200000000000000000e+02 8.192720999999999476e-01 3.712186230820529488e-04
1.210000000000000000e+02 8.203055999999999681e-01 3.567386232961751425e-04
1.220000000000000000e+02 8.212770000000000348e-01 3.359541093178107876e-04
1.230000000000000000e+02 8.225240999999999802e-01 3.353797664691609962e-04
1.240000000000000000e+02 8.187366000000000366e-01 3.719647373567341203e-04
1.250000000000000000e+02 8.184995999999999938e-01 3.878859371213001870e-04
1.260000000000000000e+02 8.194884999999999531e-01 3.732002801956064270e-04
1.270000000000000000e+02 8.204162999999999872e-01 3.522015947918376473e-04
1.280000000000000000e+02 8.216170000000000417e-01 3.516873662280132432e-04
1.290000000000000000e+02 8.179070999999999980e-01 3.888233085360103263e-04
1.300000000000000000e+02 8.176849999999999952e-01 4.048057082996714081e-04
1.310000000000000000e+02 8.186314999999999564e-01 3.899267370911219913e-04
1.320000000000000000e+02 8.195185999999999860e-01 3.687201088332853270e-04
1.330000000000000000e+02 8.206744999999999735e-01 3.682697088399455691e-04
1.340000000000000000e+02 8.170378000000000362e-01 4.059470225685085664e-04
1.350000000000000000e+02 8.168280999999999459e-01 4.219980509025833982e-04
1.360000000000000000e+02 8.177337999999999552e-01 4.069365654110186723e-04
1.370000000000000000e+02 8.185831000000000079e-01 3.855271371561808189e-04
1.380000000000000000e+02 8.196957000000000271e-01 3.851449657332607461e-04
1.390000000000000000e+02 8.161277999999999588e-01 4.233563365967835438e-04
1.400000000000000000e+02 8.159281000000000450e-01 4.394840506440101670e-04
1.410000000000000000e+02 8.167948999999999904e-01 4.242495365835754475e-04
1.420000000000000000e+02 8.176086000000000187e-01 4.026414226173899457e-04
1.430000000000000000e+02 8.186792000000000513e-01 4.023327369076689286e-04
1.440000000000000000e+02 8.151762999999999648e-01 4.410731934776535999e-04
1.450000000000000000e+02 8.149844000000000532e-01 4.572858789521950813e-04
1.460000000000000000e+02 8.158140000000000391e-01 4.418865648941973953e-04
1.470000000000000000e+02 8.165942000000000478e-01 4.200832509308984248e-04
1.480000000000000000e+02 8.176238999999999590e-01 4.198541080771440179e-04
1.490000000000000000e+02 8.141825000000000312e-01 4.591206789250631233e-04
1.500000000000000000e+02 8.139963000000000060e-01 4.754271358267893777e-04
1.510000000000000000e+02 8.147900999999999616e-01 4.598701074854095430e-04
1.520000000000000000e+02 8.155388999999999555e-01 4.378742792392430997e-04
1.530000000000000000e+02 8.165284999999999904e-01 4.377315935270673520e-04
1.540000000000000000e+02 8.131450999999999540e-01 4.775231929386512092e-04
1.550000000000000000e+02 8.129629999999999912e-01 4.939325069817136499e-04
1.560000000000000000e+02 8.137223999999999569e-01 4.782236500711503982e-04
1.570000000000000000e+02 8.144415000000000404e-01 4.560375361135120481e-04
1.580000000000000000e+02 8.153918999999999473e-01 4.559891361142278136e-04
1.590000000000000000e+02 8.120633999999999908e-01 4.963065640894645525e-04
1.600000000000000000e+02 8.118834999999999802e-01 5.128281638451522928e-04
1.610000000000000000e+02 8.126098999999999961e-01 4.969725640796160632e-04
1.620000000000000000e+02 8.133006999999999875e-01 4.745978786961948495e-04
1.630000000000000000e+02 8.142125000000000057e-01 4.746523358382466929e-04
1.640000000000000000e+02 8.109359999999999902e-01 5.154980495199571215e-04
1.650000000000000000e+02 8.107569000000000026e-01 5.321417064166971377e-04
1.660000000000000000e+02 8.114514000000000449e-01 5.161434780818415250e-04
1.670000000000000000e+02 8.121154000000000428e-01 4.935814784154758444e-04
1.680000000000000000e+02 8.129891999999999674e-01 4.937483926987218646e-04
1.690000000000000000e+02 8.097619000000000344e-01 5.351266206582721988e-04
1.700000000000000000e+02 8.095822000000000296e-01 5.519021632673476148e-04
1.710000000000000000e+02 8.102458000000000160e-01 5.357646777916940696e-04
1.720000000000000000e+02 8.108843000000000023e-01 5.130165066995099688e-04
1.730000000000000000e+02 8.117204000000000086e-01 5.133065066952216364e-04
1.740000000000000000e+02 8.085396999999999723e-01 5.552229060753850406e-04
1.750000000000000000e+02 8.083580000000000210e-01 5.721405629680732623e-04
1.760000000000000000e+02 8.089918999999999860e-01 5.558665060658679428e-04
1.770000000000000000e+02 8.096058000000000421e-01 5.329330206907098621e-04
1.780000000000000000e+02 8.104046000000000305e-01 5.333575921130029795e-04
1.790000000000000000e+02 8.072681000000000440e-01 5.758194200565295824e-04
1.800000000000000000e+02 8.070832000000000006e-01 5.928897055183892425e-04
1.810000000000000000e+02 8.076883000000000257e-01 5.764811343324587837e-04
1.820000000000000000e+02 8.082785999999999582e-01 5.533627918171772067e-04
1.830000000000000000e+02 8.090401999999999871e-01 5.539346203801498794e-04
1.840000000000000000e+02 8.059456000000000397e-01 5.969502768869152601e-04
1.850000000000000000e+02 8.057562999999999809e-01 6.141839909177869775e-04
1.860000000000000000e+02 8.063335000000000363e-01 5.976417054481194006e-04
1.870000000000000000e+02 8.069009999999999794e-01 5.743399915069779659e-04
1.880000000000000000e+02 8.076256000000000546e-01 5.750725629247165375e-04
1.890000000000000000e+02 8.045708000000000304e-01 6.186525622802796541e-04
1.900000000000000000e+02 8.043759000000000325e-01 6.360605620228597075e-04
1.910000000000000000e+02 8.049258999999999720e-01 6.193851336980182257e-04
1.920000000000000000e+02 8.054713999999999485e-01 5.959005626167236192e-04
1.930000000000000000e+02 8.061589999999999590e-01 5.968097054604226204e-04
1.940000000000000000e+02 8.031418000000000168e-01 6.409651333789051020e-04
1.950000000000000000e+02 8.029403999999999986e-01 6.585577045473273161e-04
1.960000000000000000e+02 8.034639000000000086e-01 6.417502762244377051e-04
1.970000000000000000e+02 8.039880000000000360e-01 6.180839908601159192e-04
1.980000000000000000e+02 8.046385000000000343e-01 6.191851337009755991e-04
1.990000000000000000e+02 8.016569000000000056e-01 6.639297044678891396e-04
2.000000000000000000e+02 8.014480000000000492e-01 6.817182756334130064e-04
2.010000000000000000e+02 8.019456000000000362e-01 6.647782758839123783e-04
2.020000000000000000e+02 8.024487999999999621e-01 6.409308476651263010e-04
2.030000000000000000e+02 8.030620000000000536e-01 6.422422762171623237e-04
2.040000000000000000e+02 8.001144000000000034e-01 6.875891326894551870e-04
2.050000000000000000e+02 7.998969000000000218e-01 7.055857038519031945e-04
2.060000000000000000e+02 8.003692000000000029e-01 6.885125612472285531e-04
2.070000000000000000e+02 8.008518999999999499e-01 6.644862758882302779e-04
2.080000000000000000e+02 8.014276000000000177e-01 6.660268472940206533e-04
2.090000000000000000e+02 7.985119999999999996e-01 7.119919894714564100e-04
2.100000000000000000e+02 7.982850000000000223e-01 7.302074177735252709e-04
2.110000000000000000e+02 7.987324999999999564e-01 7.130005608851135114e-04
2.120000000000000000e+02 7.991951000000000471e-01 6.887971326715919187e-04
2.130000000000000000e+02 7.997328999999999688e-01 6.905874183594038623e-04
2.140000000000000000e+02 7.968475999999999893e-01 7.371885605274348550e-04
2.150000000000000000e+02 7.966102999999999934e-01 7.556342745403841696e-04
2.160000000000000000e+02 7.970334000000000030e-01 7.382919890825465200e-04
2.170000000000000000e+02 7.974759999999999627e-01 7.139148465858792623e-04
2.180000000000000000e+02 7.979754999999999487e-01 7.159777036982321917e-04
2.190000000000000000e+02 7.951190000000000202e-01 7.632325601423106546e-04
2.200000000000000000e+02 7.948703000000000296e-01 7.819205598659628026e-04
2.210000000000000000e+02 7.952694000000000152e-01 7.644417029815733788e-04
2.220000000000000000e+02 7.956921999999999606e-01 7.398942747731385421e-04
2.230000000000000000e+02 7.961529000000000522e-01 7.422542747382402132e-04
2.240000000000000000e+02 7.933234999999999593e-01 7.901817026009444814e-04
2.250000000000000000e+02 7.930627000000000093e-01 8.091239880351221679e-04
2.260000000000000000e+02 7.934381000000000350e-01 7.915074168670547606e-04
2.270000000000000000e+02 7.938410000000000188e-01 7.667937029467932104e-04
2.280000000000000000e+02 7.942622999999999767e-01 7.694771314785406931e-04
2.290000000000000000e+02 7.914586000000000121e-01 8.180982736167009784e-04
2.300000000000000000e+02 7.911848000000000214e-01 8.373074161897896880e-04
2.310000000000000000e+02 7.915366000000000346e-01 8.195514164523556334e-04
2.320000000000000000e+02 7.919197000000000042e-01 7.946771311058971159e-04
2.330000000000000000e+02 7.923008000000000273e-01 7.977119882038764690e-04
2.340000000000000000e+02 7.895212999999999814e-01 8.470497017600118637e-04
2.350000000000000000e+02 7.892335999999999796e-01 8.665377014718340844e-04
2.360000000000000000e+02 7.895619999999999861e-01 8.486399874507813976e-04
2.370000000000000000e+02 7.899251000000000467e-01 8.236119878208815427e-04
2.380000000000000000e+02 7.902652999999999484e-01 8.270302734846195821e-04
2.390000000000000000e+02 7.875086000000000030e-01 8.771079870298122833e-04
2.400000000000000000e+02 7.872061000000000197e-01 8.968868438801907202e-04
2.410000000000000000e+02 7.875111999999999668e-01 8.788468441469562964e-04
2.420000000000000000e+02 7.878540000000000543e-01 8.536731302334969436e-04
2.430000000000000000e+02 7.881523999999999752e-01 8.575085587482092573e-04
2.440000000000000000e+02 7.854170999999999792e-01 9.083508437106673460e-04
2.450000000000000000e+02 7.850989999999999913e-01 9.284337005565502631e-04
2.460000000000000000e+02 7.853807999999999900e-01 9.102491293968823340e-04
2.470000000000000000e+02 7.857028999999999819e-01 8.849399869139970912e-04
2.480000000000000000e+02 7.859585000000000043e-01 8.892291297077143568e-04
2.490000000000000000e+02 7.832432999999999756e-01 9.408628432298980077e-04
2.500000000000000000e+02 7.829087000000000129e-01 9.612617000711080016e-04
2.510000000000000000e+02 7.831671000000000049e-01 9.429325574850064588e-04
2.520000000000000000e+02 7.834680000000000533e-01 9.174988435753918216e-04
2.530000000000000000e+02 7.836798000000000375e-01 9.222817006475226946e-04
2.540000000000000000e+02 7.809833999999999943e-01 9.747348427290175327e-04
2.550000000000000000e+02 7.806313000000000279e-01 9.954628424225034095e-04
2.560000000000000000e+02 7.808661999999999548e-01 9.769879855528421520e-04
2.570000000000000000e+02 7.811453000000000424e-01 9.514451287876985863e-04
2.580000000000000000e+02 7.813120000000000065e-01 9.567645572804664867e-04
2.590000000000000000e+02 7.786330999999999669e-01 1.010066270777984672e-03
2.600000000000000000e+02 7.782626999999999740e-01 1.031135984752131482e-03
2.610000000000000000e+02 7.784737000000000462e-01 1.012515413598910835e-03
2.620000000000000000e+02 7.787304999999999922e-01 9.868794139780018033e-04
2.630000000000000000e+02 7.788507000000000069e-01 9.927828424621336877e-04
2.640000000000000000e+02 7.761881000000000475e-01 1.046964555946638823e-03
2.650000000000000000e+02 7.757983000000000517e-01 1.068389127058395590e-03
2.660000000000000000e+02 7.759852000000000416e-01 1.049623413050178224e-03
2.670000000000000000e+02 7.762187000000000392e-01 1.023914270573208054e-03
2.680000000000000000e+02 7.762911000000000117e-01 1.030453127619372069e-03
2.690000000000000000e+02 7.736433999999999811e-01 1.085546841090391079e-03
2.700000000000000000e+02 7.732333999999999596e-01 1.107339983625268845e-03
2.710000000000000000e+02 7.733957000000000193e-01 1.088430269619180971e-03
2.720000000000000000e+02 7.736049000000000397e-01 1.062671412857231533e-03
2.730000000000000000e+02 7.736277999999999766e-01 1.069901127036036910e-03
2.740000000000000000e+02 7.709939999999999571e-01 1.125941126207348486e-03
2.750000000000000000e+02 7.705625999999999864e-01 1.148115411593733171e-03
2.760000000000000000e+02 7.706996999999999876e-01 1.129065697589715436e-03
2.770000000000000000e+02 7.708836000000000022e-01 1.103283983685246798e-03
2.780000000000000000e+02 7.708553999999999684e-01 1.111265697852931861e-03
2.790000000000000000e+02 7.682339999999999725e-01 1.168287982724003794e-03
2.800000000000000000e+02 7.677802999999999711e-01 1.190856553818843552e-03
2.810000000000000000e+02 7.678916000000000075e-01 1.171670839816837039e-03
2.820000000000000000e+02 7.680487000000000286e-01 1.145898268769376125e-03
2.830000000000000000e+02 7.679675000000000251e-01 1.154698840067809379e-03
2.840000000000000000e+02 7.653575000000000239e-01 1.212740553495235017e-03
2.850000000000000000e+02 7.648800999999999517e-01 1.235717124584041759e-03
2.860000000000000000e+02 7.649648999999999477e-01 1.216400553441112893e-03
2.870000000000000000e+02 7.650938999999999934e-01 1.190674839535816373e-03
2.880000000000000000e+02 7.649576000000000153e-01 1.200365696535370509e-03
2.890000000000000000e+02 7.623575999999999686e-01 1.259466267089995187e-03
2.900000000000000000e+02 7.618555999999999662e-01 1.282864552458280174e-03
2.910000000000000000e+02 7.619126999999999983e-01 1.263426267031437112e-03
2.920000000000000000e+02 7.620118999999999643e-01 1.237789695981965192e-03
2.930000000000000000e+02 7.618184999999999540e-01 1.248451410110019760e-03
2.940000000000000000e+02 7.592271999999999910e-01 1.308651409219815671e-03
2.950000000000000000e+02 7.586990999999999596e-01 1.332485123153090163e-03
2.960000000000000000e+02 7.587275999999999465e-01 1.312935980585029075e-03
2.970000000000000000e+02 7.587950999999999446e-01 1.287438266676361022e-03
2.980000000000000000e+02 7.585420999999999969e-01 1.299157695074489071e-03
2.990000000000000000e+02 7.559582000000000246e-01 1.360499979881679092e-03
3.000000000000000000e+02 7.554028000000000409e-01 1.384782836665454566e-03
3.010000000000000000e+02 7.554014000000000006e-01 1.365137122670250251e-03
3.020000000000000000e+02 7.554351000000000260e-01 1.339836551615809735e-03
3.030000000000000000e+02 7.551200000000000134e-01 1.352707979996902723e-03
3.040000000000000000e+02 7.525422000000000500e-01 1.415237693357962153e-03
3.050000000000000000e+02 7.519578000000000095e-01 1.439983978706313623e-03
3.060000000000000000e+02 7.519251000000000129e-01 1.420259978997981095e-03
3.070000000000000000e+02 7.519225999999999965e-01 1.395223979368199725e-03
3.080000000000000000e+02 7.515427000000000080e-01 1.409351979159282611e-03
3.090000000000000000e+02 7.489694000000000074e-01 1.473114835359249850e-03
3.100000000000000000e+02 7.483547000000000393e-01 1.498339406414814353e-03
3.110000000000000000e+02 7.482889000000000346e-01 1.478560549564435916e-03
3.120000000000000000e+02 7.482476000000000127e-01 1.453865692786752593e-03
3.130000000000000000e+02 7.477998000000000145e-01 1.469364549700421596e-03
3.140000000000000000e+02 7.452296999999999949e-01 1.534409691595712590e-03
3.150000000000000000e+02 7.445827000000000417e-01 1.560127405501127596e-03
3.160000000000000000e+02 7.444819000000000297e-01 1.540322262936852198e-03
3.170000000000000000e+02 7.443988999999999745e-01 1.516059406152780835e-03
3.180000000000000000e+02 7.438799999999999857e-01 1.533054263044327263e-03
3.190000000000000000e+02 7.413115000000000121e-01 1.599430833491358823e-03
3.200000000000000000e+02 7.406304000000000221e-01 1.625658261674950682e-03
3.210000000000000000e+02 7.404924999999999979e-01 1.605863404824809000e-03
3.220000000000000000e+02 7.403642000000000278e-01 1.582134833747122571e-03
3.230000000000000000e+02 7.397707000000000033e-01 1.600763404900224949e-03
3.240000000000000000e+02 7.372022000000000297e-01 1.668524546755353671e-03
3.250000000000000000e+02 7.364848999999999979e-01 1.695278832074011838e-03
3.260000000000000000e+02 7.363072999999999979e-01 1.675538260937352959e-03
3.270000000000000000e+02 7.361301000000000094e-01 1.652464546992839884e-03
3.280000000000000000e+02 7.354581999999999509e-01 1.672878832405250453e-03
3.290000000000000000e+02 7.328877999999999782e-01 1.742077688524833147e-03
3.300000000000000000e+02 7.321320999999999524e-01 1.769377688121135956e-03
3.310000000000000000e+02 7.319118999999999486e-01 1.749746259840006006e-03
3.320000000000000000e+02 7.316816000000000431e-01 1.727466260169470370e-03
3.330000000000000000e+02 7.309271999999999991e-01 1.749831402695889958e-03
3.340000000000000000e+02 7.283530000000000282e-01 1.820524544507661630e-03
3.350000000000000000e+02 7.275561999999999863e-01 1.848391401238439185e-03
3.360000000000000000e+02 7.272901000000000504e-01 1.828937115811832661e-03
3.370000000000000000e+02 7.270020000000000371e-01 1.807609687555782442e-03
3.380000000000000000e+02 7.261606000000000449e-01 1.832109687193489780e-03
3.390000000000000000e+02 7.235804999999999598e-01 1.904355400410874316e-03
3.400000000000000000e+02 7.227396999999999849e-01 1.932812542847208923e-03
3.410000000000000000e+02 7.224239000000000077e-01 1.913618257416757791e-03
3.420000000000000000e+02 7.220727999999999591e-01 1.893428543429597714e-03
3.430000000000000000e+02 7.211395000000000444e-01 1.920265114461324526e-03
3.440000000000000000e+02 7.185510999999999981e-01 1.994123399083435125e-03
3.450000000000000000e+02 7.176631999999999456e-01 2.023198827224912191e-03
3.460000000000000000e+02 7.172933999999999699e-01 2.004365113217700545e-03
3.470000000000000000e+02 7.168731000000000408e-01 1.985527399210547817e-03
3.480000000000000000e+02 7.158428000000000013e-01 2.014922255918729938e-03
3.490000000000000000e+02 7.132433999999999719e-01 2.090455969087493589e-03
3.500000000000000000e+02 7.123047000000000128e-01 2.120183397219329354e-03
3.510000000000000000e+02 7.118757999999999475e-01 2.101833683204960921e-03
3.520000000000000000e+02 7.113798000000000066e-01 2.084595397745585017e-03
3.530000000000000000e+02 7.102467000000000086e-01 2.116793111555177482e-03
3.540000000000000000e+02 7.076333999999999680e-01 2.194066824698210922e-03
3.550000000000000000e+02 7.066396000000000344e-01 2.224487395676939816e-03
3.560000000000000000e+02 7.061460000000000514e-01 2.206772538796039976e-03
3.570000000000000000e+02 7.055666999999999911e-01 2.191420539023057005e-03
3.580000000000000000e+02 7.043243999999999616e-01 2.226690824215784952e-03
3.590000000000000000e+02 7.016938000000000342e-01 2.305771965903519790e-03
3.600000000000000000e+02 7.006400999999999879e-01 2.336937108299809961e-03
3.610000000000000000e+02 7.000752000000000086e-01 2.320041679978221416e-03
3.620000000000000000e+02 6.994040000000000257e-01 2.306907394458158379e-03
3.630000000000000000e+02 6.980458000000000496e-01 2.345546822458208312e-03
3.640000000000000000e+02 6.953939999999999566e-01 2.426507392689579694e-03
3.650000000000000000e+02 6.942749000000000281e-01 2.458481106502484557e-03
3.660000000000000000e+02 6.936309000000000502e-01 2.442630821022584008e-03
3.670000000000000000e+02 6.928581999999999796e-01 2.432099392606888472e-03
3.680000000000000000e+02 6.913764999999999494e-01 2.474434820552284288e-03
3.690000000000000000e+02 6.886989999999999501e-01 2.557349676469042234e-03
3.700000000000000000e+02 6.875080999999999554e-01 2.590215961697319314e-03
3.710000000000000000e+02 6.867761000000000005e-01 2.575686247626462512e-03
3.720000000000000000e+02 6.858908999999999700e-01 2.568202819165694810e-03
3.730000000000000000e+02 6.842774000000000356e-01 2.614594247051112239e-03
3.740000000000000000e+02 6.815689000000000330e-01 2.699544531509200269e-03
3.750000000000000000e+02 6.802985999999999756e-01 2.733411388151253153e-03
3.760000000000000000e+02 6.794681999999999666e-01 2.720538816913033956e-03
3.770000000000000000e+02 6.784580999999999529e-01 2.716621102685252889e-03
3.780000000000000000e+02 6.767037999999999665e-01 2.767465673361963179e-03
3.790000000000000000e+02 6.739578999999999986e-01 2.854540529217205243e-03
3.800000000000000000e+02 6.725993000000000110e-01 2.889549100128089350e-03
3.810000000000000000e+02 6.716583000000000414e-01 2.878746243144978713e-03
3.820000000000000000e+02 6.705092999999999748e-01 2.878994243141311943e-03
3.830000000000000000e+02 6.686037999999999704e-01 2.934726242317177523e-03
3.840000000000000000e+02 6.658131000000000466e-01 3.024026240996658798e-03
3.850000000000000000e+02 6.643556000000000461e-01 3.060363383316467515e-03
3.860000000000000000e+02 6.632898999999999878e-01 3.052135383438138970e-03
3.870000000000000000e+02 6.619857000000000102e-01 3.057245097648294066e-03
3.880000000000000000e+02 6.599177000000000515e-01 3.118343382459091723e-03
3.890000000000000000e+02 6.570732000000000239e-01 3.209983952532533338e-03
3.900000000000000000e+02 6.555041000000000340e-01 3.247895951971911666e-03
3.910000000000000000e+02 6.542968000000000117e-01 3.242862809189196120e-03
3.920000000000000000e+02 6.528188999999999798e-01 3.253642237601224452e-03
3.930000000000000000e+02 6.505756999999999790e-01 3.320630808039206055e-03
3.940000000000000000e+02 6.476661999999999697e-01 3.414752520933100541e-03
3.950000000000000000e+02 6.459703999999999446e-01 3.454566234630071942e-03
3.960000000000000000e+02 6.446017000000000552e-01 3.453489091788856588e-03
3.970000000000000000e+02 6.429287999999999670e-01 3.470871948674666106e-03
3.980000000000000000e+02 6.404957000000000011e-01 3.544325090445624160e-03
3.990000000000000000e+02 6.375077999999999578e-01 3.641102803300243392e-03
4.000000000000000000e+02 6.356667999999999763e-01 3.683253088391234050e-03
4.010000000000000000e+02 6.341128999999999794e-01 3.687065659763427272e-03
4.020000000000000000e+02 6.322204999999999631e-01 3.712134230821298019e-03
4.030000000000000000e+02 6.295808999999999989e-01 3.792678229630258233e-03
4.040000000000000000e+02 6.264975000000000405e-01 3.892338228156541798e-03
4.050000000000000000e+02 6.244887999999999550e-01 3.937405084632974832e-03
4.060000000000000000e+02 6.227215999999999863e-01 3.947254798773037164e-03
4.070000000000000000e+02 6.205812000000000550e-01 3.981253655413137527e-03
4.080000000000000000e+02 6.177154000000000256e-01 4.069573654107110430e-03
4.090000000000000000e+02 6.145156000000000507e-01 4.172418795443436600e-03
4.100000000000000000e+02 6.123112000000000554e-01 4.221174223293896674e-03
4.110000000000000000e+02 6.102967999999999726e-01 4.238466223038191844e-03
4.120000000000000000e+02 6.078753999999999547e-01 4.282825650953657817e-03
4.130000000000000000e+02 6.047601999999999700e-01 4.379668506664456673e-03
4.140000000000000000e+02 6.014171000000000378e-01 4.486113076518984631e-03
4.150000000000000000e+02 5.989824999999999733e-01 4.539585647156832958e-03
4.160000000000000000e+02 5.966799999999999882e-01 4.566039361051365056e-03
4.170000000000000000e+02 5.939385999999999832e-01 4.622387931646684649e-03
4.180000000000000000e+02 5.905458999999999570e-01 4.728569644362242558e-03
4.190000000000000000e+02 5.870254000000000305e-01 4.839193071297832535e-03
4.200000000000000000e+02 5.843173000000000394e-01 4.898748498988588808e-03
4.210000000000000000e+02 5.816767000000000465e-01 4.936453069859606316e-03
4.220000000000000000e+02 5.785696000000000172e-01 5.006627925964755865e-03
4.230000000000000000e+02 5.748647999999999536e-01 5.123044495671823240e-03
4.240000000000000000e+02 5.711222999999999717e-01 5.238665065390661624e-03
4.250000000000000000e+02 5.680859999999999799e-01 5.306107350107648613e-03
4.260000000000000000e+02 5.650465999999999545e-01 5.357581635060761072e-03
4.270000000000000000e+02 5.615189000000000430e-01 5.443623348074137953e-03
4.280000000000000000e+02 5.574580999999999564e-01 5.571265060472356881e-03
4.290000000000000000e+02 5.534356000000000275e-01 5.693044487242979873e-03
4.300000000000000000e+02 5.500013999999999736e-01 5.770737057522675600e-03
4.310000000000000000e+02 5.464881999999999795e-01 5.838971342227950931e-03
4.320000000000000000e+02 5.424736000000000002e-01 5.943091340688281578e-03
4.330000000000000000e+02 5.379996000000000222e-01 6.083068481475519679e-03
4.340000000000000000e+02 5.336201000000000416e-01 6.212645622416548136e-03
4.350000000000000000e+02 5.296984999999999610e-01 6.303628478214001740e-03
4.360000000000000000e+02 5.256182999999999828e-01 6.392074191191829055e-03
4.370000000000000000e+02 5.210348999999999675e-01 6.516582760779236413e-03
4.380000000000000000e+02 5.160713999999999579e-01 6.670165615650995063e-03
4.390000000000000000e+02 5.112320000000000197e-01 6.809817042157335909e-03
4.400000000000000000e+02 5.067066000000000070e-01 6.917891326273478518e-03
4.410000000000000000e+02 5.019426999999999639e-01 7.030365610324556744e-03
4.420000000000000000e+02 4.966869999999999896e-01 7.177491322434657352e-03
4.430000000000000000e+02 4.911288999999999794e-01 7.346131319940902432e-03
4.440000000000000000e+02 4.856902000000000164e-01 7.498902746253232818e-03
4.450000000000000000e+02 4.804088000000000247e-01 7.628571315764336343e-03
4.460000000000000000e+02 4.748126999999999764e-01 7.768891313689361804e-03
4.470000000000000000e+02 4.687493999999999827e-01 7.940485596866206364e-03
4.480000000000000000e+02 4.624482999999999788e-01 8.125754165555129291e-03
4.490000000000000000e+02 4.562192999999999943e-01 8.295405591617845478e-03
4.500000000000000000e+02 4.499810000000000199e-01 8.451388446454115647e-03
4.510000000000000000e+02 4.433602999999999850e-01 8.622582729636873652e-03
4.520000000000000000e+02 4.363049999999999984e-01 8.819405583869224449e-03
4.530000000000000000e+02 4.290464999999999973e-01 9.022651295149453077e-03
4.540000000000000000e+02 4.217632000000000048e-01 9.212942720906957400e-03
4.550000000000000000e+02 4.142992999999999815e-01 9.398737003873820425e-03
4.560000000000000000e+02 4.063970000000000082e-01 9.601194143737138906e-03
4.570000000000000000e+02 3.980865000000000098e-01 9.821434140480349989e-03
4.580000000000000000e+02 3.895542000000000171e-01 1.004223413721528312e-02
4.590000000000000000e+02 3.808480000000000198e-01 1.025439413407797963e-02
4.600000000000000000e+02 3.717928999999999817e-01 1.046846841662665145e-02
4.610000000000000000e+02 3.622501000000000193e-01 1.069579984183642932e-02
4.620000000000000000e+02 3.522900999999999949e-01 1.093102840978656988e-02
4.630000000000000000e+02 3.420112000000000152e-01 1.116202269208504093e-02
4.640000000000000000e+02 3.313619999999999899e-01 1.138695411733030988e-02
4.650000000000000000e+02 3.202023999999999981e-01 1.161291411398893657e-02
4.660000000000000000e+02 3.084856999999999738e-01 1.184118839632762772e-02
4.670000000000000000e+02 2.962613000000000052e-01 1.206362839303831008e-02
4.680000000000000000e+02 2.835250999999999744e-01 1.227278838994536742e-02
4.690000000000000000e+02 2.701849000000000056e-01 1.246706838707246218e-02
4.700000000000000000e+02 2.561583000000000054e-01 1.264433124159405376e-02
4.710000000000000000e+02 2.414254000000000122e-01 1.279597695363731552e-02
4.720000000000000000e+02 2.259648999999999963e-01 1.290911409482144862e-02
4.730000000000000000e+02 2.097057999999999978e-01 1.296898837965034662e-02
4.740000000000000000e+02 1.925657000000000063e-01 1.295435980843809461e-02
4.750000000000000000e+02 1.744866999999999946e-01 1.282924552457392897e-02
4.760000000000000000e+02 1.554166999999999910e-01 1.253537695749092247e-02
4.770000000000000000e+02 1.352992000000000083e-01 1.198655410846375356e-02
4.780000000000000000e+02 1.141288000000000025e-01 1.107296555054482559e-02
4.790000000000000000e+02 9.209227999999999859e-02 9.695554142341794926e-03
4.800000000000000000e+02 6.981951999999999603e-02 7.844519883999579585e-03
4.810000000000000000e+02 4.864671999999999746e-02 5.690420487281781618e-03
4.820000000000000000e+02 3.047704000000000038e-02 3.588750804074395534e-03
4.830000000000000000e+02 1.691801999999999889e-02 1.917818828783213235e-03
4.840000000000000000e+02 8.297739999999999630e-03 8.545502730776690205e-04
4.850000000000000000e+02 3.623590999999999791e-03 3.156275381898174378e-04
4.860000000000000000e+02 1.426057000000000106e-03 9.678405571166806727e-05
4.870000000000000000e+02 5.112171000000000423e-04 2.477004534799998452e-05
4.880000000000000000e+02 1.680820999999999878e-04 5.322822778431899061e-06
4.890000000000000000e+02 5.085138999999999832e-05 9.649182714456081140e-07
4.900000000000000000e+02 1.416947000000000005e-05 1.479080549556746511e-07
4.910000000000000000e+02 3.635300999999999976e-06 1.916167971664768342e-08
4.920000000000000000e+02 8.579597999999999505e-07 2.090531397657806506e-09
4.930000000000000000e+02 1.860328999999999902e-07 1.907209114654389475e-10
4.940000000000000000e+02 3.700399000000000179e-08 1.438726835867760749e-11
4.950000000000000000e+02 6.740034999999999876e-09 8.824845583788780453e-13
4.960000000000000000e+02 1.121789999999999907e-09 4.293237079371128504e-14
4.970000000000000000e+02 1.701854999999999961e-10 1.594918262129516808e-15
4.980000000000000000e+02 2.346653000000000098e-11 4.252550794258488821e-17
4.990000000000000000e+02 2.931229999999999820e-12 7.250114178503608706e-19
5.000000000000000000e+02 3.306497999999999953e-13 5.939251340745065597e-21
5.010000000000000000e+02 3.648665999999999955e-14 0.000000000000000000e+00
