1.000000000000000000e+00 3.737459000000000198e-01 1.814986640320827001e-05
2.000000000000000000e+00 3.763756999999999797e-01 1.815698106977166291e-05
3.000000000000000000e+00 3.814269000000000132e-01 1.901827172393607274e-05
4.000000000000000000e+00 3.754831000000000141e-01 2.191631968186881805e-05
5.000000000000000000e+00 3.731743000000000143e-01 2.533919429884999149e-05
6.000000000000000000e+00 3.738046999999999898e-01 2.813199959164374003e-05
7.000000000000000000e+00 3.764770000000000061e-01 3.036561022588794251e-05
8.000000000000000000e+00 3.801691999999999849e-01 3.334536484930131754e-05
9.000000000000000000e+00 3.751717999999999997e-01 3.862409543934340763e-05
1.000000000000000000e+01 3.733583999999999792e-01 4.392243669576749616e-05
1.100000000000000000e+01 3.740233000000000030e-01 4.763435664188630283e-05
1.200000000000000000e+01 3.764295999999999753e-01 5.007391393980770432e-05
1.300000000000000000e+01 3.795377999999999807e-01 5.329842589300158747e-05
1.400000000000000000e+01 3.750465000000000049e-01 5.944629247042753517e-05
1.500000000000000000e+01 3.734809000000000045e-01 6.529567905218613510e-05
1.600000000000000000e+01 3.741436000000000206e-01 6.882127900100950787e-05
1.700000000000000000e+01 3.763578000000000201e-01 7.064026564127227242e-05
1.800000000000000000e+01 3.790851000000000082e-01 7.351285226624127388e-05
1.900000000000000000e+01 3.749341999999999953e-01 8.003658550487791610e-05
2.000000000000000000e+01 3.735235000000000083e-01 8.612250541653639481e-05
2.100000000000000000e+01 3.741750999999999827e-01 8.937199870270100504e-05
2.200000000000000000e+01 3.762420000000000209e-01 9.065013201748130538e-05
2.300000000000000000e+01 3.786912000000000056e-01 9.329114531247842488e-05
2.400000000000000000e+01 3.747978000000000143e-01 1.002384518782999269e-04
2.500000000000000000e+01 3.735013999999999834e-01 1.066205317856594453e-04
2.600000000000000000e+01 3.741420999999999775e-01 1.097062384075348667e-04
2.700000000000000000e+01 3.760903999999999914e-01 1.105862383947610187e-04
2.800000000000000000e+01 3.783216999999999830e-01 1.131083183581512174e-04
2.900000000000000000e+01 3.746354000000000073e-01 1.205108249173651665e-04
3.000000000000000000e+01 3.734297999999999784e-01 1.272006381535910346e-04
3.100000000000000000e+01 3.740599000000000007e-01 1.301511447774289585e-04
3.200000000000000000e+01 3.759082000000000257e-01 1.306762114364739137e-04
3.300000000000000000e+01 3.779610999999999943e-01 1.331041047345646268e-04
3.400000000000000000e+01 3.744472999999999829e-01 1.409345579542332742e-04
3.500000000000000000e+01 3.733161999999999869e-01 1.478990911864713797e-04
3.600000000000000000e+01 3.739354999999999762e-01 1.507056511457321427e-04
3.700000000000000000e+01 3.756967999999999974e-01 1.508884778097449586e-04
3.800000000000000000e+01 3.775990000000000180e-01 1.532268244424688430e-04
3.900000000000000000e+01 3.742326999999999737e-01 1.614513576564171335e-04
4.000000000000000000e+01 3.731642000000000015e-01 1.686581308851389598e-04
4.100000000000000000e+01 3.737723000000000018e-01 1.713146108465782281e-04
4.200000000000000000e+01 3.754565999999999737e-01 1.711705041820033870e-04
4.300000000000000000e+01 3.772286999999999724e-01 1.734278374825698975e-04
4.400000000000000000e+01 3.739908000000000121e-01 1.820211706911647998e-04
4.500000000000000000e+01 3.729758000000000240e-01 1.894470372500396454e-04
4.600000000000000000e+01 3.735726999999999798e-01 1.919538638803179175e-04
4.700000000000000000e+01 3.751876000000000100e-01 1.915015972202162417e-04
4.800000000000000000e+01 3.768456000000000028e-01 1.936893838551256180e-04
4.900000000000000000e+01 3.737212999999999785e-01 2.026324237253109494e-04
5.000000000000000000e+01 3.727526999999999924e-01 2.102601036145896826e-04
5.100000000000000000e+01 3.733382000000000089e-01 2.126205835803256184e-04
5.200000000000000000e+01 3.748900000000000010e-01 2.118788769244253612e-04
5.300000000000000000e+01 3.764466000000000201e-01 2.140086902268428998e-04
5.400000000000000000e+01 3.734237000000000251e-01 2.232855434255160267e-04
5.500000000000000000e+01 3.724956999999999852e-01 2.311007433120727610e-04
5.600000000000000000e+01 3.730697000000000041e-01 2.333189299465408524e-04
5.700000000000000000e+01 3.745635999999999965e-01 2.323052232945888528e-04
5.800000000000000000e+01 3.760290000000000021e-01 2.343876765976938778e-04
5.900000000000000000e+01 3.730978999999999823e-01 2.439843164583917320e-04
6.000000000000000000e+01 3.722057999999999756e-01 2.519749830090681035e-04
6.100000000000000000e+01 3.727682999999999969e-01 2.540551429788730914e-04
6.200000000000000000e+01 3.742086000000000023e-01 2.527853829973045522e-04
6.300000000000000000e+01 3.755912000000000139e-01 2.548300229676251413e-04
6.400000000000000000e+01 3.727435000000000054e-01 2.647340228238614836e-04
6.500000000000000000e+01 3.718834999999999780e-01 2.728894893721456804e-04
6.600000000000000000e+01 3.724343999999999988e-01 2.748358360105596825e-04
6.700000000000000000e+01 3.738247000000000098e-01 2.733246360324958503e-04
6.800000000000000000e+01 3.751316000000000095e-01 2.753401560032391385e-04
6.900000000000000000e+01 3.723602999999999774e-01 2.855402625218438702e-04
7.000000000000000000e+01 3.715289999999999981e-01 2.938511424012054947e-04
7.100000000000000000e+01 3.720684000000000213e-01 2.956678357081681950e-04
7.200000000000000000e+01 3.734121000000000246e-01 2.939287957334116123e-04
7.300000000000000000e+01 3.746492000000000155e-01 2.959231957044614449e-04
7.400000000000000000e+01 3.719483000000000095e-01 3.064091688855833068e-04
7.500000000000000000e+01 3.711427999999999949e-01 3.148671420961430449e-04
7.600000000000000000e+01 3.716707000000000205e-01 3.165584487382592117e-04
7.700000000000000000e+01 3.729704999999999826e-01 3.146042087666264483e-04
7.800000000000000000e+01 3.741427999999999976e-01 3.165850087378736842e-04
7.900000000000000000e+01 3.715070999999999790e-01 3.273476752483124737e-04
8.000000000000000000e+01 3.707250000000000267e-01 3.359454884568423391e-04
8.100000000000000000e+01 3.712415000000000020e-01 3.375155684340514937e-04
8.200000000000000000e+01 3.724997999999999920e-01 3.353580217987032065e-04
8.300000000000000000e+01 3.736117999999999939e-01 3.373323151033782606e-04
8.400000000000000000e+01 3.710366999999999971e-01 3.483634082765872599e-04
8.500000000000000000e+01 3.702757999999999883e-01 3.570945548165150706e-04
8.600000000000000000e+01 3.707808000000000215e-01 3.585475147954243010e-04
8.700000000000000000e+01 3.719997999999999916e-01 3.561979148295304804e-04
8.800000000000000000e+01 3.730553999999999815e-01 3.581725281342008405e-04
8.900000000000000000e+01 3.705369000000000024e-01 3.694645279702892990e-04
9.000000000000000000e+01 3.697951999999999906e-01 3.783233011750312198e-04
9.100000000000000000e+01 3.702888999999999764e-01 3.796633011555801559e-04
9.200000000000000000e+01 3.714704999999999813e-01 3.771322611923199632e-04
9.300000000000000000e+01 3.724727999999999928e-01 3.791137011635579740e-04
9.400000000000000000e+01 3.700073999999999863e-01 3.906599943292885175e-04
9.500000000000000000e+01 3.692833999999999839e-01 3.996414875322490054e-04
9.600000000000000000e+01 3.697656999999999750e-01 4.008728475143749029e-04
9.700000000000000000e+01 3.709117000000000108e-01 3.981706075535998684e-04
9.800000000000000000e+01 3.718637000000000192e-01 4.001653275246451155e-04
9.900000000000000000e+01 3.694481000000000015e-01 4.119599406867711444e-04
1.000000000000000000e+02 3.687402000000000180e-01 4.210598338880128895e-04
1.010000000000000000e+02 3.692112000000000172e-01 4.221867138716554326e-04
1.020000000000000000e+02 3.703231000000000162e-01 4.193231405798889672e-04
1.030000000000000000e+02 3.712273999999999852e-01 4.213374338839833561e-04
1.040000000000000000e+02 3.688587999999999867e-01 4.333750870425814796e-04
1.050000000000000000e+02 3.681655999999999818e-01 4.425897535754906510e-04
1.060000000000000000e+02 3.686253999999999920e-01 4.436163668939219033e-04
1.070000000000000000e+02 3.697045999999999943e-01 4.406010069376920576e-04
1.080000000000000000e+02 3.705633999999999872e-01 4.426411135747450602e-04
1.090000000000000000e+02 3.682392999999999916e-01 4.549172733965477461e-04
1.100000000000000000e+02 3.675595999999999863e-01 4.642434599278381447e-04
1.110000000000000000e+02 3.680083000000000104e-01 4.651742332476606085e-04
1.120000000000000000e+02 3.690558999999999923e-01 4.620162066268349889e-04
1.130000000000000000e+02 3.698713000000000140e-01 4.640884199300886735e-04
1.140000000000000000e+02 3.675893000000000077e-01 4.765990330818214299e-04
1.150000000000000000e+02 3.669219000000000230e-01 4.860342329448627150e-04
1.160000000000000000e+02 3.673595000000000055e-01 4.868734862660136463e-04
1.170000000000000000e+02 3.683769000000000071e-01 4.835818596471273714e-04
1.180000000000000000e+02 3.691505999999999954e-01 4.856923662831584510e-04
1.190000000000000000e+02 3.669085000000000263e-01 4.984341260982025909e-04
1.200000000000000000e+02 3.662524999999999809e-01 5.079762059596923786e-04
1.210000000000000000e+02 3.666790999999999801e-01 5.087283126154417377e-04
1.220000000000000000e+02 3.676671000000000245e-01 5.053118859983669452e-04
1.230000000000000000e+02 3.684008999999999756e-01 5.074671393004153309e-04
1.240000000000000000e+02 3.661967999999999890e-01 5.204371124454801236e-04
1.250000000000000000e+02 3.655512000000000206e-01 5.300843123054440947e-04
1.260000000000000000e+02 3.659667999999999810e-01 5.307536989623940589e-04
1.270000000000000000e+02 3.669263999999999859e-01 5.272211123470054231e-04
1.280000000000000000e+02 3.676215999999999928e-01 5.294274589816453996e-04
1.290000000000000000e+02 3.654536999999999924e-01 5.426234587900958650e-04
1.300000000000000000e+02 3.648178000000000254e-01 5.523743919818874942e-04
1.310000000000000000e+02 3.652224000000000026e-01 5.529658586399685766e-04
1.320000000000000000e+02 3.661543999999999910e-01 5.493253253594801650e-04
1.330000000000000000e+02 3.668123999999999829e-01 5.515893253266165646e-04
1.340000000000000000e+02 3.646789999999999754e-01 5.650095917984784919e-04
1.350000000000000000e+02 3.640518999999999838e-01 5.748639916554347442e-04
1.360000000000000000e+02 3.644455999999999807e-01 5.753818583145841464e-04
1.370000000000000000e+02 3.653508999999999785e-01 5.716421250355357715e-04
1.380000000000000000e+02 3.659726999999999841e-01 5.739706583350686784e-04
1.390000000000000000e+02 3.638723999999999847e-01 5.876138581370278675e-04
1.400000000000000000e+02 3.632534000000000041e-01 5.975706579924977948e-04
1.410000000000000000e+02 3.636362000000000205e-01 5.980191913193202849e-04
1.420000000000000000e+02 3.645153999999999894e-01 5.941887913749212659e-04
1.430000000000000000e+02 3.651021999999999879e-01 5.965882580067579950e-04
1.440000000000000000e+02 3.630335000000000090e-01 6.104538578054887008e-04
1.450000000000000000e+02 3.624218000000000162e-01 6.205135909927978312e-04
1.460000000000000000e+02 3.627936999999999967e-01 6.208975909872238141e-04
1.470000000000000000e+02 3.636474000000000095e-01 6.169850577106837956e-04
1.480000000000000000e+02 3.642001000000000266e-01 6.194623910080567560e-04
1.490000000000000000e+02 3.621617999999999782e-01 6.335498574702336672e-04
1.500000000000000000e+02 3.615569000000000144e-01 6.437125239893818924e-04
1.510000000000000000e+02 3.619180000000000175e-01 6.440373239846671925e-04
1.520000000000000000e+02 3.627466999999999775e-01 6.400506573758699656e-04
1.530000000000000000e+02 3.632660999999999807e-01 6.426133240053375287e-04
1.540000000000000000e+02 3.612568999999999919e-01 6.569231904642862819e-04
1.550000000000000000e+02 3.606582999999999872e-01 6.671893236485992385e-04
1.560000000000000000e+02 3.610085000000000099e-01 6.674591903113486239e-04
1.570000000000000000e+02 3.618127999999999900e-01 6.634069237035036164e-04
1.580000000000000000e+02 3.622997000000000023e-01 6.660623903316242617e-04
1.590000000000000000e+02 3.603184999999999860e-01 6.805951901206700599e-04
1.600000000000000000e+02 3.597253999999999730e-01 6.909653233034734931e-04
1.610000000000000000e+02 3.600648000000000182e-01 6.911861233002684251e-04
1.620000000000000000e+02 3.608450999999999742e-01 6.870762566932594280e-04
1.630000000000000000e+02 3.613001000000000129e-01 6.898325233199168382e-04
1.640000000000000000e+02 3.593458999999999959e-01 7.045893231057112800e-04
1.650000000000000000e+02 3.587579000000000184e-01 7.150655896203074111e-04
1.660000000000000000e+02 3.590863999999999723e-01 7.152415896177526577e-04
1.670000000000000000e+02 3.598431999999999742e-01 7.110831896781147354e-04
1.680000000000000000e+02 3.602669000000000010e-01 7.139477229698673903e-04
1.690000000000000000e+02 3.583387000000000100e-01 7.289301227523870604e-04
1.700000000000000000e+02 3.577552999999999983e-01 7.395141225987526910e-04
1.710000000000000000e+02 3.580729000000000273e-01 7.396506559301040768e-04
1.720000000000000000e+02 3.588064000000000253e-01 7.354527893243725106e-04
1.730000000000000000e+02 3.591994000000000020e-01 7.384341226144296210e-04
1.740000000000000000e+02 3.572962000000000082e-01 7.536442557269769577e-04
1.750000000000000000e+02 3.567170000000000063e-01 7.643375889050887809e-04
1.760000000000000000e+02 3.570236999999999994e-01 7.644405222369279841e-04
1.770000000000000000e+02 3.577342000000000022e-01 7.602111889649864566e-04
1.780000000000000000e+02 3.580968999999999958e-01 7.633178555865576670e-04
1.790000000000000000e+02 3.562178999999999762e-01 7.787583886957604199e-04
1.800000000000000000e+02 3.556424000000000252e-01 7.895637218722466192e-04
1.810000000000000000e+02 3.559380999999999795e-01 7.896383885378294642e-04
1.820000000000000000e+02 3.566258999999999957e-01 7.853871885995386765e-04
1.830000000000000000e+02 3.569587000000000176e-01 7.886287885524844712e-04
1.840000000000000000e+02 3.551031000000000049e-01 8.043023883249709322e-04
1.850000000000000000e+02 3.545307999999999793e-01 8.152218548331336204e-04
1.860000000000000000e+02 3.548155000000000059e-01 8.152741214990415685e-04
1.870000000000000000e+02 3.554807999999999857e-01 8.110106548942623301e-04
1.880000000000000000e+02 3.557840999999999920e-01 8.143957215117922453e-04
1.890000000000000000e+02 3.539511000000000185e-01 8.303061212808413288e-04
1.900000000000000000e+02 3.533817000000000208e-01 8.413429211206342176e-04
1.910000000000000000e+02 3.536553000000000058e-01 8.413786544534488385e-04
1.920000000000000000e+02 3.542982000000000076e-01 8.371130545153671618e-04
1.930000000000000000e+02 3.545722000000000040e-01 8.406522544639929550e-04
1.940000000000000000e+02 3.527610999999999941e-01 8.568026542295583727e-04
1.950000000000000000e+02 3.521942000000000128e-01 8.679599874009350652e-04
1.960000000000000000e+02 3.524566000000000088e-01 8.679861207338890935e-04
1.970000000000000000e+02 3.530772999999999828e-01 8.637274541290398261e-04
1.980000000000000000e+02 3.533222999999999780e-01 8.674309207419481603e-04
1.990000000000000000e+02 3.515324000000000226e-01 8.838266538372855198e-04
2.000000000000000000e+02 3.509674999999999878e-01 8.951082536735250391e-04
2.010000000000000000e+02 3.512185999999999919e-01 8.951306536731998276e-04
2.020000000000000000e+02 3.518170999999999937e-01 8.908895870680953776e-04
2.030000000000000000e+02 3.520332999999999934e-01 8.947685203451231049e-04
2.040000000000000000e+02 3.502640000000000198e-01 9.114143867701630279e-04
2.050000000000000000e+02 3.497007999999999783e-01 9.228239866045445054e-04
2.060000000000000000e+02 3.499404999999999877e-01 9.228501199374985337e-04
2.070000000000000000e+02 3.505169000000000201e-01 9.186378533319759700e-04
2.080000000000000000e+02 3.507044000000000272e-01 9.227034532729608100e-04
2.090000000000000000e+02 3.489551000000000180e-01 9.396042530276334844e-04
2.100000000000000000e+02 3.483932000000000140e-01 9.511466528600872163e-04
2.110000000000000000e+02 3.486214000000000257e-01 9.511834528595530022e-04
2.120000000000000000e+02 3.491756999999999778e-01 9.470111862534498276e-04
2.130000000000000000e+02 3.493345999999999951e-01 9.512762528582059760e-04
2.140000000000000000e+02 3.476046999999999887e-01 9.684383859424186081e-04
2.150000000000000000e+02 3.470437000000000105e-01 9.801183857728748908e-04
2.160000000000000000e+02 3.472602000000000189e-01 9.801733191054109139e-04
2.170000000000000000e+02 3.477922999999999987e-01 9.760533191652156874e-04
2.180000000000000000e+02 3.479226999999999737e-01 9.805295857669060668e-04
2.190000000000000000e+02 3.462116000000000082e-01 9.979599855138912828e-04
2.200000000000000000e+02 3.456511999999999918e-01 1.009782918675606158e-03
2.210000000000000000e+02 3.458558999999999939e-01 1.009864518674421846e-03
2.220000000000000000e+02 3.463656999999999986e-01 1.005809052066623235e-03
2.230000000000000000e+02 3.464676999999999896e-01 1.010510918665038626e-03
2.240000000000000000e+02 3.447747999999999924e-01 1.028216518408029160e-03
2.250000000000000000e+02 3.442146999999999846e-01 1.040187718234258452e-03
2.260000000000000000e+02 3.444073000000000273e-01 1.040304518232563124e-03
2.270000000000000000e+02 3.448948000000000014e-01 1.036326918290300962e-03
2.280000000000000000e+02 3.449682000000000026e-01 1.041269318218558540e-03
2.290000000000000000e+02 3.432930000000000148e-01 1.059257051290786802e-03
2.300000000000000000e+02 3.427329000000000070e-01 1.071382917781437934e-03
2.310000000000000000e+02 3.429131999999999736e-01 1.071543984445766330e-03
2.320000000000000000e+02 3.433781000000000194e-01 1.067658651168831505e-03
2.330000000000000000e+02 3.434228999999999754e-01 1.072856517760047363e-03
2.340000000000000000e+02 3.417650999999999883e-01 1.091135984161374596e-03
2.350000000000000000e+02 3.412045000000000217e-01 1.103422917316354123e-03
2.360000000000000000e+02 3.413723000000000174e-01 1.103638383979893122e-03
2.370000000000000000e+02 3.418144000000000182e-01 1.099860784034727796e-03
2.380000000000000000e+02 3.418305999999999845e-01 1.105330117288669733e-03
2.390000000000000000e+02 3.401894999999999780e-01 1.123909317018979186e-03
2.400000000000000000e+02 3.396280999999999883e-01 1.136365316838171442e-03
2.410000000000000000e+02 3.397832000000000074e-01 1.136645850167432694e-03
2.420000000000000000e+02 3.402023000000000130e-01 1.132991450220478813e-03
2.430000000000000000e+02 3.401895999999999809e-01 1.138749850136891537e-03
2.440000000000000000e+02 3.385649000000000020e-01 1.157639449862695510e-03
2.450000000000000000e+02 3.380022999999999778e-01 1.170271983012658324e-03
2.460000000000000000e+02 3.381444000000000116e-01 1.170628249674153477e-03
2.470000000000000000e+02 3.385401000000000105e-01 1.167114649725156184e-03
2.480000000000000000e+02 3.384984999999999800e-01 1.173181316303760664e-03
2.490000000000000000e+02 3.368896000000000113e-01 1.192391982691570589e-03
2.500000000000000000e+02 3.363254999999999995e-01 1.205209582505513931e-03
2.510000000000000000e+02 3.364541999999999811e-01 1.205654382499057398e-03
2.520000000000000000e+02 3.368262000000000200e-01 1.202300249214411591e-03
2.530000000000000000e+02 3.367553999999999825e-01 1.208694382454929663e-03
2.540000000000000000e+02 3.351619000000000126e-01 1.228237315504583258e-03
2.550000000000000000e+02 3.345959000000000017e-01 1.241249048649041868e-03
2.560000000000000000e+02 3.347109999999999808e-01 1.241796248641098901e-03
2.570000000000000000e+02 3.350588999999999928e-01 1.238620782020526199e-03
2.580000000000000000e+02 3.349584999999999924e-01 1.245363715255981161e-03
2.590000000000000000e+02 3.333801000000000125e-01 1.265252248300618044e-03
2.600000000000000000e+02 3.328118999999999938e-01 1.278468781442104003e-03
2.610000000000000000e+02 3.329128000000000087e-01 1.279131714765814219e-03
2.620000000000000000e+02 3.332360999999999795e-01 1.276156781475664206e-03
2.630000000000000000e+02 3.331060000000000132e-01 1.283271981372381904e-03
2.640000000000000000e+02 3.315422000000000091e-01 1.303518914411816486e-03
2.650000000000000000e+02 3.309713000000000238e-01 1.316950914216841228e-03
2.660000000000000000e+02 3.310577000000000103e-01 1.317745580871972858e-03
2.670000000000000000e+02 3.313559999999999839e-01 1.314995180911896801e-03
2.680000000000000000e+02 3.311957999999999847e-01 1.322506114136203512e-03
2.690000000000000000e+02 3.296460999999999975e-01 1.343126380503552103e-03
2.700000000000000000e+02 3.290720999999999785e-01 1.356786113638604619e-03
2.710000000000000000e+02 3.291434999999999778e-01 1.357730113624901940e-03
2.720000000000000000e+02 3.294160999999999895e-01 1.355228246994551536e-03
2.730000000000000000e+02 3.292255000000000043e-01 1.363162113546052346e-03
2.740000000000000000e+02 3.276895000000000224e-01 1.384171179907757324e-03
2.750000000000000000e+02 3.271120000000000139e-01 1.398071979705977231e-03
2.760000000000000000e+02 3.271680000000000144e-01 1.399183979689835790e-03
2.770000000000000000e+02 3.274142999999999915e-01 1.396958379722141978e-03
2.780000000000000000e+02 3.271927000000000030e-01 1.405343446267093245e-03
2.790000000000000000e+02 3.256701000000000179e-01 1.426758912622898886e-03
2.800000000000000000e+02 3.250887000000000082e-01 1.440914645750751653e-03
2.810000000000000000e+02 3.251285999999999898e-01 1.442214912398544126e-03
2.820000000000000000e+02 3.253480000000000261e-01 1.440295979093065377e-03
2.830000000000000000e+02 3.250950000000000228e-01 1.449162645631026005e-03
2.840000000000000000e+02 3.235853000000000201e-01 1.471003178647328291e-03
2.850000000000000000e+02 3.229993999999999921e-01 1.485429845104581500e-03
2.860000000000000000e+02 3.230227999999999988e-01 1.486941311749308096e-03
2.870000000000000000e+02 3.232143000000000099e-01 1.485361045105580008e-03
2.880000000000000000e+02 3.229294999999999805e-01 1.494742911636062288e-03
2.890000000000000000e+02 3.214322000000000012e-01 1.517028244645907825e-03
2.900000000000000000e+02 3.208413999999999988e-01 1.531743977765631821e-03
2.910000000000000000e+02 3.208475000000000077e-01 1.533491177740269875e-03
2.920000000000000000e+02 3.210103999999999735e-01 1.532284777757781649e-03
2.930000000000000000e+02 3.206932000000000116e-01 1.542217577613599769e-03
2.940000000000000000e+02 3.192078999999999889e-01 1.564970643949989415e-03
2.950000000000000000e+02 3.186115999999999948e-01 1.579994110398579748e-03
2.960000000000000000e+02 3.185996999999999857e-01 1.582005310369385617e-03
2.970000000000000000e+02 3.187330999999999914e-01 1.581211710380905260e-03
2.980000000000000000e+02 3.183828000000000213e-01 1.591734376894827878e-03
2.990000000000000000e+02 3.169090999999999991e-01 1.614978643224087261e-03
3.000000000000000000e+02 3.163067999999999991e-01 1.630331709667893082e-03
3.010000000000000000e+02 3.162760000000000016e-01 1.632636776301100035e-03
3.020000000000000000e+02 3.163788000000000156e-01 1.632299709639326067e-03
3.030000000000000000e+02 3.159949000000000230e-01 1.643454376144074794e-03
3.040000000000000000e+02 3.145322999999999869e-01 1.667216509132483579e-03
3.050000000000000000e+02 3.139233000000000162e-01 1.682922108904505313e-03
3.060000000000000000e+02 3.138727000000000045e-01 1.685556242199602334e-03
3.070000000000000000e+02 3.139438999999999980e-01 1.685721575530535823e-03
3.080000000000000000e+02 3.135256000000000154e-01 1.697554642025437144e-03
3.090000000000000000e+02 3.120736000000000065e-01 1.721862908339251907e-03
3.100000000000000000e+02 3.114571999999999896e-01 1.737948241439094856e-03
3.110000000000000000e+02 3.113859999999999961e-01 1.740948774728873260e-03
3.120000000000000000e+02 3.114242999999999872e-01 1.741669308051747682e-03
3.130000000000000000e+02 3.109707999999999917e-01 1.754231441202732528e-03
3.140000000000000000e+02 3.095288999999999957e-01 1.779117840841488432e-03
3.150000000000000000e+02 3.089044000000000234e-01 1.795611707268734590e-03
3.160000000000000000e+02 3.088115000000000165e-01 1.799021307219241840e-03
3.170000000000000000e+02 3.088156000000000234e-01 1.800354107199895332e-03
3.180000000000000000e+02 3.083260999999999918e-01 1.813699707006174305e-03
3.190000000000000000e+02 3.068936999999999915e-01 1.839199439969360769e-03
3.200000000000000000e+02 3.062602999999999853e-01 1.856134906390196791e-03
3.210000000000000000e+02 3.061444999999999861e-01 1.860001039667410648e-03
3.220000000000000000e+02 3.061129000000000211e-01 1.862010106304914188e-03
3.230000000000000000e+02 3.055865999999999860e-01 1.876199972765604665e-03
3.240000000000000000e+02 3.041630000000000167e-01 1.902351439052663842e-03
3.250000000000000000e+02 3.035200000000000120e-01 1.919765838799881259e-03
3.260000000000000000e+02 3.033798999999999801e-01 1.924142372069686255e-03
3.270000000000000000e+02 3.033111000000000002e-01 1.926898105363018246e-03
3.280000000000000000e+02 3.027469999999999883e-01 1.941998371810493536e-03
3.290000000000000000e+02 3.013315999999999772e-01 1.968844238087472890e-03
3.300000000000000000e+02 3.006777999999999951e-01 1.986779171160467893e-03
3.310000000000000000e+02 3.005120000000000013e-01 1.991726371088655551e-03
3.320000000000000000e+02 3.004043000000000130e-01 1.995308237703329133e-03
3.330000000000000000e+02 2.998013999999999957e-01 2.011392504136521025e-03
3.340000000000000000e+02 2.983933999999999753e-01 2.038979703736072679e-03
3.350000000000000000e+02 2.977278999999999898e-01 2.057482636800822811e-03
3.360000000000000000e+02 2.975348999999999910e-01 2.063069303386394840e-03
3.370000000000000000e+02 2.973863999999999952e-01 2.067565303321132041e-03
3.380000000000000000e+02 2.967434999999999934e-01 2.084713569738879529e-03
3.390000000000000000e+02 2.953421999999999992e-01 2.113095435993563032e-03
3.400000000000000000e+02 2.946636999999999729e-01 2.132220235715952608e-03
3.410000000000000000e+02 2.944416999999999729e-01 2.138524235624445456e-03
3.420000000000000000e+02 2.942503000000000202e-01 2.144033035544481037e-03
3.430000000000000000e+02 2.935663000000000022e-01 2.162334368612157855e-03
3.440000000000000000e+02 2.921707000000000054e-01 2.191570634854438874e-03
3.450000000000000000e+02 2.914779000000000120e-01 2.211379167900236978e-03
3.460000000000000000e+02 2.912249000000000088e-01 2.218489034463698960e-03
3.470000000000000000e+02 2.909883999999999804e-01 2.225121034367430386e-03
3.480000000000000000e+02 2.902620000000000200e-01 2.244674634083595847e-03
3.490000000000000000e+02 2.888711999999999946e-01 2.274831966979173978e-03
3.500000000000000000e+02 2.881625999999999910e-01 2.295395166680684433e-03
3.510000000000000000e+02 2.878764999999999796e-01 2.303411699897651987e-03
3.520000000000000000e+02 2.875924000000000258e-01 2.311292233116593250e-03
3.530000000000000000e+02 2.868222999999999745e-01 2.332207966146319835e-03
3.540000000000000000e+02 2.854350999999999972e-01 2.363362099027428113e-03
3.550000000000000000e+02 2.847089999999999899e-01 2.384762098716792025e-03
3.560000000000000000e+02 2.843873000000000095e-01 2.393802098585569825e-03
3.570000000000000000e+02 2.840529999999999999e-01 2.403070898451026456e-03
3.580000000000000000e+02 2.832374999999999754e-01 2.425472498125851462e-03
3.590000000000000000e+02 2.818526000000000087e-01 2.457709830991236521e-03
3.600000000000000000e+02 2.811072000000000015e-01 2.480040497333757272e-03
3.610000000000000000e+02 2.807471999999999746e-01 2.490237297185743642e-03
3.620000000000000000e+02 2.803596999999999895e-01 2.501054897028718183e-03
3.630000000000000000e+02 2.794973000000000041e-01 2.525079963346643728e-03
3.640000000000000000e+02 2.781133000000000077e-01 2.558499162861539895e-03
3.650000000000000000e+02 2.773462999999999901e-01 2.581871429188941237e-03
3.660000000000000000e+02 2.769448999999999939e-01 2.593379162355231946e-03
3.670000000000000000e+02 2.765009999999999968e-01 2.605926895506425686e-03
3.680000000000000000e+02 2.755900000000000016e-01 2.631730628465199246e-03
3.690000000000000000e+02 2.742049999999999765e-01 2.666444761294631954e-03
3.700000000000000000e+02 2.734140999999999933e-01 2.690988227605032538e-03
3.710000000000000000e+02 2.729678999999999855e-01 2.703986627416351315e-03
3.720000000000000000e+02 2.724638999999999811e-01 2.718470893872768079e-03
3.730000000000000000e+02 2.715023999999999771e-01 2.746228760136509590e-03
3.740000000000000000e+02 2.701145999999999825e-01 2.782370092945225457e-03
3.750000000000000000e+02 2.692969000000000057e-01 2.808236759236418505e-03
3.760000000000000000e+02 2.688017999999999796e-01 2.822934892356398009e-03
3.770000000000000000e+02 2.682340999999999753e-01 2.839591958781275544e-03
3.780000000000000000e+02 2.672198000000000073e-01 2.869503958347081191e-03
3.790000000000000000e+02 2.658268999999999771e-01 2.907225024466199292e-03
3.800000000000000000e+02 2.649790000000000201e-01 2.934596757402212382e-03
3.810000000000000000e+02 2.644309000000000243e-01 2.951238890493972956e-03
3.820000000000000000e+02 2.637948999999999988e-01 2.970340223550036688e-03
3.830000000000000000e+02 2.627256000000000036e-01 3.002633556414609044e-03
3.840000000000000000e+02 2.613248000000000237e-01 3.042116222508156522e-03
3.850000000000000000e+02 2.604430999999999830e-01 3.071208488752527783e-03
3.860000000000000000e+02 2.598367999999999789e-01 3.090082088478563957e-03
3.870000000000000000e+02 2.591279000000000221e-01 3.111941288161261792e-03
3.880000000000000000e+02 2.580009999999999803e-01 3.146876220987489432e-03
3.890000000000000000e+02 2.565891000000000144e-01 3.188334887052353579e-03
3.900000000000000000e+02 2.556690999999999825e-01 3.219407419934646603e-03
3.910000000000000000e+02 2.549989999999999757e-01 3.240851686290034239e-03
3.920000000000000000e+02 2.542118999999999907e-01 3.265831419260769187e-03
3.930000000000000000e+02 2.530243999999999827e-01 3.303710885377588152e-03
3.940000000000000000e+02 2.515976999999999797e-01 3.347401551410052883e-03
3.950000000000000000e+02 2.506341000000000263e-01 3.380767950925715574e-03
3.960000000000000000e+02 2.498936999999999964e-01 3.405186617237928020e-03
3.970000000000000000e+02 2.490227000000000135e-01 3.433709283490567459e-03
3.980000000000000000e+02 2.477711999999999970e-01 3.474884216226216752e-03
3.990000000000000000e+02 2.463250999999999913e-01 3.521116215555126182e-03
4.000000000000000000e+02 2.453117999999999965e-01 3.557159415031932708e-03
4.010000000000000000e+02 2.444937000000000082e-01 3.585032481294002198e-03
4.020000000000000000e+02 2.435323000000000071e-01 3.617591414154718629e-03
4.030000000000000000e+02 2.422130999999999867e-01 3.662474080169880915e-03
4.040000000000000000e+02 2.407420000000000115e-01 3.711626612789729971e-03
4.050000000000000000e+02 2.396717999999999904e-01 3.750813812220900323e-03
4.060000000000000000e+02 2.387672999999999879e-01 3.782718878424441711e-03
4.070000000000000000e+02 2.377083000000000113e-01 3.819894344551479689e-03
4.080000000000000000e+02 2.363168999999999964e-01 3.868972743839071103e-03
4.090000000000000000e+02 2.348143000000000036e-01 3.921511409743101348e-03
4.100000000000000000e+02 2.336784000000000083e-01 3.964421275786900352e-03
4.110000000000000000e+02 2.326777999999999902e-01 4.001052741921835333e-03
4.120000000000000000e+02 2.315132000000000023e-01 4.043530607971904632e-03
4.130000000000000000e+02 2.300442000000000042e-01 4.097388740523448536e-03
4.140000000000000000e+02 2.285018000000000049e-01 4.153893273036577370e-03
4.150000000000000000e+02 2.272898999999999892e-01 4.201243672349252133e-03
4.160000000000000000e+02 2.261817999999999884e-01 4.243443138403362944e-03
4.170000000000000000e+02 2.249025000000000052e-01 4.292039404364620010e-03
4.180000000000000000e+02 2.233496000000000092e-01 4.351385003503176196e-03
4.190000000000000000e+02 2.217571999999999877e-01 4.412585002614813866e-03
4.200000000000000000e+02 2.204568000000000083e-01 4.465274601849986494e-03
4.210000000000000000e+02 2.192281000000000091e-01 4.514065534475084247e-03
4.220000000000000000e+02 2.178238000000000119e-01 4.569756200333360482e-03
4.230000000000000000e+02 2.161790000000000100e-01 4.635454866046363753e-03
4.240000000000000000e+02 2.145239999999999925e-01 4.702277265076389157e-03
4.250000000000000000e+02 2.131199000000000010e-01 4.761434597551010561e-03
4.260000000000000000e+02 2.117555000000000132e-01 4.818068730062258914e-03
4.270000000000000000e+02 2.102143999999999957e-01 4.882033529133763747e-03
4.280000000000000000e+02 2.084677000000000058e-01 4.955160994738932838e-03
4.290000000000000000e+02 2.067342000000000068e-01 5.028795127003412961e-03
4.300000000000000000e+02 2.052081000000000044e-01 5.095846326030116329e-03
4.310000000000000000e+02 2.036901000000000128e-01 5.161858058405242519e-03
4.320000000000000000e+02 2.019987000000000033e-01 5.235530057335839593e-03
4.330000000000000000e+02 2.001370000000000093e-01 5.317440989480177148e-03
4.340000000000000000e+02 1.983051000000000119e-01 5.399429254956724863e-03
4.350000000000000000e+02 1.966345999999999927e-01 5.476181253842613700e-03
4.360000000000000000e+02 1.949423999999999879e-01 5.553466586054094968e-03
4.370000000000000000e+02 1.930842999999999865e-01 5.638613251484797181e-03
4.380000000000000000e+02 1.910908000000000051e-01 5.731045250143079577e-03
4.390000000000000000e+02 1.891348999999999947e-01 5.823397248802522977e-03
4.400000000000000000e+02 1.872928000000000093e-01 5.912165247513992417e-03
4.410000000000000000e+02 1.854020999999999864e-01 6.003061246194571314e-03
4.420000000000000000e+02 1.833574000000000037e-01 6.101887911426697418e-03
4.430000000000000000e+02 1.812091000000000118e-01 6.207098576566155365e-03
4.440000000000000000e+02 1.790966999999999976e-01 6.312442575037011637e-03
4.450000000000000000e+02 1.770498000000000072e-01 6.416149240198301684e-03
4.460000000000000000e+02 1.749315999999999927e-01 6.523567905305708951e-03
4.470000000000000000e+02 1.726750999999999980e-01 6.638837236965824430e-03
4.480000000000000000e+02 1.703408999999999895e-01 6.759765235210467467e-03
4.490000000000000000e+02 1.680303999999999964e-01 6.881509233443264782e-03
4.500000000000000000e+02 1.657379999999999964e-01 7.003786565001654529e-03
4.510000000000000000e+02 1.633573000000000108e-01 7.131205229818748069e-03
4.520000000000000000e+02 1.608555000000000124e-01 7.266255894525057435e-03
4.530000000000000000e+02 1.582927000000000084e-01 7.406501225822628189e-03
4.540000000000000000e+02 1.557310000000000083e-01 7.548655890425817749e-03
4.550000000000000000e+02 1.531432000000000071e-01 7.693487888323476132e-03
4.560000000000000000e+02 1.504560000000000064e-01 7.844485219464973971e-03
4.570000000000000000e+02 1.476630999999999916e-01 8.002650550502423202e-03
4.580000000000000000e+02 1.448128999999999944e-01 8.165765214801364372e-03
4.590000000000000000e+02 1.419323000000000112e-01 8.332095879053620993e-03
4.600000000000000000e+02 1.389872000000000052e-01 8.503023876572477976e-03
4.610000000000000000e+02 1.359358999999999984e-01 8.680991873989143959e-03
4.620000000000000000e+02 1.327869000000000133e-01 8.866549204628980038e-03
4.630000000000000000e+02 1.295690999999999926e-01 9.059109201833831851e-03
4.640000000000000000e+02 1.262839000000000045e-01 9.259786532254189392e-03
4.650000000000000000e+02 1.229027000000000036e-01 9.472261195836632550e-03
4.660000000000000000e+02 1.194083999999999979e-01 9.701077192515202355e-03
4.670000000000000000e+02 1.158107000000000025e-01 9.950479855561611062e-03
4.680000000000000000e+02 1.121182000000000012e-01 1.022513051824152502e-02
4.690000000000000000e+02 1.083205000000000001e-01 1.053038384714388709e-02
4.700000000000000000e+02 1.044009000000000048e-01 1.087009050887946700e-02
4.710000000000000000e+02 1.003534999999999983e-01 1.124245317014101880e-02
4.720000000000000000e+02 9.617812000000000583e-02 1.163532783110482645e-02
4.730000000000000000e+02 9.186481000000000507e-02 1.202096515884035731e-02
4.740000000000000000e+02 8.739238000000000561e-02 1.234994648739828893e-02
4.750000000000000000e+02 8.273497000000000490e-02 1.254677315120787499e-02
4.760000000000000000e+02 7.786295999999999495e-02 1.251201581837906897e-02
4.770000000000000000e+02 7.274102999999999819e-02 1.213634649049884738e-02
4.780000000000000000e+02 6.733456000000000163e-02 1.132915716888244911e-02
4.790000000000000000e+02 6.162494000000000305e-02 1.005823452066414124e-02
4.800000000000000000e+02 5.562473999999999891e-02 8.386250544934192863e-03
4.810000000000000000e+02 4.938702999999999843e-02 6.481258572586525227e-03
4.820000000000000000e+02 4.300703000000000165e-02 4.582557266814210606e-03
4.830000000000000000e+02 3.661591000000000151e-02 2.926599424184966013e-03
4.840000000000000000e+02 3.037045000000000022e-02 1.667748775791423870e-03
4.850000000000000000e+02 2.444257000000000027e-02 8.383898544968333569e-04
4.860000000000000000e+02 1.900757999999999961e-02 3.678863413265311610e-04
4.870000000000000000e+02 1.422545000000000059e-02 1.395450646410694405e-04
4.880000000000000000e+02 1.021379000000000037e-02 4.535110867502929592e-05
4.890000000000000000e+02 7.022093000000000085e-03 1.252497581819094631e-05
4.900000000000000000e+02 4.620812000000000183e-03 2.916866624326244509e-06
4.910000000000000000e+02 2.912944000000000210e-03 5.683925250827060146e-07
4.920000000000000000e+02 1.762375999999999960e-03 9.190682533257282662e-08
4.930000000000000000e+02 1.025628999999999907e-03 1.221077315608515809e-08
4.940000000000000000e+02 5.754027999999999790e-04 1.316402647558133199e-09
4.950000000000000000e+02 3.118029999999999825e-04 1.132108250233299124e-10
4.960000000000000000e+02 1.634519999999999929e-04 7.579498556644779964e-12
4.970000000000000000e+02 8.300477000000000658e-05 3.806770611408646753e-13
4.980000000000000000e+02 4.092855999999999697e-05 1.349588780409745998e-14
4.990000000000000000e+02 1.976712000000000057e-05 3.012550889603985072e-16
5.000000000000000000e+02 9.745812999999999655e-06 3.185839953755236306e-18
5.010000000000000000e+02 5.798663999999999917e-06 0.000000000000000000e+00
