1.000000000000000000e+00 9.182145000000000445e-01 9.145514414660366074e-07
2.000000000000000000e+00 9.193455999999999850e-01 8.031327364142790940e-07
3.000000000000000000e+00 9.223164000000000362e-01 7.320373331907922086e-07
4.000000000000000000e+00 9.192827999999999555e-01 9.198213417049755506e-07
5.000000000000000000e+00 9.181726000000000054e-01 1.143003051824101285e-06
6.000000000000000000e+00 9.182217999999999769e-01 1.216841055171938475e-06
7.000000000000000000e+00 9.193751999999999480e-01 1.137867051591233398e-06
8.000000000000000000e+00 9.221833000000000391e-01 1.113071050466975191e-06
9.000000000000000000e+00 9.192263000000000517e-01 1.458889066146467729e-06
1.000000000000000000e+01 9.181510999999999978e-01 1.841882083511485939e-06
1.100000000000000000e+01 9.182261999999999924e-01 1.972909089452289792e-06
1.200000000000000000e+01 9.193848999999999494e-01 1.852301083983886625e-06
1.300000000000000000e+01 9.220762000000000125e-01 1.815815082329600548e-06
1.400000000000000000e+01 9.191738000000000408e-01 2.358212106922044287e-06
1.500000000000000000e+01 9.181266999999999623e-01 2.941839133383868888e-06
1.600000000000000000e+01 9.182253000000000220e-01 3.113744141178093198e-06
1.700000000000000000e+01 9.193852000000000135e-01 2.888745130976570535e-06
1.800000000000000000e+01 9.219806000000000390e-01 2.792890126630475790e-06
1.900000000000000000e+01 9.191230000000000233e-01 3.558560161346185243e-06
2.000000000000000000e+01 9.180994999999999573e-01 4.367889198041406492e-06
2.100000000000000000e+01 9.182192999999999605e-01 4.559947206749373954e-06
2.200000000000000000e+01 9.193765000000000409e-01 4.176790189376919774e-06
2.300000000000000000e+01 9.218906999999999519e-01 3.981291180512936137e-06
2.400000000000000000e+01 9.190715999999999886e-01 4.982262225897263918e-06
2.500000000000000000e+01 9.180684999999999540e-01 6.026539273245098593e-06
2.600000000000000000e+01 9.182074999999999543e-01 6.217297281894123264e-06
2.700000000000000000e+01 9.193586000000000258e-01 5.636284255550818636e-06
2.800000000000000000e+01 9.218030000000000390e-01 5.312408240866183075e-06
2.900000000000000000e+01 9.190177999999999958e-01 6.550869297018379073e-06
3.000000000000000000e+01 9.180327000000000348e-01 7.829169354976886426e-06
3.100000000000000000e+01 9.181888999999999745e-01 8.000781362757827312e-06
3.200000000000000000e+01 9.193316000000000265e-01 7.197761326348657011e-06
3.300000000000000000e+01 9.217151999999999568e-01 6.729178305102963056e-06
3.400000000000000000e+01 9.189602000000000048e-01 8.202909371922372357e-06
3.500000000000000000e+01 9.179912000000000072e-01 9.709759440243405102e-06
3.600000000000000000e+01 9.181633999999999629e-01 9.849526446580485125e-06
3.700000000000000000e+01 9.192957000000000489e-01 8.812999399584036192e-06
3.800000000000000000e+01 9.216261000000000037e-01 8.193117371478399099e-06
3.900000000000000000e+01 9.188981000000000510e-01 9.898839448816350813e-06
4.000000000000000000e+01 9.179435999999999707e-01 1.162769052720297420e-05
4.100000000000000000e+01 9.181304999999999605e-01 1.172743053172521653e-05
4.200000000000000000e+01 9.192512000000000461e-01 1.045413047399341072e-05
4.300000000000000000e+01 9.215345999999999815e-01 9.682385439002259936e-06
4.400000000000000000e+01 9.188309000000000060e-01 1.161717052672599739e-05
4.500000000000000000e+01 9.178897000000000306e-01 1.356193061490200285e-05
4.600000000000000000e+01 9.180901999999999674e-01 1.361660061738075593e-05
4.700000000000000000e+01 9.191983000000000237e-01 1.210771054896722678e-05
4.800000000000000000e+01 9.214400000000000368e-01 1.118652050720019488e-05
4.900000000000000000e+01 9.187581000000000220e-01 1.334813060520824654e-05
5.000000000000000000e+01 9.178290999999999533e-01 1.550365070294017312e-05
5.100000000000000000e+01 9.180422999999999778e-01 1.551011070323307162e-05
5.200000000000000000e+01 9.191371000000000402e-01 1.376873062427837580e-05
5.300000000000000000e+01 9.213417000000000412e-01 1.270155057589211250e-05
5.400000000000000000e+01 9.186798000000000464e-01 1.508834068410989216e-05
5.500000000000000000e+01 9.177619999999999667e-01 1.745033079120323372e-05
5.600000000000000000e+01 9.179867999999999917e-01 1.740648078921505976e-05
5.700000000000000000e+01 9.190679999999999961e-01 1.543625069988423538e-05
5.800000000000000000e+01 9.212392999999999832e-01 1.422654064503561946e-05
5.900000000000000000e+01 9.185955999999999566e-01 1.683728076340736051e-05
6.000000000000000000e+01 9.176881999999999540e-01 1.940216087969979532e-05
6.100000000000000000e+01 9.179239000000000148e-01 1.930644087535982094e-05
6.200000000000000000e+01 9.189912000000000081e-01 1.711088077581246657e-05
6.300000000000000000e+01 9.211327000000000265e-01 1.576170071464023923e-05
6.400000000000000000e+01 9.185054999999999747e-01 1.859534084311833103e-05
6.500000000000000000e+01 9.176077000000000261e-01 2.136005096847111789e-05
6.600000000000000000e+01 9.178534999999999888e-01 2.121120096172221235e-05
6.700000000000000000e+01 9.189068000000000236e-01 1.879351085210341819e-05
6.800000000000000000e+01 9.210213000000000427e-01 1.730739078472228883e-05
6.900000000000000000e+01 9.184092999999999840e-01 2.036302092326547483e-05
7.000000000000000000e+01 9.175202999999999554e-01 2.332488105755710402e-05
7.100000000000000000e+01 9.177754999999999663e-01 2.312181104834984971e-05
7.200000000000000000e+01 9.188150000000000484e-01 2.048486092878973783e-05
7.300000000000000000e+01 9.209051000000000320e-01 1.886389085529446963e-05
7.400000000000000000e+01 9.183069999999999844e-01 2.214065100386376002e-05
7.500000000000000000e+01 9.174261999999999695e-01 2.529728114698631569e-05
7.600000000000000000e+01 9.176900000000000057e-01 2.503907113527899456e-05
7.700000000000000000e+01 9.187157000000000240e-01 2.218541100589319055e-05
7.800000000000000000e+01 9.207838000000000411e-01 2.043129092636086045e-05
7.900000000000000000e+01 9.181983000000000228e-01 2.392838108491997337e-05
8.000000000000000000e+01 9.173251000000000044e-01 2.727769123677870251e-05
8.100000000000000000e+01 9.175969999999999960e-01 2.696357122253640698e-05
8.200000000000000000e+01 9.186092000000000146e-01 2.389555108343145579e-05
8.300000000000000000e+01 9.206571000000000060e-01 2.200967099792508204e-05
8.400000000000000000e+01 9.180831999999999882e-01 2.572636116644092875e-05
8.500000000000000000e+01 9.172169999999999490e-01 2.926652132695285334e-05
8.600000000000000000e+01 9.174965000000000481e-01 2.889589131014837879e-05
8.700000000000000000e+01 9.184955000000000203e-01 2.561561116141949492e-05
8.800000000000000000e+01 9.205250999999999850e-01 2.359912106999122677e-05
8.900000000000000000e+01 9.179616999999999916e-01 2.753477124843478719e-05
9.000000000000000000e+01 9.171019000000000254e-01 3.126419141752781515e-05
9.100000000000000000e+01 9.173883999999999928e-01 3.083655139813848710e-05
9.200000000000000000e+01 9.183744000000000351e-01 2.734592123987226929e-05
9.300000000000000000e+01 9.203873999999999667e-01 2.519976114256473082e-05
9.400000000000000000e+01 9.178336000000000272e-01 2.935383133091151842e-05
9.500000000000000000e+01 9.169798000000000116e-01 3.327117150852489829e-05
9.600000000000000000e+01 9.172727999999999993e-01 3.278616148653439125e-05
9.700000000000000000e+01 9.182460999999999540e-01 2.908690131880882927e-05
9.800000000000000000e+01 9.202437999999999452e-01 2.681185121565737598e-05
9.900000000000000000e+01 9.176988999999999841e-01 3.118391141388789924e-05
1.000000000000000000e+02 9.168505000000000127e-01 3.528808159997219986e-05
1.010000000000000000e+02 9.171494999999999509e-01 3.474545157536919354e-05
1.020000000000000000e+02 9.181105999999999989e-01 3.083910139825410591e-05
1.030000000000000000e+02 9.200943999999999789e-01 2.843577128928640054e-05
1.040000000000000000e+02 9.175575000000000259e-01 3.302555149738840943e-05
1.050000000000000000e+02 9.167140999999999762e-01 3.731572169190601528e-05
1.060000000000000000e+02 9.170186000000000170e-01 3.671531166468324111e-05
1.070000000000000000e+02 9.179678000000000004e-01 3.260321147823938608e-05
1.080000000000000000e+02 9.199387999999999455e-01 3.007204136347537484e-05
1.090000000000000000e+02 9.174092000000000358e-01 3.487943158144388449e-05
1.100000000000000000e+02 9.165704000000000073e-01 3.935503178436894491e-05
1.110000000000000000e+02 9.168800000000000283e-01 3.869677175452324025e-05
1.120000000000000000e+02 9.178178000000000170e-01 3.438006155880230560e-05
1.130000000000000000e+02 9.197771000000000141e-01 3.172135143825558911e-05
1.140000000000000000e+02 9.172538999999999554e-01 3.674642166609377571e-05
1.150000000000000000e+02 9.164193999999999951e-01 4.140711187741087125e-05
1.160000000000000000e+02 9.167338000000000431e-01 4.069100184494222255e-05
1.170000000000000000e+02 9.176604999999999901e-01 3.617060163998592632e-05
1.180000000000000000e+02 9.196090000000000098e-01 3.338451151366376638e-05
1.190000000000000000e+02 9.170916999999999542e-01 3.862749175138206114e-05
1.200000000000000000e+02 9.162609999999999921e-01 4.347321197108847032e-05
1.210000000000000000e+02 9.165796999999999972e-01 4.269930193599915790e-05
1.220000000000000000e+02 9.174957000000000251e-01 3.797592172183968280e-05
1.230000000000000000e+02 9.194343000000000377e-01 3.506245158974207263e-05
1.240000000000000000e+02 9.169222999999999679e-01 4.052377183735996705e-05
1.250000000000000000e+02 9.160951000000000510e-01 4.555471206546430225e-05
1.260000000000000000e+02 9.164177999999999491e-01 4.472310202775885965e-05
1.270000000000000000e+02 9.173234999999999584e-01 3.979722180441797752e-05
1.280000000000000000e+02 9.192531000000000452e-01 3.675622166653811680e-05
1.290000000000000000e+02 9.167458000000000551e-01 4.243653192408508568e-05
1.300000000000000000e+02 9.159216000000000024e-01 4.765312216060685194e-05
1.310000000000000000e+02 9.162481000000000098e-01 4.676392212029025386e-05
1.320000000000000000e+02 9.171437999999999535e-01 4.163578188777883706e-05
1.330000000000000000e+02 9.190650000000000208e-01 3.846694174410267725e-05
1.340000000000000000e+02 9.165617999999999821e-01 4.436705201161544361e-05
1.350000000000000000e+02 9.157404000000000099e-01 4.976999225658637572e-05
1.360000000000000000e+02 9.160703000000000040e-01 4.882335221366542925e-05
1.370000000000000000e+02 9.169564000000000048e-01 4.349299197198529661e-05
1.380000000000000000e+02 9.188699999999999646e-01 4.019588182249333942e-05
1.390000000000000000e+02 9.163704000000000294e-01 4.631687210002087633e-05
1.400000000000000000e+02 9.155514000000000152e-01 5.190711235348404292e-05
1.410000000000000000e+02 9.158844999999999903e-01 5.090325230796873132e-05
1.420000000000000000e+02 9.167615000000000069e-01 4.537047205711081577e-05
1.430000000000000000e+02 9.186680000000000401e-01 4.194450190177630112e-05
1.440000000000000000e+02 9.161713999999999691e-01 4.828768218937799252e-05
1.450000000000000000e+02 9.153544999999999598e-01 5.406646245138962167e-05
1.460000000000000000e+02 9.156904000000000154e-01 5.300555240328764112e-05
1.470000000000000000e+02 9.165586999999999485e-01 4.726990214323154173e-05
1.480000000000000000e+02 9.184586999999999612e-01 4.371433198202092279e-05
1.490000000000000000e+02 9.159646999999999650e-01 5.028125227976705888e-05
1.500000000000000000e+02 9.151494999999999491e-01 5.625008255039560840e-05
1.510000000000000000e+02 9.154881000000000268e-01 5.513234249971694218e-05
1.520000000000000000e+02 9.163478999999999930e-01 4.919313223043137210e-05
1.530000000000000000e+02 9.182420999999999500e-01 4.550708206330474965e-05
1.540000000000000000e+02 9.157501000000000113e-01 5.229954237127693413e-05
1.550000000000000000e+02 9.149365000000000414e-01 5.846022265060402806e-05
1.560000000000000000e+02 9.152774999999999661e-01 5.728587259735864589e-05
1.570000000000000000e+02 9.161291000000000295e-01 5.114214231880007502e-05
1.580000000000000000e+02 9.180179000000000533e-01 4.732454214570893747e-05
1.590000000000000000e+02 9.155275999999999970e-01 5.434462246400147882e-05
1.600000000000000000e+02 9.147153000000000089e-01 6.069923275212141207e-05
1.610000000000000000e+02 9.150584000000000495e-01 5.946848269631884251e-05
1.620000000000000000e+02 9.159022999999999470e-01 5.311899240843104275e-05
1.630000000000000000e+02 9.177861000000000491e-01 4.916860222931917557e-05
1.640000000000000000e+02 9.152968999999999689e-01 5.641859255803590405e-05
1.650000000000000000e+02 9.144854999999999512e-01 6.296944285505342307e-05
1.660000000000000000e+02 9.148306000000000493e-01 6.168247279670181023e-05
1.670000000000000000e+02 9.156670000000000087e-01 5.512575249941815617e-05
1.680000000000000000e+02 9.175463999999999842e-01 5.104116231422161477e-05
1.690000000000000000e+02 9.150580000000000380e-01 5.852363265347905181e-05
1.700000000000000000e+02 9.142472999999999850e-01 6.527336295951385425e-05
1.710000000000000000e+02 9.145940000000000181e-01 6.393036289862183083e-05
1.720000000000000000e+02 9.154231999999999925e-01 5.716467259186339958e-05
1.730000000000000000e+02 9.172985000000000166e-01 5.294430240051054996e-05
1.740000000000000000e+02 9.148104999999999709e-01 6.066214275043974063e-05
1.750000000000000000e+02 9.140002000000000404e-01 6.761369306562513152e-05
1.760000000000000000e+02 9.143483999999999501e-01 6.621489300220310839e-05
1.770000000000000000e+02 9.151709000000000094e-01 5.923824268587969064e-05
1.780000000000000000e+02 9.170424999999999827e-01 5.488039248829345586e-05
1.790000000000000000e+02 9.145543999999999896e-01 6.283677284903812284e-05
1.800000000000000000e+02 9.137440999999999480e-01 6.999341317352233808e-05
1.810000000000000000e+02 9.140937999999999564e-01 6.853901310757940944e-05
1.820000000000000000e+02 9.149097000000000479e-01 6.134913278158807758e-05
1.830000000000000000e+02 9.167779999999999818e-01 5.685187257768094948e-05
1.840000000000000000e+02 9.142894999999999772e-01 6.505029294939978699e-05
1.850000000000000000e+02 9.134790999999999883e-01 7.241562328334608144e-05
1.860000000000000000e+02 9.138298000000000254e-01 7.090579321488992991e-05
1.870000000000000000e+02 9.146393999999999913e-01 6.350008287911280513e-05
1.880000000000000000e+02 9.165048000000000084e-01 5.886128266878821525e-05
1.890000000000000000e+02 9.140154000000000334e-01 6.730555305165395927e-05
1.900000000000000000e+02 9.132046999999999803e-01 7.488348339523958892e-05
1.910000000000000000e+02 9.135564000000000462e-01 7.331842332427929512e-05
1.920000000000000000e+02 9.143601000000000090e-01 6.569401297858626213e-05
1.930000000000000000e+02 9.162228000000000039e-01 6.091133276173809989e-05
1.940000000000000000e+02 9.137321000000000470e-01 6.960557315593755531e-05
1.950000000000000000e+02 9.129207000000000294e-01 7.740036350935569772e-05
1.960000000000000000e+02 9.132732999999999546e-01 7.578022343589806197e-05
1.970000000000000000e+02 9.140711999999999726e-01 6.793394308014536419e-05
1.980000000000000000e+02 9.159315999999999569e-01 6.300485285665892020e-05
1.990000000000000000e+02 9.134392999999999541e-01 7.195353326239477959e-05
2.000000000000000000e+02 9.126269999999999660e-01 7.996981362585533495e-05
2.010000000000000000e+02 9.129800999999999611e-01 7.829475354990760548e-05
2.020000000000000000e+02 9.137726000000000459e-01 7.022310318393656904e-05
2.030000000000000000e+02 9.156309999999999727e-01 6.514487295368808037e-05
2.040000000000000000e+02 9.131367000000000234e-01 7.435282337117931099e-05
2.050000000000000000e+02 9.123232999999999482e-01 8.259558374490853544e-05
2.060000000000000000e+02 9.126767999999999548e-01 8.086577366647843554e-05
2.070000000000000000e+02 9.134641000000000011e-01 7.256496329011719319e-05
2.080000000000000000e+02 9.153206999999999871e-01 6.733460305297110161e-05
2.090000000000000000e+02 9.128239999999999688e-01 7.680705348245483197e-05
2.100000000000000000e+02 9.120091999999999643e-01 8.528170386669803879e-05
2.110000000000000000e+02 9.123630999999999824e-01 8.349731378579325109e-05
2.120000000000000000e+02 9.131453000000000486e-01 7.496323339885549333e-05
2.130000000000000000e+02 9.150004999999999944e-01 6.957758315466849018e-05
2.140000000000000000e+02 9.125010999999999539e-01 7.932019359640136741e-05
2.150000000000000000e+02 9.116845999999999561e-01 8.803261399142511248e-05
2.160000000000000000e+02 9.120386000000000326e-01 8.619383390805426966e-05
2.170000000000000000e+02 9.128159999999999608e-01 7.742200351033685598e-05
2.180000000000000000e+02 9.146699999999999831e-01 7.187762325895299563e-05
2.190000000000000000e+02 9.121675999999999673e-01 8.189647371321068334e-05
2.200000000000000000e+02 9.113491000000000231e-01 9.085296411930064741e-05
2.210000000000000000e+02 9.117030000000000411e-01 8.895995403347099772e-05
2.220000000000000000e+02 9.124759999999999538e-01 7.994549362475266699e-05
2.230000000000000000e+02 9.143289999999999473e-01 7.423864336600236253e-05
2.240000000000000000e+02 9.118231999999999449e-01 8.454021383307864493e-05
2.250000000000000000e+02 9.110023999999999900e-01 9.374751425054040754e-05
2.260000000000000000e+02 9.113561000000000023e-01 9.180042416225876484e-05
2.270000000000000000e+02 9.121247000000000105e-01 8.253807374230101763e-05
2.280000000000000000e+02 9.139770000000000394e-01 7.666473347600200451e-05
2.290000000000000000e+02 9.114674000000000387e-01 8.725597395621203037e-05
2.300000000000000000e+02 9.106442000000000148e-01 9.672133438537431380e-05
2.310000000000000000e+02 9.109975000000000156e-01 9.472036429464973162e-05
2.320000000000000000e+02 9.117619000000000140e-01 8.520452386319866261e-05
2.330000000000000000e+02 9.136138000000000314e-01 7.916043358915779036e-05
2.340000000000000000e+02 9.111000000000000210e-01 9.004881408284024489e-05
2.350000000000000000e+02 9.102740000000000276e-01 9.978002452405624440e-05
2.360000000000000000e+02 9.106267999999999585e-01 9.772537443089778983e-05
2.370000000000000000e+02 9.113871999999999529e-01 8.795000398767955426e-05
2.380000000000000000e+02 9.132388000000000172e-01 8.173056370568826650e-05
2.390000000000000000e+02 9.107205000000000439e-01 9.292408421320584643e-05
2.400000000000000000e+02 9.098914999999999642e-01 1.029295046668546012e-04
2.410000000000000000e+02 9.102434999999999832e-01 1.008215045712772593e-04
2.420000000000000000e+02 9.110002000000000377e-01 9.078009411599668847e-05
2.430000000000000000e+02 9.128517999999999910e-01 8.438040382583282821e-05
2.440000000000000000e+02 9.103286000000000433e-01 9.588765434757501066e-05
2.450000000000000000e+02 9.094961999999999769e-01 1.061763048140655028e-04
2.460000000000000000e+02 9.098473999999999728e-01 1.040151047160760333e-04
2.470000000000000000e+02 9.106003999999999765e-01 9.370079424842210473e-05
2.480000000000000000e+02 9.124522000000000466e-01 8.711556394984578810e-05
2.490000000000000000e+02 9.099237999999999493e-01 9.894568448622699823e-05
2.500000000000000000e+02 9.090878000000000014e-01 1.095272049659963342e-04
2.510000000000000000e+02 9.094379000000000213e-01 1.073131048656083647e-04
2.520000000000000000e+02 9.101873999999999798e-01 9.671842438524236611e-05
2.530000000000000000e+02 9.120395000000000030e-01 8.994198407799653869e-05
2.540000000000000000e+02 9.095054999999999668e-01 1.021047046294579279e-04
2.550000000000000000e+02 9.086655000000000149e-01 1.129894051229735237e-04
2.560000000000000000e+02 9.090144999999999476e-01 1.107229050202097220e-04
2.570000000000000000e+02 9.097606999999999777e-01 9.983987452676986601e-05
2.580000000000000000e+02 9.116134000000000182e-01 9.286620421058155181e-05
2.590000000000000000e+02 9.090734000000000314e-01 1.053721047776028335e-04
2.600000000000000000e+02 9.082291000000000114e-01 1.165711052853688758e-04
2.610000000000000000e+02 9.085765999999999565e-01 1.142525051802428560e-04
2.620000000000000000e+02 9.093196000000000057e-01 1.030726046733428011e-04
2.630000000000000000e+02 9.111730999999999581e-01 9.589525434791960033e-05
2.640000000000000000e+02 9.086267999999999567e-01 1.087556049310117479e-04
2.650000000000000000e+02 9.077779000000000265e-01 1.202807054535632621e-04
2.660000000000000000e+02 9.081238000000000365e-01 1.179106053461022118e-04
2.670000000000000000e+02 9.088637000000000521e-01 1.064248048253325820e-04
2.680000000000000000e+02 9.107180999999999749e-01 9.903682449035933243e-05
2.690000000000000000e+02 9.081652000000000058e-01 1.122635050900609954e-04
2.700000000000000000e+02 9.073113999999999901e-01 1.241277056279874093e-04
2.710000000000000000e+02 9.076554000000000011e-01 1.217066055182140099e-04
2.720000000000000000e+02 9.083923999999999888e-01 1.099053049831394906e-04
2.730000000000000000e+02 9.102478000000000513e-01 1.022992046382766246e-04
2.740000000000000000e+02 9.076878000000000446e-01 1.159052052551767694e-04
2.750000000000000000e+02 9.068287000000000431e-01 1.281222058090992458e-04
2.760000000000000000e+02 9.071706999999999965e-01 1.256509056970497656e-04
2.770000000000000000e+02 9.079049000000000147e-01 1.135237051471988415e-04
2.780000000000000000e+02 9.097615999999999481e-01 1.056916047920890511e-04
2.790000000000000000e+02 9.071941000000000033e-01 1.196907054268124781e-04
2.800000000000000000e+02 9.063293000000000044e-01 1.322753059974020621e-04
2.810000000000000000e+02 9.066689999999999472e-01 1.297546058831127423e-04
2.820000000000000000e+02 9.074005000000000543e-01 1.172904053179821634e-04
2.830000000000000000e+02 9.092584999999999695e-01 1.092238049522400707e-04
2.840000000000000000e+02 9.066832999999999698e-01 1.236308056054578116e-04
2.850000000000000000e+02 9.058123999999999620e-01 1.365990061934399102e-04
2.860000000000000000e+02 9.061495000000000521e-01 1.340299060769561403e-04
2.870000000000000000e+02 9.068783999999999734e-01 1.212169054960108541e-04
2.880000000000000000e+02 9.087380000000000457e-01 1.129066051192193464e-04
2.890000000000000000e+02 9.061544999999999739e-01 1.277373057916477545e-04
2.900000000000000000e+02 9.052769999999999984e-01 1.411064063978067920e-04
2.910000000000000000e+02 9.056113999999999553e-01 1.384900062791784411e-04
2.920000000000000000e+02 9.063377999999999712e-01 1.253156056818471539e-04
2.930000000000000000e+02 9.081989999999999785e-01 1.167518052935618628e-04
2.940000000000000000e+02 9.056068000000000451e-01 1.320233059859762955e-04
2.950000000000000000e+02 9.047224999999999850e-01 1.458118066111510581e-04
2.960000000000000000e+02 9.050538999999999668e-01 1.431497064904506357e-04
2.970000000000000000e+02 9.057777999999999663e-01 1.296004058761212924e-04
2.980000000000000000e+02 9.076408999999999727e-01 1.207725054758616222e-04
2.990000000000000000e+02 9.050396000000000551e-01 1.365031061890917578e-04
3.000000000000000000e+02 9.041477999999999460e-01 1.507312068341981289e-04
3.010000000000000000e+02 9.044758000000000520e-01 1.480249067114936651e-04
3.020000000000000000e+02 9.051972000000000351e-01 1.340862060795087942e-04
3.030000000000000000e+02 9.070622000000000407e-01 1.249829056667624142e-04
3.040000000000000000e+02 9.044514999999999638e-01 1.411924064017060427e-04
3.050000000000000000e+02 9.035518999999999634e-01 1.558817070677233482e-04
3.060000000000000000e+02 9.038762999999999659e-01 1.531333069431100745e-04
3.070000000000000000e+02 9.045952999999999911e-01 1.387899062927759630e-04
3.080000000000000000e+02 9.064623000000000541e-01 1.293990058669897407e-04
3.090000000000000000e+02 9.038414999999999644e-01 1.461086066246080402e-04
3.100000000000000000e+02 9.029333999999999971e-01 1.612827073126063310e-04
3.110000000000000000e+02 9.032539000000000540e-01 1.584944071861839581e-04
3.120000000000000000e+02 9.039705999999999575e-01 1.437298065167525449e-04
3.130000000000000000e+02 9.058397000000000254e-01 1.340381060773279177e-04
3.140000000000000000e+02 9.032084999999999697e-01 1.512706068586546979e-04
3.150000000000000000e+02 9.022915000000000241e-01 1.669552075697992020e-04
3.160000000000000000e+02 9.026075999999999544e-01 1.641298074416946962e-04
3.170000000000000000e+02 9.033219999999999583e-01 1.489263067523634364e-04
3.180000000000000000e+02 9.051930999999999727e-01 1.389196062986566144e-04
3.190000000000000000e+02 9.025509999999999922e-01 1.566999071048207808e-04
3.200000000000000000e+02 9.016245000000000509e-01 1.729227078403674242e-04
3.210000000000000000e+02 9.019357999999999542e-01 1.700635077107304465e-04
3.220000000000000000e+02 9.026478999999999475e-01 1.544022070006423656e-04
3.230000000000000000e+02 9.045212999999999726e-01 1.440654065319687302e-04
3.240000000000000000e+02 9.018678999999999446e-01 1.624202073641809005e-04
3.250000000000000000e+02 9.009310999999999847e-01 1.792116081255080691e-04
3.260000000000000000e+02 9.012371999999999606e-01 1.763225079945154004e-04
3.270000000000000000e+02 9.019468999999999959e-01 1.601832072627546691e-04
3.280000000000000000e+02 9.038226000000000315e-01 1.494997067783615443e-04
3.290000000000000000e+02 9.011573000000000500e-01 1.684582076379456477e-04
3.300000000000000000e+02 9.002094999999999958e-01 1.858514084265585850e-04
3.310000000000000000e+02 9.005100000000000326e-01 1.829370082944188223e-04
3.320000000000000000e+02 9.012173999999999463e-01 1.662979075399970206e-04
3.330000000000000000e+02 9.030953999999999926e-01 1.552500070390818885e-04
3.340000000000000000e+02 9.004176999999999875e-01 1.748438079274706861e-04
3.350000000000000000e+02 8.994583000000000439e-01 1.928752087450198173e-04
3.360000000000000000e+02 8.997526000000000135e-01 1.899408086119732384e-04
3.370000000000000000e+02 9.004575000000000218e-01 1.727786078338338889e-04
3.380000000000000000e+02 9.023375999999999619e-01 1.613470073155216951e-04
3.390000000000000000e+02 8.996469999999999745e-01 1.816103082342658472e-04
3.400000000000000000e+02 8.986752000000000073e-01 2.003197090825556837e-04
3.410000000000000000e+02 8.989627999999999508e-01 1.973717089488924621e-04
3.420000000000000000e+02 8.996650000000000480e-01 1.796613081458975922e-04
3.430000000000000000e+02 9.015473000000000514e-01 1.678250076092361849e-04
3.440000000000000000e+02 8.988431999999999533e-01 1.887953085600359044e-04
3.450000000000000000e+02 8.978580999999999923e-01 2.082264094410478470e-04
3.460000000000000000e+02 8.981382999999999450e-01 2.052724093071126130e-04
3.470000000000000000e+02 8.988378999999999674e-01 1.869870084780470715e-04
3.480000000000000000e+02 9.007222999999999757e-01 1.747233079220072017e-04
3.490000000000000000e+02 8.980040999999999718e-01 1.964415089067169501e-04
3.500000000000000000e+02 8.970046000000000408e-01 2.166425098226363547e-04
3.510000000000000000e+02 8.972767000000000381e-01 2.136915096888371268e-04
3.520000000000000000e+02 8.979732999999999743e-01 1.948021088323860517e-04
3.530000000000000000e+02 8.998597000000000401e-01 1.820864082558523603e-04
3.540000000000000000e+02 8.971268999999999494e-01 2.045976092765169809e-04
3.550000000000000000e+02 8.961120000000000196e-01 2.256221102297741499e-04
3.560000000000000000e+02 8.963754000000000444e-01 2.226849100966006318e-04
3.570000000000000000e+02 8.970688999999999469e-01 2.031606092113629695e-04
3.580000000000000000e+02 8.989570999999999534e-01 1.899663086131293994e-04
3.590000000000000000e+02 8.962090000000000334e-01 2.133198096719841441e-04
3.600000000000000000e+02 8.951774999999999594e-01 2.352271106652677646e-04
3.610000000000000000e+02 8.954311000000000353e-01 2.323164105332957158e-04
3.620000000000000000e+02 8.961211999999999511e-01 2.121239096177616893e-04
3.630000000000000000e+02 8.980110000000000037e-01 1.984218089965043385e-04
3.640000000000000000e+02 8.952468999999999566e-01 2.226722100960247910e-04
3.650000000000000000e+02 8.941978000000000426e-01 2.455285111323363373e-04
3.660000000000000000e+02 8.944406999999999774e-01 2.426597110022640585e-04
3.670000000000000000e+02 8.951270000000000060e-01 2.217633100548149772e-04
3.680000000000000000e+02 8.970179999999999820e-01 2.075217094090965240e-04
3.690000000000000000e+02 8.942373000000000127e-01 2.327293105520167609e-04
3.700000000000000000e+02 8.931689000000000433e-01 2.566086116347114318e-04
3.710000000000000000e+02 8.934001000000000303e-01 2.537999115073641355e-04
3.720000000000000000e+02 8.940822999999999965e-01 2.321610105262498364e-04
3.730000000000000000e+02 8.959740000000000482e-01 2.173456098545151411e-04
3.740000000000000000e+02 8.931759000000000226e-01 2.435774110438728780e-04
3.750000000000000000e+02 8.920867999999999576e-01 2.685626121767093573e-04
3.760000000000000000e+02 8.923050000000000148e-01 2.658361120530890642e-04
3.770000000000000000e+02 8.929825000000000124e-01 2.434138110364551940e-04
3.780000000000000000e+02 8.948745000000000172e-01 2.279869103369948683e-04
3.790000000000000000e+02 8.920582999999999707e-01 2.553179115761906935e-04
3.800000000000000000e+02 8.909466000000000330e-01 2.815028127634219292e-04
3.810000000000000000e+02 8.911504000000000092e-01 2.788853126447437365e-04
3.820000000000000000e+02 8.918226000000000209e-01 2.556355115905907874e-04
3.830000000000000000e+02 8.937140999999999558e-01 2.395565108615640786e-04
3.840000000000000000e+02 8.908789000000000291e-01 2.680709121544155578e-04
3.850000000000000000e+02 8.897426999999999975e-01 2.955622134008794059e-04
3.860000000000000000e+02 8.899306000000000161e-01 2.930864132886258893e-04
3.870000000000000000e+02 8.905969000000000246e-01 2.689628121948545885e-04
3.880000000000000000e+02 8.924872000000000360e-01 2.521877114342664953e-04
3.890000000000000000e+02 8.896323000000000425e-01 2.819812127851127679e-04
3.900000000000000000e+02 8.884693999999999647e-01 3.109010140963452767e-04
3.910000000000000000e+02 8.886393999999999682e-01 3.086072139923436695e-04
3.920000000000000000e+02 8.892986000000000502e-01 2.835602128567051104e-04
3.930000000000000000e+02 8.911866000000000509e-01 2.660415120624019304e-04
3.940000000000000000e+02 8.883111000000000201e-01 2.972233134761941638e-04
3.950000000000000000e+02 8.871191000000000493e-01 3.277124148585791531e-04
3.960000000000000000e+02 8.872691000000000328e-01 3.256505147650920170e-04
3.970000000000000000e+02 8.879202999999999957e-01 2.996287135852557433e-04
3.980000000000000000e+02 8.898047000000000040e-01 2.813155127549297422e-04
3.990000000000000000e+02 8.869076999999999655e-01 3.140118142373898055e-04
4.000000000000000000e+02 8.856834999999999569e-01 3.462345156983768026e-04
4.010000000000000000e+02 8.858110999999999624e-01 3.444671156182422958e-04
4.020000000000000000e+02 8.864528000000000407e-01 3.174172143917917141e-04
4.030000000000000000e+02 8.883318999999999521e-01 2.982556135229989347e-04
4.040000000000000000e+02 8.854123000000000410e-01 3.326140150808191997e-04
4.050000000000000000e+02 8.841527999999999610e-01 3.667644166292086724e-04
4.060000000000000000e+02 8.842550999999999606e-01 3.653711165660360346e-04
4.070000000000000000e+02 8.848857999999999446e-01 3.372398152905543888e-04
4.080000000000000000e+02 8.867574000000000289e-01 3.171739143807604197e-04
4.090000000000000000e+02 8.838141999999999943e-01 3.533705160219252086e-04
4.100000000000000000e+02 8.825155000000000083e-01 3.896813176682677876e-04
4.110000000000000000e+02 8.825891000000000153e-01 3.887648176267133977e-04
4.120000000000000000e+02 8.832065000000000055e-01 3.595005162998612730e-04
4.130000000000000000e+02 8.850681000000000243e-01 3.384740153465133519e-04
4.140000000000000000e+02 8.821004000000000067e-01 3.767227170807209901e-04
4.150000000000000000e+02 8.807580999999999882e-01 4.154778188378889124e-04
4.160000000000000000e+02 8.807989999999999986e-01 4.151731188240736993e-04
4.170000000000000000e+02 8.814005000000000312e-01 3.847296174437562209e-04
4.180000000000000000e+02 8.832486999999999977e-01 3.626893164444423964e-04
4.190000000000000000e+02 8.802550999999999570e-01 4.032559182837442790e-04
4.200000000000000000e+02 8.788639999999999786e-01 4.448090201677744088e-04
4.210000000000000000e+02 8.788671000000000122e-01 4.452966201898822789e-04
4.220000000000000000e+02 8.794494000000000478e-01 4.136401187545670562e-04
4.230000000000000000e+02 8.812797999999999465e-01 3.905419177072877121e-04
4.240000000000000000e+02 8.782592999999999650e-01 4.337665196671040878e-04
4.250000000000000000e+02 8.768131999999999593e-01 4.785705216985309944e-04
4.260000000000000000e+02 8.767724999999999547e-01 4.800990217678336824e-04
4.270000000000000000e+02 8.773313000000000361e-01 4.472201202770943458e-04
4.280000000000000000e+02 8.791383999999999865e-01 4.230416191808338607e-04
4.290000000000000000e+02 8.760896999999999712e-01 4.693762212816586054e-04
4.300000000000000000e+02 8.745811000000000002e-01 5.180310234876819202e-04
4.310000000000000000e+02 8.744893999999999723e-01 5.209551236202615175e-04
4.320000000000000000e+02 8.750191000000000496e-01 4.868919220758257792e-04
4.330000000000000000e+02 8.767954999999999499e-01 4.616569209316632441e-04
4.340000000000000000e+02 8.737173000000000300e-01 5.117306232020198912e-04
4.350000000000000000e+02 8.721371999999999458e-01 5.650656256202449658e-04
4.360000000000000000e+02 8.719848000000000043e-01 5.699122258399912403e-04
4.370000000000000000e+02 8.724779999999999758e-01 5.347946242477486564e-04
4.380000000000000000e+02 8.742138000000000408e-01 5.086218230610660331e-04
4.390000000000000000e+02 8.711046999999999541e-01 5.633605255429351795e-04
4.400000000000000000e+02 8.694422000000000539e-01 6.225866282282644998e-04
4.410000000000000000e+02 8.692176000000000347e-01 6.301812285726058867e-04
4.420000000000000000e+02 8.696644000000000041e-01 5.943200269466483244e-04
4.430000000000000000e+02 8.713465000000000238e-01 5.675227257316506563e-04
4.440000000000000000e+02 8.682048999999999461e-01 6.283756284907394052e-04
4.450000000000000000e+02 8.664458999999999911e-01 6.953686315282223227e-04
4.460000000000000000e+02 8.661335999999999480e-01 7.070755320590166792e-04
4.470000000000000000e+02 8.665205000000000268e-01 6.711411304297401322e-04
4.480000000000000000e+02 8.681305000000000271e-01 6.444305292186734225e-04
4.490000000000000000e+02 8.649548000000000236e-01 7.138079323642657677e-04
4.500000000000000000e+02 8.630818999999999575e-01 7.916594358940762634e-04
4.510000000000000000e+02 8.626618000000000341e-01 8.098652367195326466e-04
4.520000000000000000e+02 8.629700999999999622e-01 7.752708351510121439e-04
4.530000000000000000e+02 8.644821999999999784e-01 7.501907340138728748e-04
4.540000000000000000e+02 8.612703000000000442e-01 8.323343377382885116e-04
4.550000000000000000e+02 8.592608999999999941e-01 9.264504420055408871e-04
4.560000000000000000e+02 8.587055999999999578e-01 9.555728433259593228e-04
4.570000000000000000e+02 8.589082000000000106e-01 9.253325419548549726e-04
4.580000000000000000e+02 8.602845999999999549e-01 9.052432410439999926e-04
4.590000000000000000e+02 8.570339999999999625e-01 1.008033045704520656e-03
4.600000000000000000e+02 8.548588000000000298e-01 1.128437051163674355e-03
4.610000000000000000e+02 8.541313000000000377e-01 1.177165053373016709e-03
4.620000000000000000e+02 8.541891999999999818e-01 1.157970052502709565e-03
4.630000000000000000e+02 8.553731999999999447e-01 1.150445052161523738e-03
4.640000000000000000e+02 8.520794000000000423e-01 1.289390058461331980e-03
4.650000000000000000e+02 8.496998999999999524e-01 1.455846066008497286e-03
4.660000000000000000e+02 8.487485000000000168e-01 1.542465069935829072e-03
4.670000000000000000e+02 8.486034999999999551e-01 1.550090070281548871e-03
4.680000000000000000e+02 8.495068999999999537e-01 1.573270071332536759e-03
4.690000000000000000e+02 8.461608999999999936e-01 1.781061080753843732e-03
4.700000000000000000e+02 8.435266000000000153e-01 2.035386092285016140e-03
4.710000000000000000e+02 8.422794000000000114e-01 2.201517099817445599e-03
4.720000000000000000e+02 8.418428000000000022e-01 2.276136103200693869e-03
4.730000000000000000e+02 8.423235000000000028e-01 2.377245107785006233e-03
4.740000000000000000e+02 8.389037000000000299e-01 2.729124123739306434e-03
4.750000000000000000e+02 8.359480000000000244e-01 3.168159143645286023e-03
4.760000000000000000e+02 8.343049000000000159e-01 3.518761159541686744e-03
4.770000000000000000e+02 8.334373000000000475e-01 3.774651171143816094e-03
4.780000000000000000e+02 8.332597999999999949e-01 4.093822185615125266e-03
4.790000000000000000e+02 8.297113000000000405e-01 4.791171217233140649e-03
4.800000000000000000e+02 8.263475000000000126e-01 5.678057257444819178e-03
4.810000000000000000e+02 8.241724000000000272e-01 6.530735296105496211e-03
4.820000000000000000e+02 8.226521999999999446e-01 7.376050334432334571e-03
4.830000000000000000e+02 8.214287000000000116e-01 8.507701385741731417e-03
4.840000000000000000e+02 8.176132000000000399e-01 1.053673047773851998e-02
4.850000000000000000e+02 8.137056999999999762e-01 1.362153061760428517e-02
4.860000000000000000e+02 8.107142999999999988e-01 1.814421082266396215e-02
4.870000000000000000e+02 8.080230999999999941e-01 2.533510114870108493e-02
4.880000000000000000e+02 8.051405999999999841e-01 3.735028169347297256e-02
4.890000000000000000e+02 8.008342999999999989e-01 5.690483258008217221e-02
4.900000000000000000e+02 7.965900000000000203e-01 8.376031379771775587e-02
4.910000000000000000e+02 7.931082999999999883e-01 1.124909051003713800e-01
4.920000000000000000e+02 7.890462999999999782e-01 1.335494060551701279e-01
4.930000000000000000e+02 7.832711999999999453e-01 1.355591061462905200e-01
4.940000000000000000e+02 7.759270000000000334e-01 1.121437050846292166e-01
4.950000000000000000e+02 7.679633999999999627e-01 7.149920324179531717e-02
4.960000000000000000e+02 7.595895999999999759e-01 3.338496151368416931e-02
4.970000000000000000e+02 7.506762000000000157e-01 1.082862049097290010e-02
4.980000000000000000e+02 7.409573999999999883e-01 2.278262103297087112e-03
4.990000000000000000e+02 7.302075000000000093e-01 2.768374125518912958e-04
5.000000000000000000e+02 7.190193000000000279e-01 1.461262066254060550e-05
5.010000000000000000e+02 7.107212000000000529e-01 0.000000000000000000e+00
