1.000000000000000000e+00 4.208776000000000184e-01 3.228141031627379445e-04
2.000000000000000000e+00 3.889191000000000176e-01 4.184584040998031232e-04
3.000000000000000000e+00 3.902361999999999775e-01 5.004369049029790909e-04
4.000000000000000000e+00 3.910983000000000098e-01 5.728124056120705325e-04
5.000000000000000000e+00 3.914854999999999863e-01 6.395044062654785559e-04
6.000000000000000000e+00 3.916321999999999859e-01 7.029371068869538731e-04
7.000000000000000000e+00 3.916434999999999778e-01 7.646657074917334769e-04
8.000000000000000000e+00 3.915692000000000061e-01 8.257213080899195338e-04
9.000000000000000000e+00 3.914355999999999947e-01 8.867955086882875742e-04
1.000000000000000000e+01 3.912579999999999947e-01 9.483466092913281961e-04
1.100000000000000000e+01 3.910456999999999961e-01 1.010667009901905933e-03
1.200000000000000000e+01 3.908050000000000135e-01 1.073930010521718763e-03
1.300000000000000000e+01 3.905401000000000011e-01 1.138221011151603103e-03
1.400000000000000000e+01 3.902536999999999812e-01 1.203561011791765174e-03
1.500000000000000000e+01 3.899479000000000140e-01 1.269929012441998540e-03
1.600000000000000000e+01 3.896239000000000230e-01 1.337275013101814087e-03
1.700000000000000000e+01 3.892826999999999815e-01 1.405530013770535380e-03
1.800000000000000000e+01 3.889247000000000121e-01 1.474618014447418111e-03
1.900000000000000000e+01 3.885503000000000151e-01 1.544457015131658678e-03
2.000000000000000000e+01 3.881594999999999906e-01 1.614969015822492575e-03
2.100000000000000000e+01 3.877521999999999913e-01 1.686079016519185375e-03
2.200000000000000000e+01 3.873285000000000200e-01 1.757716017221041746e-03
2.300000000000000000e+01 3.868882000000000154e-01 1.829818017927453558e-03
2.400000000000000000e+01 3.864310000000000245e-01 1.902327018637853077e-03
2.500000000000000000e+01 3.859569999999999945e-01 1.975191019351730561e-03
2.600000000000000000e+01 3.854658999999999724e-01 2.048363020068625674e-03
2.700000000000000000e+01 3.849575000000000080e-01 2.121803020788146608e-03
2.800000000000000000e+01 3.844316999999999873e-01 2.195473021509920884e-03
2.900000000000000000e+01 3.838885000000000214e-01 2.269338022233605666e-03
3.000000000000000000e+01 3.833275999999999906e-01 2.343369022958916546e-03
3.100000000000000000e+01 3.827490000000000059e-01 2.417538023685579865e-03
3.200000000000000000e+01 3.821525000000000061e-01 2.491819024413339991e-03
3.300000000000000000e+01 3.815379999999999883e-01 2.566189025141972675e-03
3.400000000000000000e+01 3.809054000000000051e-01 2.640627025871271263e-03
3.500000000000000000e+01 3.802547000000000010e-01 2.715113026601040282e-03
3.600000000000000000e+01 3.795857000000000259e-01 2.789630027331113041e-03
3.700000000000000000e+01 3.788983000000000212e-01 2.864160028061312965e-03
3.800000000000000000e+01 3.781924999999999870e-01 2.938688028791493125e-03
3.900000000000000000e+01 3.774680000000000257e-01 3.013201029521526356e-03
4.000000000000000000e+01 3.767249999999999766e-01 3.087685030251276046e-03
4.100000000000000000e+01 3.759630999999999945e-01 3.162127030980613727e-03
4.200000000000000000e+01 3.751824999999999743e-01 3.236516031709432435e-03
4.300000000000000000e+01 3.743829000000000184e-01 3.310842032437633781e-03
4.400000000000000000e+01 3.735642000000000129e-01 3.385093033165100483e-03
4.500000000000000000e+01 3.727264000000000133e-01 3.459260033891743604e-03
4.600000000000000000e+01 3.718694000000000166e-01 3.533333034617466492e-03
4.700000000000000000e+01 3.709930000000000172e-01 3.607304035342189658e-03
4.800000000000000000e+01 3.700972000000000151e-01 3.681164036065825464e-03
4.900000000000000000e+01 3.691819000000000073e-01 3.754905036788295288e-03
5.000000000000000000e+01 3.682469999999999910e-01 3.828519037509520943e-03
5.100000000000000000e+01 3.672923000000000160e-01 3.901997038229413923e-03
5.200000000000000000e+01 3.663178999999999741e-01 3.975333038947916238e-03
5.300000000000000000e+01 3.653235000000000232e-01 4.048518039664938950e-03
5.400000000000000000e+01 3.643089999999999939e-01 4.121547040380432216e-03
5.500000000000000000e+01 3.632745000000000002e-01 4.194410041094300684e-03
5.600000000000000000e+01 3.622196999999999778e-01 4.267102041806493211e-03
5.700000000000000000e+01 3.611445999999999823e-01 4.339615042516931608e-03
5.800000000000000000e+01 3.600491000000000108e-01 4.411941043225537686e-03
5.900000000000000000e+01 3.589330000000000020e-01 4.484074043932253020e-03
6.000000000000000000e+01 3.577963000000000116e-01 4.556007044637009305e-03
6.100000000000000000e+01 3.566387999999999781e-01 4.627731045339718470e-03
6.200000000000000000e+01 3.554604000000000097e-01 4.699240046040320355e-03
6.300000000000000000e+01 3.542609999999999926e-01 4.770526046738737640e-03
6.400000000000000000e+01 3.530403999999999765e-01 4.841582047434901150e-03
6.500000000000000000e+01 3.517986000000000169e-01 4.912399048128723682e-03
6.600000000000000000e+01 3.505354999999999999e-01 4.982970048820135195e-03
6.700000000000000000e+01 3.492507999999999724e-01 5.053286049509049353e-03
6.800000000000000000e+01 3.479444999999999899e-01 5.123341050195405998e-03
6.900000000000000000e+01 3.466164999999999941e-01 5.193124050879098161e-03
7.000000000000000000e+01 3.452665999999999791e-01 5.262629051560065684e-03
7.100000000000000000e+01 3.438945999999999947e-01 5.331845052238202466e-03
7.200000000000000000e+01 3.425004999999999855e-01 5.400765052913439335e-03
7.300000000000000000e+01 3.410842000000000040e-01 5.469380053585687351e-03
7.400000000000000000e+01 3.396453999999999862e-01 5.537679054254840416e-03
7.500000000000000000e+01 3.381840999999999875e-01 5.605654054920817739e-03
7.600000000000000000e+01 3.366999999999999993e-01 5.673295055583524836e-03
7.700000000000000000e+01 3.351931000000000216e-01 5.740592056242859419e-03
7.800000000000000000e+01 3.336631999999999931e-01 5.807534056898716254e-03
7.900000000000000000e+01 3.321102000000000221e-01 5.874112057551008140e-03
8.000000000000000000e+01 3.305338999999999916e-01 5.940313058199604875e-03
8.100000000000000000e+01 3.289341000000000070e-01 6.006127058844411108e-03
8.200000000000000000e+01 3.273107000000000100e-01 6.071542059485308257e-03
8.300000000000000000e+01 3.256634999999999946e-01 6.136547060122187619e-03
8.400000000000000000e+01 3.239923000000000108e-01 6.201129060754923331e-03
8.500000000000000000e+01 3.222971000000000030e-01 6.265275061383387793e-03
8.600000000000000000e+01 3.205776000000000181e-01 6.328973062007461556e-03
8.700000000000000000e+01 3.188335999999999948e-01 6.392209062627009740e-03
8.800000000000000000e+01 3.170649999999999857e-01 6.454968063241884983e-03
8.900000000000000000e+01 3.152715999999999852e-01 6.517238063851969569e-03
9.000000000000000000e+01 3.134532999999999903e-01 6.579003064457104519e-03
9.100000000000000000e+01 3.116097999999999923e-01 6.640248065057145939e-03
9.200000000000000000e+01 3.097408999999999857e-01 6.700958065651945600e-03
9.300000000000000000e+01 3.078465000000000229e-01 6.761116066241338110e-03
9.400000000000000000e+01 3.059262999999999844e-01 6.820706066825165358e-03
9.500000000000000000e+01 3.039802999999999811e-01 6.879711067403261084e-03
9.600000000000000000e+01 3.020082000000000044e-01 6.938113067975448280e-03
9.700000000000000000e+01 3.000096999999999903e-01 6.995894068541550805e-03
9.800000000000000000e+01 2.979846999999999912e-01 7.053035069101384370e-03
9.900000000000000000e+01 2.959331000000000045e-01 7.109516069654751337e-03
1.000000000000000000e+02 2.938544000000000156e-01 7.165318070201465682e-03
1.010000000000000000e+02 2.917487000000000275e-01 7.220418070741302721e-03
1.020000000000000000e+02 2.896155999999999731e-01 7.274796071274065683e-03
1.030000000000000000e+02 2.874549000000000132e-01 7.328429071799529015e-03
1.040000000000000000e+02 2.852664999999999784e-01 7.381294072317468903e-03
1.050000000000000000e+02 2.830500000000000238e-01 7.433366072827639164e-03
1.060000000000000000e+02 2.808051999999999770e-01 7.484621073329804364e-03
1.070000000000000000e+02 2.785320000000000018e-01 7.535033073823710174e-03
1.080000000000000000e+02 2.762300999999999784e-01 7.584574074309082502e-03
1.090000000000000000e+02 2.738992000000000093e-01 7.633218074785667884e-03
1.100000000000000000e+02 2.715390999999999777e-01 7.680936075253179743e-03
1.110000000000000000e+02 2.691495999999999889e-01 7.727697075711316074e-03
1.120000000000000000e+02 2.667304999999999815e-01 7.773472076159792035e-03
1.130000000000000000e+02 2.642812999999999968e-01 7.818227076598273373e-03
1.140000000000000000e+02 2.618019999999999792e-01 7.861930077026450803e-03
1.150000000000000000e+02 2.592922999999999756e-01 7.904545077443965104e-03
1.160000000000000000e+02 2.567518999999999774e-01 7.946038077850488962e-03
1.170000000000000000e+02 2.541804999999999759e-01 7.986371078245648597e-03
1.180000000000000000e+02 2.515778000000000181e-01 8.025505078629060346e-03
1.190000000000000000e+02 2.489436999999999900e-01 8.063400079000332399e-03
1.200000000000000000e+02 2.462777999999999912e-01 8.100013079359043300e-03
1.210000000000000000e+02 2.435798999999999881e-01 8.135301079704773328e-03
1.220000000000000000e+02 2.408495999999999970e-01 8.169218080037073115e-03
1.230000000000000000e+02 2.380867999999999873e-01 8.201717080355478209e-03
1.240000000000000000e+02 2.352910000000000001e-01 8.232748080659501450e-03
1.250000000000000000e+02 2.324621000000000048e-01 8.262259080948632442e-03
1.260000000000000000e+02 2.295996999999999899e-01 8.290198081222362528e-03
1.270000000000000000e+02 2.267035000000000022e-01 8.316506081480112139e-03
1.280000000000000000e+02 2.237732000000000054e-01 8.341126081721323207e-03
1.290000000000000000e+02 2.208086999999999966e-01 8.363995081945380106e-03
1.300000000000000000e+02 2.178093999999999864e-01 8.385050082151665474e-03
1.310000000000000000e+02 2.147751999999999994e-01 8.404223082339509071e-03
1.320000000000000000e+02 2.117056999999999967e-01 8.421444082508231302e-03
1.330000000000000000e+02 2.086007000000000000e-01 8.436638082657092752e-03
1.340000000000000000e+02 2.054597999999999980e-01 8.449727082785329565e-03
1.350000000000000000e+02 2.022827000000000097e-01 8.460631082892161592e-03
1.360000000000000000e+02 1.990690999999999988e-01 8.469263082976732568e-03
1.370000000000000000e+02 1.958187999999999873e-01 8.475533083038161788e-03
1.380000000000000000e+02 1.925312999999999886e-01 8.479347083075529021e-03
1.390000000000000000e+02 1.892063999999999968e-01 8.480604083087844858e-03
1.400000000000000000e+02 1.858439000000000063e-01 8.479199083074080365e-03
1.410000000000000000e+02 1.824433000000000027e-01 8.475021083033145580e-03
1.420000000000000000e+02 1.790044000000000080e-01 8.467951082963878426e-03
1.430000000000000000e+02 1.755269999999999886e-01 8.457865082865062209e-03
1.440000000000000000e+02 1.720106000000000135e-01 8.444632082735412798e-03
1.450000000000000000e+02 1.684550999999999965e-01 8.428111082573550711e-03
1.460000000000000000e+02 1.648602999999999874e-01 8.408152082378004058e-03
1.470000000000000000e+02 1.612256999999999996e-01 8.384599082147246862e-03
1.480000000000000000e+02 1.575512000000000024e-01 8.357282081879609595e-03
1.490000000000000000e+02 1.538365999999999900e-01 8.326020081573324433e-03
1.500000000000000000e+02 1.500817000000000123e-01 8.290623081226525942e-03
1.510000000000000000e+02 1.462862000000000051e-01 8.250882080837167870e-03
1.520000000000000000e+02 1.424499999999999933e-01 8.206577080403093527e-03
1.530000000000000000e+02 1.385731000000000046e-01 8.157471079921981699e-03
1.540000000000000000e+02 1.346552000000000027e-01 8.103307079391317003e-03
1.550000000000000000e+02 1.306964999999999932e-01 8.043808078808381209e-03
1.560000000000000000e+02 1.266967999999999983e-01 7.978677078170267126e-03
1.570000000000000000e+02 1.226562999999999959e-01 7.907589077473789127e-03
1.580000000000000000e+02 1.185751000000000027e-01 7.830193076715509862e-03
1.590000000000000000e+02 1.144534999999999997e-01 7.746106075891676622e-03
1.600000000000000000e+02 1.102918999999999983e-01 7.654910074998192565e-03
1.610000000000000000e+02 1.060905999999999932e-01 7.556150074030601287e-03
1.620000000000000000e+02 1.018504999999999966e-01 7.449326072984005162e-03
1.630000000000000000e+02 9.757222000000000117e-02 7.333891071853042981e-03
1.640000000000000000e+02 9.325698000000000321e-02 7.209244070631825978e-03
1.650000000000000000e+02 8.890612000000000514e-02 7.074725069313890155e-03
1.660000000000000000e+02 8.452136999999999845e-02 6.929608067892121040e-03
1.670000000000000000e+02 8.010490000000000665e-02 6.773100066358749873e-03
1.680000000000000000e+02 7.565942999999999974e-02 6.604333064705272816e-03
1.690000000000000000e+02 7.118839000000000417e-02 6.422365062922459969e-03
1.700000000000000000e+02 6.669608000000000481e-02 6.226184061000397500e-03
1.710000000000000000e+02 6.218789999999999735e-02 6.014718058928580392e-03
1.720000000000000000e+02 5.767069999999999835e-02 5.786863056696195211e-03
1.730000000000000000e+02 5.315318000000000126e-02 5.541527054292541034e-03
1.740000000000000000e+02 4.864642999999999745e-02 5.277701051707732807e-03
1.750000000000000000e+02 4.416463999999999807e-02 4.994569048933775353e-03
1.760000000000000000e+02 3.972599000000000269e-02 4.691672045966173606e-03
1.770000000000000000e+02 3.535370000000000179e-02 4.369118042805984412e-03
1.780000000000000000e+02 3.107711999999999974e-02 4.027854039462485346e-03
1.790000000000000000e+02 2.693270999999999860e-02 3.669973035956182461e-03
1.800000000000000000e+02 2.296422999999999867e-02 3.299001032321622565e-03
1.810000000000000000e+02 1.922188000000000022e-02 2.920110028609477267e-03
1.820000000000000000e+02 1.575926999999999883e-02 2.540128024886643097e-03
1.830000000000000000e+02 1.262837999999999981e-02 2.167258021233487222e-03
1.840000000000000000e+02 9.872574000000000280e-03 1.810456017737756360e-03
1.850000000000000000e+02 7.519406000000000180e-03 1.478509014485539751e-03
1.860000000000000000e+02 5.575199999999999774e-03 1.178981011550945049e-03
1.870000000000000000e+02 4.023388999999999611e-03 9.172754089869113430e-04
1.880000000000000000e+02 2.827305000000000009e-03 6.960561068195379340e-04
1.890000000000000000e+02 1.936468999999999907e-03 5.151650050472761193e-04
1.900000000000000000e+02 1.294371000000000107e-03 3.720041036446718901e-04
1.910000000000000000e+02 8.455515000000000036e-04 2.622349025692194738e-04
1.920000000000000000e+02 5.406060000000000075e-04 1.805855017692678522e-04
1.930000000000000000e+02 3.387388999999999765e-04 1.215818011911851734e-04
1.940000000000000000e+02 2.082606000000000030e-04 8.009458078471840957e-05
1.950000000000000000e+02 1.257599000000000087e-04 5.166979050622944812e-05
1.960000000000000000e+02 7.464993999999999428e-05 3.266664032004804421e-05
1.970000000000000000e+02 4.358751999999999700e-05 2.025445019844088719e-05
1.980000000000000000e+02 2.504839000000000159e-05 1.232466012074958784e-05
1.990000000000000000e+02 1.417360999999999998e-05 7.364342072151383520e-06
2.000000000000000000e+02 7.900059999999999711e-06 4.323557042359604676e-06
2.010000000000000000e+02 4.338836000000000008e-06 2.495277024447219571e-06
2.020000000000000000e+02 2.348741999999999949e-06 1.416347013876514000e-06
2.030000000000000000e+02 1.253516999999999987e-06 7.910059077497989277e-07
2.040000000000000000e+02 6.597226000000000420e-07 4.348296042601982804e-07
2.050000000000000000e+02 3.424716999999999948e-07 2.353665023059790445e-07
2.060000000000000000e+02 1.753920000000000131e-07 1.254876012294518554e-07
2.070000000000000000e+02 8.863398000000000498e-08 6.592062064585049559e-08
2.080000000000000000e+02 4.420541999999999933e-08 3.412954033438065631e-08
2.090000000000000000e+02 2.176258999999999940e-08 1.741982017066889553e-08
2.100000000000000000e+02 1.057734000000000020e-08 8.767356085897268081e-09
2.110000000000000000e+02 5.076228000000000144e-09 4.352176042639996450e-09
2.120000000000000000e+02 2.405849999999999917e-09 2.131334020881525593e-09
2.130000000000000000e+02 1.126211999999999998e-09 1.029895010090290312e-09
2.140000000000000000e+02 5.207803000000000281e-10 4.911496048119876400e-10
2.150000000000000000e+02 2.379181999999999860e-10 2.312029022651866293e-10
2.160000000000000000e+02 1.073971999999999980e-10 1.074499010527293412e-10
2.170000000000000000e+02 4.790725000000000147e-11 4.930854048309534575e-11
2.180000000000000000e+02 2.112038999999999943e-11 2.234646021893714437e-11
2.190000000000000000e+02 9.203257000000000798e-12 1.000297009800306947e-11
2.200000000000000000e+02 3.964289000000000093e-12 4.423268043336512965e-12
2.210000000000000000e+02 1.688170000000000066e-12 1.932452018932999639e-12
2.220000000000000000e+02 7.107809000000000415e-13 8.342187081731719162e-13
2.230000000000000000e+02 2.959126999999999918e-13 3.558843034867398086e-13
2.240000000000000000e+02 1.218254999999999992e-13 1.500532014701307818e-13
2.250000000000000000e+02 4.960163000000000132e-14 6.253689061269874434e-14
2.260000000000000000e+02 1.997434000000000027e-14 2.576484025242836940e-14
2.270000000000000000e+02 7.956126999999999918e-15 1.049450010281878344e-14
2.280000000000000000e+02 3.134847000000000194e-15 4.226503041408728667e-15
2.290000000000000000e+02 1.221935000000000005e-15 1.683158016490567356e-15
2.300000000000000000e+02 4.712237000000000173e-16 6.628748064944476653e-16
2.310000000000000000e+02 1.797971999999999942e-16 2.581887025295772033e-16
2.320000000000000000e+02 6.788028000000000440e-17 9.946657097451349492e-17
2.330000000000000000e+02 2.535925000000000009e-17 3.790400037136054007e-17
2.340000000000000000e+02 9.375355000000000601e-18 1.428871013999216665e-17
2.350000000000000000e+02 3.430226000000000070e-18 5.328840052208761657e-18
2.360000000000000000e+02 1.242127000000000031e-18 1.966226019263897026e-18
2.370000000000000000e+02 4.451854999999999990e-19 7.178343070329076859e-19
2.380000000000000000e+02 1.579322000000000040e-19 2.593180025406413921e-19
2.390000000000000000e+02 5.545959999999999974e-20 9.270121090823056591e-20
2.400000000000000000e+02 1.927882999999999874e-20 3.279504032130602568e-20
2.410000000000000000e+02 6.634420000000000327e-21 1.148221011249577167e-20
2.420000000000000000e+02 2.260286000000000106e-21 3.978884038982706470e-21
2.430000000000000000e+02 7.623965000000000081e-22 1.364704013370547020e-21
2.440000000000000000e+02 2.546092999999999955e-22 4.633179045393094302e-22
2.450000000000000000e+02 8.419009999999999608e-23 1.557056015255096074e-22
2.460000000000000000e+02 2.756504000000000123e-23 5.180061050751115135e-23
2.470000000000000000e+02 8.936830000000000034e-24 1.706045016714800389e-23
2.480000000000000000e+02 2.869140999999999841e-24 5.562758054500549390e-24
2.490000000000000000e+02 9.121770999999999577e-25 1.795776017593930488e-24
2.500000000000000000e+02 2.871973000000000105e-25 5.739770056234805880e-25
2.510000000000000000e+02 8.955087000000000323e-26 1.816494017796913098e-25
2.520000000000000000e+02 2.765422999999999810e-26 5.692293055769654284e-26
2.530000000000000000e+02 8.458027000000000589e-27 1.766323017305368063e-26
2.540000000000000000e+02 2.562154000000000081e-27 5.427473053175108216e-27
2.550000000000000000e+02 7.687453000000000248e-28 1.651524016180636653e-27
2.560000000000000000e+02 2.284615000000000018e-28 4.976752048759215647e-28
2.570000000000000000e+02 6.725247999999999945e-29 1.485233014551417413e-28
2.580000000000000000e+02 1.961008999999999944e-29 4.389788043008496212e-29
2.590000000000000000e+02 5.664188999999999865e-30 1.285008012589733651e-29
2.600000000000000000e+02 1.620664000000000165e-30 3.725578036500966626e-30
2.610000000000000000e+02 4.593621999999999586e-31 1.069840010481647269e-30
2.620000000000000000e+02 1.289835000000000078e-31 3.042931029812803174e-31
2.630000000000000000e+02 3.587889000000000041e-32 8.572844083991557839e-32
2.640000000000000000e+02 9.887317000000000651e-33 2.392364023438939852e-32
2.650000000000000000e+02 2.699361000000000046e-33 6.613166064791812512e-33
2.660000000000000000e+02 7.301208999999999580e-34 1.810843017741548216e-33
2.670000000000000000e+02 1.956534999999999989e-34 4.911911048123942710e-34
2.680000000000000000e+02 5.194535999999999746e-35 1.319859012931182651e-34
2.690000000000000000e+02 1.366405000000000014e-35 3.513339034421577754e-35
2.700000000000000000e+02 3.561166999999999825e-36 9.264807090770993041e-36
2.710000000000000000e+02 9.195850000000000797e-37 2.420382023713443810e-36
2.720000000000000000e+02 2.352796000000000207e-37 6.264267061373511590e-37
2.730000000000000000e+02 5.964517999999999947e-38 1.606209015736667364e-37
2.740000000000000000e+02 1.498202999999999944e-38 4.080246039975790869e-38
2.750000000000000000e+02 3.728851999999999738e-39 1.026902010060966697e-38
2.760000000000000000e+02 9.195893000000000789e-40 2.560569025086911385e-39
2.770000000000000000e+02 2.247148000000000136e-40 6.325779061976168714e-40
2.780000000000000000e+02 5.441175000000000206e-41 1.548343015169731242e-40
2.790000000000000000e+02 1.305513000000000038e-41 3.754921036788452349e-41
2.800000000000000000e+02 3.103848999999999729e-42 9.022354088395584882e-42
2.810000000000000000e+02 7.312313999999999815e-43 2.147972021044534582e-42
2.820000000000000000e+02 1.707053000000000070e-43 5.066770049641157758e-43
2.830000000000000000e+02 3.948935000000000147e-44 1.184218011602253914e-43
2.840000000000000000e+02 9.052250999999999390e-45 2.742415026868528838e-44
2.850000000000000000e+02 2.056266000000000064e-45 6.292733061652403900e-45
2.860000000000000000e+02 4.628609000000000330e-46 1.430714014017273141e-45
2.870000000000000000e+02 1.032457000000000032e-46 3.223123031578216047e-46
2.880000000000000000e+02 2.282156000000000063e-47 7.194714070489470646e-47
2.890000000000000000e+02 4.998874000000000284e-48 1.591348015591068219e-47
2.900000000000000000e+02 1.085059999999999953e-48 3.487654034169931169e-48
2.910000000000000000e+02 2.333946999999999998e-49 7.573912074204624144e-49
2.920000000000000000e+02 4.974905000000000087e-50 1.629772015967523354e-49
2.930000000000000000e+02 1.050836999999999968e-50 3.474999034045945046e-50
2.940000000000000000e+02 2.199596999999999932e-51 7.341829071930814898e-51
2.950000000000000000e+02 4.562556000000000204e-52 1.537009015058687589e-51
2.960000000000000000e+02 9.378431999999999664e-53 3.188390031237922759e-52
2.970000000000000000e+02 1.910332000000000101e-53 6.553747064209661364e-53
2.980000000000000000e+02 3.856056000000000256e-54 1.334845013078006601e-53
2.990000000000000000e+02 7.713168000000000100e-55 2.693981026394001898e-54
3.000000000000000000e+02 1.528889999999999990e-55 5.387412052782614263e-55
3.010000000000000000e+02 3.003115999999999981e-56 1.067547010459182049e-55
3.020000000000000000e+02 5.845462999999999548e-57 2.096111020536431912e-56
3.030000000000000000e+02 1.127496000000000018e-57 4.078121039954971161e-57
3.040000000000000000e+02 2.155053999999999993e-58 7.861822077025392104e-58
3.050000000000000000e+02 4.081747000000000374e-59 1.501765014713387898e-58
3.060000000000000000e+02 7.660840999999999863e-60 2.842458027848689746e-59
3.070000000000000000e+02 1.424776000000000107e-60 5.330861052228561562e-60
3.080000000000000000e+02 2.625749999999999999e-61 9.906254097055504602e-61
3.090000000000000000e+02 4.795057999999999815e-62 1.824012017870570135e-61
3.100000000000000000e+02 8.676898999999999708e-63 3.327736032603150854e-62
3.110000000000000000e+02 1.555828999999999890e-63 6.015476058936006915e-63
3.120000000000000000e+02 2.764281000000000054e-64 1.077426010555970486e-63
3.130000000000000000e+02 4.866550000000000017e-65 1.912045018733064169e-64
3.140000000000000000e+02 8.489357000000000274e-66 3.361999032938839492e-65
3.150000000000000000e+02 1.467365999999999953e-66 5.857090057384236378e-66
3.160000000000000000e+02 2.513086999999999921e-67 1.010990009905070602e-66
3.170000000000000000e+02 4.264586999999999763e-68 1.728970016939405567e-67
3.180000000000000000e+02 7.170373000000000188e-69 2.929541028701876709e-68
3.190000000000000000e+02 1.194527999999999899e-69 4.917876048182383933e-69
3.200000000000000000e+02 1.971675000000000005e-70 8.179308080135928993e-70
3.210000000000000000e+02 3.224429000000000135e-71 1.347755013204490929e-70
3.220000000000000000e+02 5.224474999999999865e-72 2.200162021555860690e-71
3.230000000000000000e+02 8.386844999999999646e-73 3.558297034862048767e-72
3.240000000000000000e+02 1.333871999999999988e-73 5.701212055857038380e-73
3.250000000000000000e+02 2.101757000000000160e-74 9.049469088661240268e-74
3.260000000000000000e+02 3.280928999999999951e-75 1.422995013941647129e-74
3.270000000000000000e+02 5.073989999999999849e-76 2.216669021717586521e-75
3.280000000000000000e+02 7.773806000000000764e-77 3.420649033513456462e-76
3.290000000000000000e+02 1.179888999999999931e-77 5.229004051230628873e-77
3.300000000000000000e+02 1.774043999999999941e-78 7.918164077577396518e-78
3.310000000000000000e+02 2.642376999999999972e-79 1.187729011636652685e-78
3.320000000000000000e+02 3.898738999999999881e-80 1.764774017290191452e-79
3.330000000000000000e+02 5.698281000000000269e-81 2.597356025447328171e-80
3.340000000000000000e+02 8.249830000000000410e-82 3.786482037097667831e-81
3.350000000000000000e+02 1.183091999999999953e-82 5.467558053567837158e-82
3.360000000000000000e+02 1.680561999999999961e-83 7.819785076613538448e-83
3.370000000000000000e+02 2.364524999999999876e-84 1.107722010852792227e-83
3.380000000000000000e+02 3.295160000000000195e-85 1.554144015226565861e-84
3.390000000000000000e+02 4.548227000000000040e-86 2.159568021158145008e-85
3.400000000000000000e+02 6.217710000000000438e-87 2.971988029117746675e-86
3.410000000000000000e+02 8.418422000000000055e-88 4.050619039685522735e-87
3.420000000000000000e+02 1.128838999999999993e-88 5.467378053566073362e-88
3.430000000000000000e+02 1.499072999999999969e-89 7.308179071601131139e-89
3.440000000000000000e+02 1.971477999999999911e-90 9.673872094778765250e-90
3.450000000000000000e+02 2.567599999999999951e-91 1.268063012423716871e-90
3.460000000000000000e+02 3.311441999999999722e-92 1.645960016126123758e-91
3.470000000000000000e+02 4.229110999999999738e-93 2.115548020726863639e-92
3.480000000000000000e+02 5.348230999999999635e-94 2.692399026378502415e-93
3.490000000000000000e+02 6.697115000000000482e-95 3.392785033240461895e-94
3.500000000000000000e+02 8.303637999999999283e-96 4.233119041473548005e-95
3.510000000000000000e+02 1.019386000000000025e-96 5.229238051232921321e-96
3.520000000000000000e+02 1.239038999999999904e-97 6.395531062659556238e-97
3.530000000000000000e+02 1.491051999999999994e-98 7.743922075870278139e-98
3.540000000000000000e+02 1.776427999999999901e-99 9.282763090946916792e-99
3.550000000000000000e+02 2.095246000000000076e-100 1.101567010792489311e-99
3.560000000000000000e+02 2.446468999999999869e-101 1.294038012678204212e-100
3.570000000000000000e+02 2.827784000000000149e-102 1.504770014742829378e-101
3.580000000000000000e+02 3.235481999999999761e-103 1.732068016969757971e-102
3.590000000000000000e+02 3.664389999999999780e-104 1.973401019334193165e-103
3.600000000000000000e+02 4.107881999999999911e-105 2.225385021802980651e-104
3.610000000000000000e+02 4.557966000000000234e-106 2.483805024334823885e-105
3.620000000000000000e+02 5.005457999999999740e-107 2.743694026881059909e-106
3.630000000000000000e+02 5.440248999999999773e-108 2.999453029386832260e-107
3.640000000000000000e+02 5.851644000000000231e-109 3.245033031792877170e-108
3.650000000000000000e+02 6.228781000000000441e-110 3.474151034037637000e-109
3.660000000000000000e+02 6.561083999999999667e-111 3.680546036059770408e-110
3.670000000000000000e+02 6.838744999999999590e-112 3.858255037800856233e-111
3.680000000000000000e+02 7.053200999999999463e-113 4.001893039208134864e-112
3.690000000000000000e+02 7.197556999999999337e-114 4.106919040237116089e-113
3.700000000000000000e+02 7.266962000000000002e-115 4.169873040853901790e-114
3.710000000000000000e+02 7.258867000000000407e-116 4.188563041037014827e-115
3.720000000000000000e+02 7.173182999999999931e-117 4.162190040778628298e-116
3.730000000000000000e+02 7.012302000000000014e-118 4.091400040085069948e-117
3.740000000000000000e+02 6.780986999999999887e-119 3.978261038976602552e-118
3.750000000000000000e+02 6.486141999999999631e-120 3.826165037486457382e-119
3.760000000000000000e+02 6.136465999999999989e-121 3.639656035659154831e-120
3.770000000000000000e+02 5.742025999999999723e-122 3.424207033548315725e-121
3.780000000000000000e+02 5.313775000000000230e-123 3.185951031214026903e-122
3.790000000000000000e+02 4.863040000000000231e-124 2.931387028719962471e-123
3.800000000000000000e+02 4.401031999999999982e-125 2.667090026130539838e-124
3.810000000000000000e+02 3.938381999999999927e-126 2.399426023508129369e-125
3.820000000000000000e+02 3.484750999999999973e-127 2.134304020910623669e-126
3.830000000000000000e+02 3.048526000000000214e-128 1.876974018389459610e-127
3.840000000000000000e+02 2.636606999999999895e-129 1.631872015988098055e-128
3.850000000000000000e+02 2.254294000000000195e-130 1.402533013741172704e-129
3.860000000000000000e+02 1.905273000000000031e-131 1.191545011674039548e-130
3.870000000000000000e+02 1.591684000000000121e-132 1.000575009803030543e-131
3.880000000000000000e+02 1.314256000000000052e-133 8.304279081360319177e-133
3.890000000000000000e+02 1.072498000000000011e-134 6.811410066734088556e-134
3.900000000000000000e+02 8.649201999999999678e-136 5.521087054092281362e-135
3.910000000000000000e+02 6.892666000000000046e-137 4.422149043325549442e-136
3.920000000000000000e+02 5.427480000000000082e-138 3.499706034288009530e-137
3.930000000000000000e+02 4.222563999999999808e-139 2.736445026810038431e-138
3.940000000000000000e+02 3.245549000000000200e-140 2.113808020709816262e-139
3.950000000000000000e+02 2.464334999999999987e-141 1.612999015803191883e-140
3.960000000000000000e+02 1.848315999999999923e-142 1.215787011911548083e-141
3.970000000000000000e+02 1.369248000000000014e-143 9.051080088677026062e-143
3.980000000000000000e+02 1.001799999999999987e-144 6.654671065198453942e-144
3.990000000000000000e+02 7.238288000000000031e-146 4.831689047337975462e-145
4.000000000000000000e+02 5.164263999999999883e-147 3.464013033938311255e-146
4.010000000000000000e+02 3.637977000000000234e-148 2.452052024023727150e-147
4.020000000000000000e+02 2.530176000000000112e-149 1.713600016788819605e-148
4.030000000000000000e+02 1.737161000000000009e-150 1.182166011582149822e-149
4.040000000000000000e+02 1.177297999999999928e-151 8.049992078868968893e-151
4.050000000000000000e+02 7.874938000000000208e-153 5.410253053006397128e-152
4.060000000000000000e+02 5.198509999999999752e-154 3.588405035157028600e-153
4.070000000000000000e+02 3.386389999999999823e-155 2.348566023009833800e-154
4.080000000000000000e+02 2.176585999999999930e-156 1.516617014858898887e-155
4.090000000000000000e+02 1.380220999999999947e-157 9.662158094663999500e-157
4.100000000000000000e+02 8.633913999999999555e-159 6.072253059492273841e-158
4.110000000000000000e+02 5.327261999999999772e-160 3.764039036877784851e-159
4.120000000000000000e+02 3.241809999999999961e-161 2.301107022544859209e-160
4.130000000000000000e+02 1.945389999999999951e-162 1.387224013591184417e-161
4.140000000000000000e+02 1.151088000000000014e-163 8.245765080787035058e-163
4.150000000000000000e+02 6.714904000000000207e-165 4.832099047341992275e-164
4.160000000000000000e+02 3.861397999999999772e-166 2.791297027347445530e-165
4.170000000000000000e+02 2.188598999999999896e-167 1.589223015570248962e-166
4.180000000000000000e+02 1.222492999999999886e-168 8.916901087362420442e-168
4.190000000000000000e+02 6.728610000000000143e-170 4.929851048299707654e-169
4.200000000000000000e+02 3.648732000000000188e-171 2.685240026308362622e-170
4.210000000000000000e+02 1.949095999999999997e-172 1.440785014115942757e-171
4.220000000000000000e+02 1.025497000000000024e-173 7.614072074598087142e-173
4.230000000000000000e+02 5.313480999999999905e-175 3.962512038822303617e-174
4.240000000000000000e+02 2.710810999999999859e-176 2.030448019893105171e-175
4.250000000000000000e+02 1.361521999999999895e-177 1.024261010035091772e-176
4.260000000000000000e+02 6.731058000000000142e-179 5.085747049827082166e-178
4.270000000000000000e+02 3.274923999999999988e-180 2.485139024347893626e-179
4.280000000000000000e+02 1.567840999999999887e-181 1.194873011706645235e-180
4.290000000000000000e+02 7.384266000000000167e-183 5.651843055373350405e-182
4.300000000000000000e+02 3.420870000000000200e-184 2.629509025762343652e-183
4.310000000000000000e+02 1.558498999999999851e-185 1.203075011787003463e-184
4.320000000000000000e+02 6.981224000000000041e-187 5.412009053023601981e-186
4.330000000000000000e+02 3.074139999999999963e-188 2.393227023447395161e-187
4.340000000000000000e+02 1.330428999999999932e-189 1.040107010190341328e-188
4.350000000000000000e+02 5.657723999999999426e-191 4.441680043516902856e-190
4.360000000000000000e+02 2.363618999999999839e-192 1.863352018255999642e-191
4.370000000000000000e+02 9.698368999999999539e-194 7.677521075219722108e-193
4.380000000000000000e+02 3.907530999999999719e-195 3.106151030432194810e-194
4.390000000000000000e+02 1.545546999999999947e-196 1.233654012086598145e-195
4.400000000000000000e+02 5.999675000000000087e-198 4.808646047112214554e-197
4.410000000000000000e+02 2.285206000000000002e-199 1.839067018018069604e-198
4.420000000000000000e+02 8.538020000000000436e-201 6.899216067594358348e-200
4.430000000000000000e+02 3.128247999999999898e-202 2.538092024866695417e-201
4.440000000000000000e+02 1.123650999999999965e-203 9.153653089681973421e-203
4.450000000000000000e+02 3.955637000000000058e-205 3.235414031698635525e-204
4.460000000000000000e+02 1.364334999999999951e-206 1.120413010977130996e-205
4.470000000000000000e+02 4.608973000000000081e-208 3.800129037231372824e-207
4.480000000000000000e+02 1.524472999999999934e-209 1.261957012363893985e-208
4.490000000000000000e+02 4.935323000000000306e-211 4.101707040186052365e-210
4.500000000000000000e+02 1.563271000000000023e-212 1.304371012779440712e-211
4.510000000000000000e+02 4.842961000000000280e-214 4.056852039746589928e-213
4.520000000000000000e+02 1.466813999999999951e-215 1.233555012085628401e-214
4.530000000000000000e+02 4.341581999999999839e-217 3.665475035912114128e-216
4.540000000000000000e+02 1.255290000000000072e-218 1.063945010423891636e-217
4.550000000000000000e+02 3.543801999999999898e-220 3.015301029542101107e-219
4.560000000000000000e+02 9.763849999999999909e-222 8.339936081709664425e-221
4.570000000000000000e+02 2.624142999999999893e-223 2.250108022045201804e-222
4.580000000000000000e+02 6.876168999999999597e-225 5.918758057988422576e-224
4.590000000000000000e+02 1.755764000000000081e-226 1.517093014863562495e-225
4.600000000000000000e+02 4.366186999999999750e-228 3.787083037103556044e-227
4.610000000000000000e+02 1.056815999999999946e-229 9.201366090149436192e-229
4.620000000000000000e+02 2.488219000000000026e-231 2.174632021305733341e-230
4.630000000000000000e+02 5.694906999999999906e-233 4.996000048947795473e-232
4.640000000000000000e+02 1.266178999999999864e-234 1.114971010923813583e-233
4.650000000000000000e+02 2.732745999999999954e-236 2.415432023664946446e-235
4.660000000000000000e+02 5.720924999999999992e-238 5.075551049727188713e-237
4.670000000000000000e+02 1.160764000000000019e-239 1.033657010127148194e-238
4.680000000000000000e+02 2.280652999999999868e-241 2.038458019971582588e-240
4.690000000000000000e+02 4.335259999999999808e-243 3.889217038104202989e-242
4.700000000000000000e+02 7.965077000000000140e-245 7.171928070266226969e-244
4.710000000000000000e+02 1.412973999999999960e-246 1.276948012510766742e-245
4.720000000000000000e+02 2.417503000000000171e-248 2.192776021483497179e-247
4.730000000000000000e+02 3.984505999999999809e-250 3.627305035538147436e-249
4.740000000000000000e+02 6.318363999999999560e-252 5.772861056559011340e-251
4.750000000000000000e+02 9.626392000000000677e-254 8.827173086483317974e-253
4.760000000000000000e+02 1.407054000000000090e-255 1.294897012686620028e-254
4.770000000000000000e+02 1.969940999999999823e-257 1.819443017825805516e-256
4.780000000000000000e+02 2.637172000000000048e-259 2.444441023949159334e-258
4.790000000000000000e+02 3.369358999999999817e-261 3.134287030707854152e-260
4.800000000000000000e+02 4.099997999999999947e-263 3.827546037499988238e-262
4.810000000000000000e+02 4.740936000000000083e-265 4.441615043516266261e-264
4.820000000000000000e+02 5.196413000000000297e-267 4.885572047865888389e-266
4.830000000000000000e+02 5.383937000000000061e-269 5.079741049768239598e-268
4.840000000000000000e+02 5.256695000000000320e-271 4.977133048762948315e-270
4.850000000000000000e+02 4.819911999999999962e-273 4.579576044867924389e-272
4.860000000000000000e+02 4.134102999999999831e-275 3.941688038618282590e-274
4.870000000000000000e+02 3.302228999999999865e-277 3.159497030954846770e-276
4.880000000000000000e+02 2.443978999999999848e-279 2.346459022989190651e-278
4.890000000000000000e+02 1.666006999999999969e-281 1.605064015725449239e-280
4.900000000000000000e+02 1.038775000000000041e-283 1.004227009838810610e-282
4.910000000000000000e+02 5.875281999999999965e-286 5.699407055839353717e-285
4.920000000000000000e+02 2.984258999999999891e-288 2.904844028459910318e-287
4.930000000000000000e+02 1.344472999999999862e-290 1.313164012865589159e-289
4.940000000000000000e+02 5.288562000000000477e-293 5.182991050779821228e-292
4.950000000000000000e+02 1.779265999999999904e-295 1.749665017142162886e-294
4.960000000000000000e+02 4.977706000000000123e-298 4.911450048119426360e-297
4.970000000000000000e+02 1.111670999999999944e-300 1.100572010782741059e-299
4.980000000000000000e+02 1.858042000000000079e-303 1.845674018082801242e-302
4.990000000000000000e+02 2.065933000000000061e-306 2.059056020173389420e-305
5.000000000000000000e+02 1.146097999999999580e-309 1.146098011228776744e-308
5.010000000000000000e+02 0.000000000000000000e+00 0.000000000000000000e+00
