1.000000000000000000e+00 4.011580000000000146e-01 6.545846003269670580e-05
2.000000000000000000e+00 4.030008999999999952e-01 7.146080003569490211e-05
3.000000000000000000e+00 4.060177999999999843e-01 8.560820004276156866e-05
4.000000000000000000e+00 3.967977999999999783e-01 1.102710800550807575e-04
5.000000000000000000e+00 3.958742000000000094e-01 1.327925200663302905e-04
6.000000000000000000e+00 3.993283000000000249e-01 1.481957600740242546e-04
7.000000000000000000e+00 4.013934000000000113e-01 1.620865200809627315e-04
8.000000000000000000e+00 4.001584000000000252e-01 1.800099600899155729e-04
9.000000000000000000e+00 3.976605999999999752e-01 1.997813200997913764e-04
1.000000000000000000e+01 3.984865000000000212e-01 2.147940001072902655e-04
1.100000000000000000e+01 3.999406999999999823e-01 2.267900001132823376e-04
1.200000000000000000e+01 4.001024000000000247e-01 2.409572001203588731e-04
1.300000000000000000e+01 3.989902000000000171e-01 2.587256001292342444e-04
1.400000000000000000e+01 3.982361999999999846e-01 2.764168001380710657e-04
1.500000000000000000e+01 3.989018999999999759e-01 2.910476001453792005e-04
1.600000000000000000e+01 3.994232999999999811e-01 3.052626001524796255e-04
1.700000000000000000e+01 3.991256000000000248e-01 3.219858001608329385e-04
1.800000000000000000e+01 3.984532000000000074e-01 3.405090001700853699e-04
1.900000000000000000e+01 3.982851000000000030e-01 3.578856001787649832e-04
2.000000000000000000e+01 3.986661000000000232e-01 3.734452001865370789e-04
2.100000000000000000e+01 3.987491000000000230e-01 3.896218001946173703e-04
2.200000000000000000e+01 3.983910999999999980e-01 4.076810002036379576e-04
2.300000000000000000e+01 3.980171000000000125e-01 4.262262002129013605e-04
2.400000000000000000e+01 3.980043999999999804e-01 4.434810002215201948e-04
2.500000000000000000e+01 3.981500000000000039e-01 4.599174002297301707e-04
2.600000000000000000e+01 3.980356999999999923e-01 4.772894002384075649e-04
2.700000000000000000e+01 3.977230999999999961e-01 4.957960002476516793e-04
2.800000000000000000e+01 3.975047999999999915e-01 5.140900002567896313e-04
2.900000000000000000e+01 3.974908999999999804e-01 5.313816002654268150e-04
3.000000000000000000e+01 3.974751000000000256e-01 5.485166002739857690e-04
3.100000000000000000e+01 3.972813000000000039e-01 5.665194002829782331e-04
3.200000000000000000e+01 3.970233000000000234e-01 5.850446002922316717e-04
3.300000000000000000e+01 3.968665000000000109e-01 6.031016003012511836e-04
3.400000000000000000e+01 3.968025000000000024e-01 6.205470003099651001e-04
3.500000000000000000e+01 3.966857999999999773e-01 6.381810003187733627e-04
3.600000000000000000e+01 3.964650000000000118e-01 6.564500003278988865e-04
3.700000000000000000e+01 3.962427000000000032e-01 6.748372003370833655e-04
3.800000000000000000e+01 3.960942000000000074e-01 6.927572003460343670e-04
3.900000000000000000e+01 3.959732999999999725e-01 7.103980003548460327e-04
4.000000000000000000e+01 3.957958999999999783e-01 7.283434003638098158e-04
4.100000000000000000e+01 3.955668999999999991e-01 7.466684003729632179e-04
4.200000000000000000e+01 3.953579999999999872e-01 7.648982003820689775e-04
4.300000000000000000e+01 3.951918999999999849e-01 7.827766003909993964e-04
4.400000000000000000e+01 3.950214000000000225e-01 8.005980003999012707e-04
4.500000000000000000e+01 3.948072000000000248e-01 8.187066004089466184e-04
4.600000000000000000e+01 3.945726999999999984e-01 8.369882004180782820e-04
4.700000000000000000e+01 3.943597999999999826e-01 8.550994004271248415e-04
4.800000000000000000e+01 3.941656000000000049e-01 8.729980004360651845e-04
4.900000000000000000e+01 3.939552000000000054e-01 8.909578004450362633e-04
5.000000000000000000e+01 3.937163000000000190e-01 9.091290004541127158e-04
5.100000000000000000e+01 3.934729000000000143e-01 9.273376004632079934e-04
5.200000000000000000e+01 3.932449000000000083e-01 9.453824004722215018e-04
5.300000000000000000e+01 3.930202999999999891e-01 9.633304004811866052e-04
5.400000000000000000e+01 3.927780000000000160e-01 9.813800004902025094e-04
5.500000000000000000e+01 3.925194000000000183e-01 9.995560004992813576e-04
5.600000000000000000e+01 3.922622000000000053e-01 1.017698200508343476e-03
5.700000000000000000e+01 3.920126999999999917e-01 1.035719200517344965e-03
5.800000000000000000e+01 3.917587000000000153e-01 1.053720600526336735e-03
5.900000000000000000e+01 3.914900000000000047e-01 1.071818600535376625e-03
6.000000000000000000e+01 3.912126000000000214e-01 1.089974200544445481e-03
6.100000000000000000e+01 3.909372999999999876e-01 1.108071600553485166e-03
6.200000000000000000e+01 3.906637000000000026e-01 1.126097000562489023e-03
6.300000000000000000e+01 3.903823000000000154e-01 1.144143800571503430e-03
6.400000000000000000e+01 3.900899999999999923e-01 1.162261800580553393e-03
6.500000000000000000e+01 3.897930000000000006e-01 1.180392000589609467e-03
6.600000000000000000e+01 3.894966999999999735e-01 1.198467000598638045e-03
6.700000000000000000e+01 3.891978999999999855e-01 1.216510400607650642e-03
6.800000000000000000e+01 3.888909999999999867e-01 1.234589200616681166e-03
6.900000000000000000e+01 3.885761999999999827e-01 1.252710600625732721e-03
7.000000000000000000e+01 3.882584000000000035e-01 1.270821000634779008e-03
7.100000000000000000e+01 3.879392999999999869e-01 1.288892200643805639e-03
7.200000000000000000e+01 3.876153999999999988e-01 1.306958400652829914e-03
7.300000000000000000e+01 3.872841000000000200e-01 1.325058000661870567e-03
7.400000000000000000e+01 3.869469999999999854e-01 1.343177400670921440e-03
7.500000000000000000e+01 3.866070999999999813e-01 1.361278000679962651e-03
7.600000000000000000e+01 3.862640999999999991e-01 1.379356600688992889e-03
7.700000000000000000e+01 3.859155000000000224e-01 1.397444400698027783e-03
7.800000000000000000e+01 3.855604999999999727e-01 1.415557000707075037e-03
7.900000000000000000e+01 3.852007000000000070e-01 1.433674600716124863e-03
8.000000000000000000e+01 3.848377000000000048e-01 1.451775600725166643e-03
8.100000000000000000e+01 3.844703999999999899e-01 1.469868400734203892e-03
8.200000000000000000e+01 3.840973999999999777e-01 1.487975000743248233e-03
8.300000000000000000e+01 3.837187000000000237e-01 1.506096800752300142e-03
8.400000000000000000e+01 3.833357000000000014e-01 1.524216600761350935e-03
8.500000000000000000e+01 3.829487999999999781e-01 1.542325800770396813e-03
8.600000000000000000e+01 3.825569999999999804e-01 1.560436400779442734e-03
8.700000000000000000e+01 3.821596999999999911e-01 1.578560400788496043e-03
8.800000000000000000e+01 3.817572000000000187e-01 1.596692400797552949e-03
8.900000000000000000e+01 3.813504999999999812e-01 1.614820200806607988e-03
9.000000000000000000e+01 3.809391999999999778e-01 1.632943400815660374e-03
9.100000000000000000e+01 3.805227999999999944e-01 1.651072200824715754e-03
9.200000000000000000e+01 3.801010000000000222e-01 1.669211400833776416e-03
9.300000000000000000e+01 3.796744000000000230e-01 1.687354200842838738e-03
9.400000000000000000e+01 3.792432000000000025e-01 1.705494600851899809e-03
9.500000000000000000e+01 3.788073000000000135e-01 1.723635800860961369e-03
9.600000000000000000e+01 3.783660999999999830e-01 1.741784600870026822e-03
9.700000000000000000e+01 3.779197999999999724e-01 1.759941000879095951e-03
9.800000000000000000e+01 3.774686999999999903e-01 1.778099600888166480e-03
9.900000000000000000e+01 3.770127999999999813e-01 1.796257800897236440e-03
1.000000000000000000e+02 3.765517999999999921e-01 1.814420000906308630e-03
1.010000000000000000e+02 3.760856000000000199e-01 1.832589400915384361e-03
1.020000000000000000e+02 3.756144000000000149e-01 1.850764200924462583e-03
1.030000000000000000e+02 3.751381999999999772e-01 1.868941200933542206e-03
1.040000000000000000e+02 3.746571000000000207e-01 1.887120200942622511e-03
1.050000000000000000e+02 3.741708000000000256e-01 1.905305000951705661e-03
1.060000000000000000e+02 3.736792999999999920e-01 1.923496600960792431e-03
1.070000000000000000e+02 3.731826999999999783e-01 1.941692800969881637e-03
1.080000000000000000e+02 3.726811999999999903e-01 1.959892000978972083e-03
1.090000000000000000e+02 3.721745000000000192e-01 1.978095600988064896e-03
1.100000000000000000e+02 3.716625000000000068e-01 1.996305600997160760e-03
1.110000000000000000e+02 3.711454000000000142e-01 2.014522001006260107e-03
1.120000000000000000e+02 3.706230999999999831e-01 2.032742001015361115e-03
1.130000000000000000e+02 3.700956000000000246e-01 2.050968001024465037e-03
1.140000000000000000e+02 3.695629999999999749e-01 2.069198001033570756e-03
1.150000000000000000e+02 3.690249999999999919e-01 2.087434001042679822e-03
1.160000000000000000e+02 3.684817000000000231e-01 2.105678001051792918e-03
1.170000000000000000e+02 3.679333000000000187e-01 2.123926001060907811e-03
1.180000000000000000e+02 3.673795000000000255e-01 2.142180001070025618e-03
1.190000000000000000e+02 3.668203999999999909e-01 2.160438001079145656e-03
1.200000000000000000e+02 3.662560000000000260e-01 2.178706001088270405e-03
1.210000000000000000e+02 3.656862000000000168e-01 2.196978001097397385e-03
1.220000000000000000e+02 3.651110000000000189e-01 2.215256001106527279e-03
1.230000000000000000e+02 3.645304999999999795e-01 2.233540001115660086e-03
1.240000000000000000e+02 3.639445000000000041e-01 2.251832001124796923e-03
1.250000000000000000e+02 3.633531999999999873e-01 2.270130001133937106e-03
1.260000000000000000e+02 3.627562999999999760e-01 2.288434001143080203e-03
1.270000000000000000e+02 3.621539999999999759e-01 2.306744001152225779e-03
1.280000000000000000e+02 3.615461999999999843e-01 2.325062001161375819e-03
1.290000000000000000e+02 3.609329000000000010e-01 2.343388001170529887e-03
1.300000000000000000e+02 3.603140000000000231e-01 2.361718001179685753e-03
1.310000000000000000e+02 3.596895999999999982e-01 2.380058001188846764e-03
1.320000000000000000e+02 3.590596999999999817e-01 2.398404001198010255e-03
1.330000000000000000e+02 3.584241000000000232e-01 2.416756001207177092e-03
1.340000000000000000e+02 3.577828000000000119e-01 2.435116001216348393e-03
1.350000000000000000e+02 3.571360000000000090e-01 2.453484001225523289e-03
1.360000000000000000e+02 3.564834000000000058e-01 2.471858001234700664e-03
1.370000000000000000e+02 3.558252000000000081e-01 2.490240001243882503e-03
1.380000000000000000e+02 3.551612000000000102e-01 2.508630001253068370e-03
1.390000000000000000e+02 3.544915000000000149e-01 2.527026001262257151e-03
1.400000000000000000e+02 3.538160000000000194e-01 2.545432001271451077e-03
1.410000000000000000e+02 3.531348000000000265e-01 2.563844001280647916e-03
1.420000000000000000e+02 3.524476999999999749e-01 2.582264001289848784e-03
1.430000000000000000e+02 3.517546999999999757e-01 2.600690001299052565e-03
1.440000000000000000e+02 3.510558999999999763e-01 2.619126001308261491e-03
1.450000000000000000e+02 3.503511999999999738e-01 2.637568001317473331e-03
1.460000000000000000e+02 3.496406000000000236e-01 2.656018001326689634e-03
1.470000000000000000e+02 3.489240000000000119e-01 2.674476001335909531e-03
1.480000000000000000e+02 3.482013999999999943e-01 2.692942001345133025e-03
1.490000000000000000e+02 3.474728000000000261e-01 2.711414001354359865e-03
1.500000000000000000e+02 3.467381999999999964e-01 2.729896001363591850e-03
1.510000000000000000e+02 3.459975000000000134e-01 2.748384001372826315e-03
1.520000000000000000e+02 3.452507000000000215e-01 2.766880001382065243e-03
1.530000000000000000e+02 3.444978000000000207e-01 2.785384001391308199e-03
1.540000000000000000e+02 3.437387000000000081e-01 2.803894001400554069e-03
1.550000000000000000e+02 3.429734999999999867e-01 2.822414001409804651e-03
1.560000000000000000e+02 3.422020000000000062e-01 2.840940001419058145e-03
1.570000000000000000e+02 3.414243000000000139e-01 2.859472001428315421e-03
1.580000000000000000e+02 3.406403000000000070e-01 2.878012001437575858e-03
1.590000000000000000e+02 3.398499999999999854e-01 2.896560001446840758e-03
1.600000000000000000e+02 3.390533000000000019e-01 2.915114001456109005e-03
1.610000000000000000e+02 3.382503000000000037e-01 2.933676001465380413e-03
1.620000000000000000e+02 3.374407999999999852e-01 2.952244001474655169e-03
1.630000000000000000e+02 3.366250000000000075e-01 2.970820001483933954e-03
1.640000000000000000e+02 3.358026000000000066e-01 2.989400001493214536e-03
1.650000000000000000e+02 3.349736999999999854e-01 3.007988001502499582e-03
1.660000000000000000e+02 3.341382999999999992e-01 3.026582001511787107e-03
1.670000000000000000e+02 3.332962999999999898e-01 3.045182001521077979e-03
1.680000000000000000e+02 3.324476000000000098e-01 3.063788001530371764e-03
1.690000000000000000e+02 3.315924000000000094e-01 3.082400001539668463e-03
1.700000000000000000e+02 3.307303999999999800e-01 3.101018001548968509e-03
1.710000000000000000e+02 3.298616999999999799e-01 3.119640001558270353e-03
1.720000000000000000e+02 3.289862000000000064e-01 3.138268001567575110e-03
1.730000000000000000e+02 3.281039000000000039e-01 3.156898001576880549e-03
1.740000000000000000e+02 3.272147999999999723e-01 3.175536001586190017e-03
1.750000000000000000e+02 3.263187000000000171e-01 3.194176001595501035e-03
1.760000000000000000e+02 3.254157999999999773e-01 3.212820001604813850e-03
1.770000000000000000e+02 3.245059000000000138e-01 3.231468001614128463e-03
1.780000000000000000e+02 3.235890000000000155e-01 3.250118001623444192e-03
1.790000000000000000e+02 3.226649999999999796e-01 3.268772001632762152e-03
1.800000000000000000e+02 3.217339000000000171e-01 3.287428001642080360e-03
1.810000000000000000e+02 3.207957000000000169e-01 3.306088001651401233e-03
1.820000000000000000e+02 3.198503999999999792e-01 3.324748001660722107e-03
1.830000000000000000e+02 3.188978000000000090e-01 3.343408001670042547e-03
1.840000000000000000e+02 3.179378999999999955e-01 3.362070001679364536e-03
1.850000000000000000e+02 3.169706999999999941e-01 3.380732001688686525e-03
1.860000000000000000e+02 3.159962000000000049e-01 3.399394001698008080e-03
1.870000000000000000e+02 3.150142000000000220e-01 3.418054001707328954e-03
1.880000000000000000e+02 3.140248999999999957e-01 3.436714001716649827e-03
1.890000000000000000e+02 3.130279999999999729e-01 3.455372001725969151e-03
1.900000000000000000e+02 3.120235000000000092e-01 3.474028001735288227e-03
1.910000000000000000e+02 3.110114999999999963e-01 3.492680001744605071e-03
1.920000000000000000e+02 3.099918999999999869e-01 3.511330001753920366e-03
1.930000000000000000e+02 3.089644999999999753e-01 3.529974001763233182e-03
1.940000000000000000e+02 3.079294000000000198e-01 3.548614001772544199e-03
1.950000000000000000e+02 3.068865000000000065e-01 3.567246001781850320e-03
1.960000000000000000e+02 3.058356999999999881e-01 3.585874001791155077e-03
1.970000000000000000e+02 3.047771000000000230e-01 3.604492001800455123e-03
1.980000000000000000e+02 3.037104999999999944e-01 3.623104001809751822e-03
1.990000000000000000e+02 3.026359000000000132e-01 3.641706001819043810e-03
2.000000000000000000e+02 3.015532000000000212e-01 3.660298001828330219e-03
2.010000000000000000e+02 3.004624000000000184e-01 3.678880001837612351e-03
2.020000000000000000e+02 2.993634000000000017e-01 3.697448001846886673e-03
2.030000000000000000e+02 2.982562000000000269e-01 3.716004001856155602e-03
2.040000000000000000e+02 2.971406999999999798e-01 3.734548001865418704e-03
2.050000000000000000e+02 2.960168000000000244e-01 3.753076001874673315e-03
2.060000000000000000e+02 2.948845999999999967e-01 3.771586001883919185e-03
2.070000000000000000e+02 2.937437999999999994e-01 3.790082001893157679e-03
2.080000000000000000e+02 2.925945999999999825e-01 3.808556001902386069e-03
2.090000000000000000e+02 2.914366999999999930e-01 3.827012001911604851e-03
2.100000000000000000e+02 2.902701999999999782e-01 3.845448001920813343e-03
2.110000000000000000e+02 2.890949999999999909e-01 3.863860001930010182e-03
2.120000000000000000e+02 2.879109000000000251e-01 3.882250001939196483e-03
2.130000000000000000e+02 2.867180999999999758e-01 3.900614001948369148e-03
2.140000000000000000e+02 2.855163000000000006e-01 3.918950001957527927e-03
2.150000000000000000e+02 2.843054999999999888e-01 3.937260001966673938e-03
2.160000000000000000e+02 2.830856999999999957e-01 3.955538001975803832e-03
2.170000000000000000e+02 2.818568000000000184e-01 3.973784001984917609e-03
2.180000000000000000e+02 2.806185999999999958e-01 3.991998001994015270e-03
2.190000000000000000e+02 2.793712999999999891e-01 4.010176002003095451e-03
2.200000000000000000e+02 2.781144999999999867e-01 4.028318002012157284e-03
2.210000000000000000e+02 2.768483999999999945e-01 4.046420002021199405e-03
2.220000000000000000e+02 2.755728000000000066e-01 4.064482002030221815e-03
2.230000000000000000e+02 2.742877000000000232e-01 4.082502002039222963e-03
2.240000000000000000e+02 2.729928999999999828e-01 4.100476002048200619e-03
2.250000000000000000e+02 2.716883999999999966e-01 4.118402002057154968e-03
2.260000000000000000e+02 2.703741000000000061e-01 4.136278002066084460e-03
2.270000000000000000e+02 2.690500000000000114e-01 4.154104002074988228e-03
2.280000000000000000e+02 2.677159000000000066e-01 4.171874002083864226e-03
2.290000000000000000e+02 2.663717999999999919e-01 4.189586002092711772e-03
2.300000000000000000e+02 2.650176000000000198e-01 4.207240002101529132e-03
2.310000000000000000e+02 2.636531999999999765e-01 4.224830002110315993e-03
2.320000000000000000e+02 2.622785000000000255e-01 4.242356002119070622e-03
2.330000000000000000e+02 2.608933999999999975e-01 4.259812002127789238e-03
2.340000000000000000e+02 2.594979000000000036e-01 4.277198002136474442e-03
2.350000000000000000e+02 2.580918999999999852e-01 4.294508002145120719e-03
2.360000000000000000e+02 2.566751999999999923e-01 4.311742002153728937e-03
2.370000000000000000e+02 2.552478000000000247e-01 4.328896002162296863e-03
2.380000000000000000e+02 2.538097000000000270e-01 4.345964002170822453e-03
2.390000000000000000e+02 2.523605999999999905e-01 4.362944002179304157e-03
2.400000000000000000e+02 2.509005000000000263e-01 4.379830002187739060e-03
2.410000000000000000e+02 2.494292999999999927e-01 4.396622002196127164e-03
2.420000000000000000e+02 2.479468999999999979e-01 4.413314002204464688e-03
2.430000000000000000e+02 2.464532000000000111e-01 4.429902002212750267e-03
2.440000000000000000e+02 2.449482000000000048e-01 4.446380002220980988e-03
2.450000000000000000e+02 2.434315999999999980e-01 4.462746002229156170e-03
2.460000000000000000e+02 2.419034999999999935e-01 4.478996002237272712e-03
2.470000000000000000e+02 2.403636000000000106e-01 4.495122002245327889e-03
2.480000000000000000e+02 2.388119999999999965e-01 4.511122002253319281e-03
2.490000000000000000e+02 2.372483999999999982e-01 4.526988002261245030e-03
2.500000000000000000e+02 2.356727999999999879e-01 4.542718002269101850e-03
2.510000000000000000e+02 2.340850999999999904e-01 4.558302002276886332e-03
2.520000000000000000e+02 2.324851000000000001e-01 4.573738002284596926e-03
2.530000000000000000e+02 2.308727999999999891e-01 4.589020002292229852e-03
2.540000000000000000e+02 2.292480000000000073e-01 4.604140002299782382e-03
2.550000000000000000e+02 2.276105999999999963e-01 4.619092002307250734e-03
2.560000000000000000e+02 2.259605000000000086e-01 4.633870002314632863e-03
2.570000000000000000e+02 2.242975000000000108e-01 4.648466002321923439e-03
2.580000000000000000e+02 2.226216000000000028e-01 4.662874002329120415e-03
2.590000000000000000e+02 2.209327000000000096e-01 4.677086002336219329e-03
2.600000000000000000e+02 2.192304999999999948e-01 4.691096002343217268e-03
2.610000000000000000e+02 2.175149000000000110e-01 4.704894002350109954e-03
2.620000000000000000e+02 2.157860000000000056e-01 4.718472002356892056e-03
2.630000000000000000e+02 2.140433999999999948e-01 4.731820002363559298e-03
2.640000000000000000e+02 2.122871000000000064e-01 4.744934002370109448e-03
2.650000000000000000e+02 2.105169000000000068e-01 4.757800002376535997e-03
2.660000000000000000e+02 2.087326999999999932e-01 4.770410002382834483e-03
2.670000000000000000e+02 2.069343999999999906e-01 4.782754002389000628e-03
2.680000000000000000e+02 2.051217999999999930e-01 4.794822002395028419e-03
2.690000000000000000e+02 2.032946999999999949e-01 4.806600002400912217e-03
2.700000000000000000e+02 2.014530999999999961e-01 4.818082002406647371e-03
2.710000000000000000e+02 1.995967999999999909e-01 4.829252002412226692e-03
2.720000000000000000e+02 1.977256000000000014e-01 4.840100002417645035e-03
2.730000000000000000e+02 1.958392999999999939e-01 4.850614002422896573e-03
2.740000000000000000e+02 1.939378999999999964e-01 4.860780002427974797e-03
2.750000000000000000e+02 1.920211000000000001e-01 4.870584002432872331e-03
2.760000000000000000e+02 1.900889000000000051e-01 4.880012002437581799e-03
2.770000000000000000e+02 1.881410000000000027e-01 4.889048002442095142e-03
2.780000000000000000e+02 1.861771999999999871e-01 4.897680002446406534e-03
2.790000000000000000e+02 1.841974999999999862e-01 4.905888002450506553e-03
2.800000000000000000e+02 1.822015999999999913e-01 4.913656002454386273e-03
2.810000000000000000e+02 1.801893999999999996e-01 4.920968002458038504e-03
2.820000000000000000e+02 1.781607000000000052e-01 4.927804002461453822e-03
2.830000000000000000e+02 1.761153000000000024e-01 4.934148002464622436e-03
2.840000000000000000e+02 1.740530000000000133e-01 4.939976002467533558e-03
2.850000000000000000e+02 1.719737000000000071e-01 4.945270002470178450e-03
2.860000000000000000e+02 1.698771000000000031e-01 4.950006002472543722e-03
2.870000000000000000e+02 1.677632000000000012e-01 4.954164002474619952e-03
2.880000000000000000e+02 1.656315999999999899e-01 4.957720002476397221e-03
2.890000000000000000e+02 1.634821999999999942e-01 4.960646002477859043e-03
2.900000000000000000e+02 1.613149000000000111e-01 4.962920002478993578e-03
2.910000000000000000e+02 1.591294000000000042e-01 4.964512002479789729e-03
2.920000000000000000e+02 1.569254999999999955e-01 4.965396002480231691e-03
2.930000000000000000e+02 1.547030000000000072e-01 4.965538002480301798e-03
2.940000000000000000e+02 1.524617000000000056e-01 4.964912002479989449e-03
2.950000000000000000e+02 1.502014000000000127e-01 4.963482002479275429e-03
2.960000000000000000e+02 1.479218999999999951e-01 4.961212002478141390e-03
2.970000000000000000e+02 1.456228999999999996e-01 4.958070002476572084e-03
2.980000000000000000e+02 1.433043999999999984e-01 4.954014002474546249e-03
2.990000000000000000e+02 1.409660000000000080e-01 4.949004002472042439e-03
3.000000000000000000e+02 1.386074999999999946e-01 4.942998002469042862e-03
3.010000000000000000e+02 1.362287000000000081e-01 4.935952002465522973e-03
3.020000000000000000e+02 1.338293000000000121e-01 4.927818002461461198e-03
3.030000000000000000e+02 1.314093000000000067e-01 4.918544002456828532e-03
3.040000000000000000e+02 1.289682000000000051e-01 4.908080002451601850e-03
3.050000000000000000e+02 1.265060000000000073e-01 4.896368002445750968e-03
3.060000000000000000e+02 1.240223000000000020e-01 4.883352002439249849e-03
3.070000000000000000e+02 1.215168999999999971e-01 4.868964002432063162e-03
3.080000000000000000e+02 1.189897000000000038e-01 4.853144002424160906e-03
3.090000000000000000e+02 1.164402999999999966e-01 4.835818002415506571e-03
3.100000000000000000e+02 1.138686000000000004e-01 4.816912002406062779e-03
3.110000000000000000e+02 1.112743999999999955e-01 4.796348002395790788e-03
3.120000000000000000e+02 1.086574000000000012e-01 4.774036002384646031e-03
3.130000000000000000e+02 1.060172999999999949e-01 4.749888002372583753e-03
3.140000000000000000e+02 1.033540000000000014e-01 4.723800002359552878e-03
3.150000000000000000e+02 1.006673000000000012e-01 4.695670002345502143e-03
3.160000000000000000e+02 9.795681000000000527e-02 4.665382002330372910e-03
3.170000000000000000e+02 9.522247000000000350e-02 4.632812002314104678e-03
3.180000000000000000e+02 9.246406999999999543e-02 4.597830002296630567e-03
3.190000000000000000e+02 8.968143000000000642e-02 4.560292002277880653e-03
3.200000000000000000e+02 8.687443000000000248e-02 4.520044002257776403e-03
3.210000000000000000e+02 8.404293000000000180e-02 4.476920002236236054e-03
3.220000000000000000e+02 8.118682000000000676e-02 4.430734002213165823e-03
3.230000000000000000e+02 7.830602000000000396e-02 4.381286002188466283e-03
3.240000000000000000e+02 7.540046999999999722e-02 4.328350002162024805e-03
3.250000000000000000e+02 7.247017000000000042e-02 4.271684002133719835e-03
3.260000000000000000e+02 6.951517000000000113e-02 4.211014002103414568e-03
3.270000000000000000e+02 6.653559000000000556e-02 4.146036002070957634e-03
3.280000000000000000e+02 6.353164999999999507e-02 4.076414002036181546e-03
3.290000000000000000e+02 6.050370000000000054e-02 4.001770001998896688e-03
3.300000000000000000e+02 5.745221999999999829e-02 3.921676001958889456e-03
3.310000000000000000e+02 5.437788999999999817e-02 3.835654001915921388e-03
3.320000000000000000e+02 5.128158000000000022e-02 3.743146001869713298e-03
3.330000000000000000e+02 4.816448000000000257e-02 3.643520001819949925e-03
3.340000000000000000e+02 4.502811999999999787e-02 3.536036001766261396e-03
3.350000000000000000e+02 4.187455999999999817e-02 3.419834001708217837e-03
3.360000000000000000e+02 3.870653000000000288e-02 3.293902001645314555e-03
3.370000000000000000e+02 3.552771999999999875e-02 3.157060001576961813e-03
3.380000000000000000e+02 3.234316999999999748e-02 3.007926001502468898e-03
3.390000000000000000e+02 2.915997999999999854e-02 2.844942001421057760e-03
3.400000000000000000e+02 2.598837000000000022e-02 2.666452001331901314e-03
3.410000000000000000e+02 2.284337999999999994e-02 2.470924001234234280e-03
3.420000000000000000e+02 1.974727999999999900e-02 2.257368001127562501e-03
3.430000000000000000e+02 1.673223999999999892e-02 2.025996001011991232e-03
3.440000000000000000e+02 1.384240999999999944e-02 1.779031200888631613e-03
3.450000000000000000e+02 1.113358000000000056e-02 1.521449600759968920e-03
3.460000000000000000e+02 8.668494000000000546e-03 1.261246600629996632e-03
3.470000000000000000e+02 6.507187999999999688e-03 1.008843000503920192e-03
3.480000000000000000e+02 4.694147000000000076e-03 7.754968003873631338e-04
3.490000000000000000e+02 3.246923000000000083e-03 5.710876002852600464e-04
3.500000000000000000e+02 2.151374000000000168e-03 4.020636002008320443e-04
3.510000000000000000e+02 1.365778999999999908e-03 2.703626001350469747e-04
3.520000000000000000e+02 8.317103000000000386e-04 1.736554600867414543e-04
3.530000000000000000e+02 4.867076000000000019e-04 1.066344600532642380e-04
3.540000000000000000e+02 2.742689999999999993e-04 6.268878003131324328e-05
3.550000000000000000e+02 1.491507999999999951e-04 3.534392001765440303e-05
3.560000000000000000e+02 7.843130000000000240e-05 1.914578400956337649e-05
3.570000000000000000e+02 3.995356000000000038e-05 9.982914004986497068e-06
3.580000000000000000e+02 1.974742999999999873e-05 5.018982002506997788e-06
3.590000000000000000e+02 9.482969000000000719e-06 2.436884001217231131e-06
3.600000000000000000e+02 4.429549000000000405e-06 1.144283800571573274e-06
3.610000000000000000e+02 2.014577999999999976e-06 5.203144002598986709e-07
3.620000000000000000e+02 8.928617999999999808e-07 2.293632001145676364e-07
3.630000000000000000e+02 3.859000999999999735e-07 9.811746004900998024e-08
3.640000000000000000e+02 1.627534999999999889e-07 4.076864002036406539e-08
3.650000000000000000e+02 6.701800999999999489e-08 1.646701000822532290e-08
3.660000000000000000e+02 2.695710999999999978e-08 6.470368003231969235e-09
3.670000000000000000e+02 1.059664999999999980e-08 2.474886001236213452e-09
3.680000000000000000e+02 4.072414999999999942e-09 9.220482004605660800e-10
3.690000000000000000e+02 1.530677999999999912e-09 3.347816001672244862e-10
3.700000000000000000e+02 5.628742000000000372e-10 1.185211000592016621e-10
3.710000000000000000e+02 2.025675000000000090e-10 4.093128002044530370e-11
3.720000000000000000e+02 7.136493000000000215e-11 1.379506000689067622e-11
3.730000000000000000e+02 2.461916000000000109e-11 4.539096002267292798e-12
3.740000000000000000e+02 8.318467000000000485e-12 1.458643200728596842e-12
3.750000000000000000e+02 2.753568000000000006e-12 4.579384002287417440e-13
3.760000000000000000e+02 8.931508000000000438e-13 1.405003800701803875e-13
3.770000000000000000e+02 2.839341999999999838e-13 4.213906002104859143e-14
3.780000000000000000e+02 8.848229999999999497e-14 1.235791000617281418e-14
3.790000000000000000e+02 2.703441999999999882e-14 3.544586001770531847e-15
3.800000000000000000e+02 8.099731999999999222e-15 9.945962004968040124e-16
3.810000000000000000e+02 2.380037999999999883e-15 2.730752001364019080e-16
3.820000000000000000e+02 6.859912000000000110e-16 7.337674003665191135e-17
3.830000000000000000e+02 1.939690999999999889e-16 1.929998000964039900e-17
3.840000000000000000e+02 5.381212999999999810e-17 4.969960002482510617e-18
3.850000000000000000e+02 1.464913000000000087e-17 1.253189000625971894e-18
3.860000000000000000e+02 3.913580000000000248e-18 3.094664001545794455e-19
3.870000000000000000e+02 1.026151000000000018e-18 7.485212003738887162e-20
3.880000000000000000e+02 2.640975000000000213e-19 1.773556600885896984e-20
3.890000000000000000e+02 6.672223999999999906e-20 4.117072002056490569e-21
3.900000000000000000e+02 1.654877000000000132e-20 9.364452004677572624e-22
3.910000000000000000e+02 4.029789999999999898e-21 2.087236001042580985e-22
3.920000000000000000e+02 9.634975000000000141e-22 4.559288002277378995e-23
3.930000000000000000e+02 2.262029000000000025e-22 9.761042004875671325e-24
3.940000000000000000e+02 5.214959000000000210e-23 2.048346001023155447e-24
3.950000000000000000e+02 1.180680000000000073e-23 4.213562002104687182e-25
3.960000000000000000e+02 2.625204000000000109e-24 8.496944004244250497e-26
3.970000000000000000e+02 5.732750999999999934e-25 1.679841200839085995e-26
3.980000000000000000e+02 1.229559999999999898e-25 3.256028001626396422e-27
3.990000000000000000e+02 2.590230000000000073e-26 6.187884003090867724e-28
4.000000000000000000e+02 5.359726000000000061e-27 1.153047000575950735e-28
4.010000000000000000e+02 1.089366999999999940e-27 2.106768001052337251e-29
4.020000000000000000e+02 2.174923000000000068e-28 3.774534001885391331e-30
4.030000000000000000e+02 4.265397000000000029e-29 6.631252003312331070e-31
4.040000000000000000e+02 8.217274000000000157e-30 1.142406000570635365e-31
4.050000000000000000e+02 1.555084999999999915e-30 1.929932400964007224e-32
4.060000000000000000e+02 2.890957000000000063e-31 3.197146001596984224e-33
4.070000000000000000e+02 5.279495999999999567e-32 5.193752002594295456e-34
4.080000000000000000e+02 9.471237999999999799e-33 8.273620004132699140e-35
4.090000000000000000e+02 1.669102999999999963e-33 1.292410600645563157e-35
4.100000000000000000e+02 2.889474999999999942e-34 1.979651200988842198e-36
4.110000000000000000e+02 4.913711000000000302e-35 2.973380001485212978e-37
4.120000000000000000e+02 8.208222000000000308e-36 4.378994002187321395e-38
4.130000000000000000e+02 1.346882999999999954e-36 6.323330003158523386e-39
4.140000000000000000e+02 2.170916999999999868e-37 8.952594004471848967e-40
4.150000000000000000e+02 3.436988999999999947e-38 1.242695600620730216e-40
4.160000000000000000e+02 5.344691999999999834e-39 1.691113200844716253e-41
4.170000000000000000e+02 8.163250999999999616e-40 2.256054001126905953e-42
4.180000000000000000e+02 1.224571000000000075e-40 2.950324001473696278e-43
4.190000000000000000e+02 1.804135000000000048e-41 3.781864001889052793e-44
4.200000000000000000e+02 2.610351999999999856e-42 4.751466002373372468e-45
4.210000000000000000e+02 3.708980999999999744e-43 5.850628002922407157e-46
4.220000000000000000e+02 5.175041999999999531e-44 7.059854003526419306e-47
4.230000000000000000e+02 7.090119999999999918e-45 8.347758004169732415e-48
4.240000000000000000e+02 9.537814000000000264e-46 9.671312004830850887e-49
4.250000000000000000e+02 1.259717000000000029e-46 1.097740600548324909e-49
4.260000000000000000e+02 1.633420999999999943e-47 1.220585200609686121e-50
4.270000000000000000e+02 2.079187000000000044e-48 1.329360800664019999e-51
4.280000000000000000e+02 2.597933999999999940e-49 1.417992200708291703e-52
4.290000000000000000e+02 3.186161999999999971e-50 1.481180200739854048e-53
4.300000000000000000e+02 3.835107999999999856e-51 1.514918600756706542e-54
4.310000000000000000e+02 4.530226999999999946e-52 1.516907800757700271e-55
4.320000000000000000e+02 5.251167000000000048e-53 1.486810800742666753e-56
4.330000000000000000e+02 5.972332999999999972e-54 1.426310200712446321e-57
4.340000000000000000e+02 6.664100000000000560e-55 1.338954800668812019e-58
4.350000000000000000e+02 7.294625999999999905e-56 1.229815600614296714e-59
4.360000000000000000e+02 7.832156999999999844e-57 1.104998000551949957e-60
4.370000000000000000e+02 8.247591000000000231e-58 9.710732004850542301e-62
4.380000000000000000e+02 8.517037000000000419e-59 8.345058004168382426e-63
4.390000000000000000e+02 8.624060000000000377e-60 7.011448003502240482e-64
4.400000000000000000e+02 8.561315999999999474e-61 5.758338002876308332e-65
4.410000000000000000e+02 8.331363999999999938e-62 4.621720002308563457e-66
4.420000000000000000e+02 7.946524000000000280e-63 3.624340001810369556e-67
4.430000000000000000e+02 7.427797000000000059e-64 2.776324001386782778e-68
4.440000000000000000e+02 6.802962999999999630e-65 2.076918001037427035e-69
4.450000000000000000e+02 6.104107000000000131e-66 1.516927600757710127e-70
4.460000000000000000e+02 5.364879999999999950e-67 1.081404800540165105e-71
4.470000000000000000e+02 4.617815000000000057e-68 7.522580003757553065e-73
4.480000000000000000e+02 3.892006000000000052e-69 5.104716002549821399e-74
4.490000000000000000e+02 3.211362999999999878e-70 3.378064001687353897e-75
4.500000000000000000e+02 2.593577999999999960e-71 2.179286001088560195e-76
4.510000000000000000e+02 2.049817999999999929e-72 1.370134600684386685e-77
4.520000000000000000e+02 1.585057000000000004e-73 8.391890004191775389e-79
4.530000000000000000e+02 1.198927000000000000e-74 5.005434002500229858e-80
4.540000000000000000e+02 8.868676999999999480e-76 2.906288001451699859e-81
4.550000000000000000e+02 6.414154999999999704e-77 1.641996000820182274e-82
4.560000000000000000e+02 4.534465999999999737e-78 9.023072004507053041e-84
4.570000000000000000e+02 3.132608999999999938e-79 4.820462002407836223e-85
4.580000000000000000e+02 2.114277999999999847e-80 2.502462001249987674e-86
4.590000000000000000e+02 1.393705000000000006e-81 1.261749600630247895e-87
4.600000000000000000e+02 8.970260999999999393e-83 6.175554003084708518e-89
4.610000000000000000e+02 5.635477999999999784e-84 2.932472001464779177e-90
4.620000000000000000e+02 3.454686999999999833e-85 1.350180800674419670e-91
4.630000000000000000e+02 2.065823999999999908e-86 6.023932003008973015e-93
4.640000000000000000e+02 1.204571000000000091e-87 2.602636001300025090e-94
4.650000000000000000e+02 6.846472000000000313e-89 1.088154000543536396e-95
4.660000000000000000e+02 3.791667999999999796e-90 4.399372002197500346e-97
4.670000000000000000e+02 2.045258999999999926e-91 1.718600400858446397e-98
4.680000000000000000e+02 1.074085000000000059e-92 6.481600003237579907e-100
4.690000000000000000e+02 5.489210999999999631e-94 2.357914001177785725e-101
4.700000000000000000e+02 2.728733999999999837e-95 8.266144004128965107e-103
4.710000000000000000e+02 1.318808000000000002e-96 2.789772001393499862e-104
4.720000000000000000e+02 6.193698000000000073e-98 9.054344004522673360e-106
4.730000000000000000e+02 2.825094999999999867e-99 2.822700001409947907e-107
4.740000000000000000e+02 1.250794000000000096e-100 8.442120004216865333e-109
4.750000000000000000e+02 5.372163999999999815e-102 2.418994001208294966e-110
4.760000000000000000e+02 2.236922000000000040e-103 6.631088003312249409e-112
4.770000000000000000e+02 9.024069999999999537e-105 1.736278800867276663e-113
4.780000000000000000e+02 3.524513000000000211e-106 4.335082002165386735e-115
4.790000000000000000e+02 1.331734999999999973e-107 1.030170800514573645e-116
4.800000000000000000e+02 4.864255999999999828e-109 2.325252001161470927e-118
4.810000000000000000e+02 1.716053999999999971e-110 4.974002002484530164e-120
4.820000000000000000e+02 5.842172000000000436e-112 1.005871800502436222e-121
4.830000000000000000e+02 1.917495000000000040e-113 1.917730000957912175e-123
4.840000000000000000e+02 6.061358000000000319e-115 3.436450001716517871e-125
4.850000000000000000e+02 1.843360999999999878e-116 5.767892002881080289e-127
4.860000000000000000e+02 5.387041000000000166e-118 9.032764004511894703e-129
4.870000000000000000e+02 1.510937000000000016e-119 1.314007200656350568e-130
4.880000000000000000e+02 4.061757999999999962e-121 1.766601000882422828e-132
4.890000000000000000e+02 1.045012000000000046e-122 2.182110001089970826e-134
4.900000000000000000e+02 2.569112999999999938e-124 2.459220001228388000e-136
4.910000000000000000e+02 6.024992999999999562e-126 2.507886001252696937e-138
4.920000000000000000e+02 1.345333000000000059e-127 2.291150001144436696e-140
4.930000000000000000e+02 2.854405999999999961e-129 1.852041200925100235e-142
4.940000000000000000e+02 5.741675000000000098e-131 1.303979000651341692e-144
4.950000000000000000e+02 1.092249000000000028e-132 7.833740003912978015e-147
4.960000000000000000e+02 1.959614000000000075e-134 3.904112001950116425e-149
4.970000000000000000e+02 3.305620000000000156e-136 1.549572000774016133e-151
4.980000000000000000e+02 5.224844999999999945e-138 4.592180002293807743e-154
4.990000000000000000e+02 7.708007000000000146e-140 9.032368004511696982e-157
5.000000000000000000e+02 1.056659000000000010e-141 8.843636004417424847e-160
5.010000000000000000e+02 1.354777000000000022e-143 0.000000000000000000e+00
