1.000000000000000000e+00 2.788823999999999748e-01 2.842454402210789437e-05
2.000000000000000000e+00 2.810798999999999936e-01 2.899083202254833675e-05
3.000000000000000000e+00 2.845855999999999941e-01 3.103198402413589205e-05
4.000000000000000000e+00 2.798714999999999953e-01 3.566960002774291228e-05
5.000000000000000000e+00 2.780746000000000051e-01 4.114073603199822386e-05
6.000000000000000000e+00 2.788977000000000261e-01 4.613536803588292240e-05
7.000000000000000000e+00 2.811035000000000061e-01 5.082932803953376657e-05
8.000000000000000000e+00 2.830153999999999725e-01 5.663695204405079075e-05
9.000000000000000000e+00 2.795184000000000002e-01 6.471178405033119467e-05
1.000000000000000000e+01 2.783849999999999936e-01 7.259593605646328990e-05
1.100000000000000000e+01 2.792012999999999856e-01 7.878234406127491898e-05
1.200000000000000000e+01 2.810001999999999778e-01 8.391552006526736601e-05
1.300000000000000000e+01 2.823048000000000224e-01 9.011232007008708651e-05
1.400000000000000000e+01 2.794247000000000258e-01 9.872112007678279181e-05
1.500000000000000000e+01 2.785834999999999839e-01 1.066348800829379051e-04
1.600000000000000000e+01 2.793480999999999881e-01 1.122860800873332787e-04
1.700000000000000000e+01 2.808686000000000238e-01 1.167660000908176391e-04
1.800000000000000000e+01 2.818107000000000251e-01 1.226742400954129232e-04
1.900000000000000000e+01 2.793256000000000072e-01 1.313492801021601405e-04
2.000000000000000000e+01 2.786553999999999975e-01 1.391554401082315884e-04
2.100000000000000000e+01 2.793696999999999986e-01 1.444652801123614541e-04
2.200000000000000000e+01 2.806876999999999844e-01 1.486664001156289862e-04
2.300000000000000000e+01 2.813862999999999781e-01 1.546432801202776307e-04
2.400000000000000000e+01 2.791906000000000110e-01 1.636228801272617472e-04
2.500000000000000000e+01 2.786408000000000218e-01 1.715406401334199863e-04
2.600000000000000000e+01 2.793120000000000047e-01 1.767419201374653877e-04
2.700000000000000000e+01 2.804728000000000221e-01 1.808716001406773441e-04
2.800000000000000000e+01 2.809943999999999775e-01 1.870360001454718943e-04
2.900000000000000000e+01 2.790240999999999971e-01 1.963313601527015540e-04
3.000000000000000000e+01 2.785643999999999898e-01 2.043476801589364563e-04
3.100000000000000000e+01 2.791968000000000227e-01 2.094439201629001875e-04
3.200000000000000000e+01 2.802289000000000030e-01 2.135093601660621948e-04
3.300000000000000000e+01 2.806146999999999947e-01 2.198310401709790409e-04
3.400000000000000000e+01 2.788263999999999743e-01 2.293609601783911820e-04
3.500000000000000000e+01 2.784363000000000254e-01 2.374080801846500043e-04
3.600000000000000000e+01 2.790325000000000166e-01 2.423724801885111899e-04
3.700000000000000000e+01 2.799557999999999769e-01 2.463681601916189318e-04
3.800000000000000000e+01 2.802336999999999745e-01 2.528212801966379973e-04
3.900000000000000000e+01 2.785965000000000247e-01 2.625264802041864872e-04
4.000000000000000000e+01 2.782612999999999892e-01 2.705638402104377149e-04
4.100000000000000000e+01 2.788235000000000019e-01 2.753936002141941803e-04
4.200000000000000000e+01 2.796529999999999849e-01 2.793334402172584696e-04
4.300000000000000000e+01 2.798429000000000055e-01 2.859116002223748075e-04
4.400000000000000000e+01 2.783336000000000143e-01 2.957560002300315348e-04
4.500000000000000000e+01 2.780426999999999760e-01 3.037629602362591687e-04
4.600000000000000000e+01 2.785727000000000064e-01 3.084676002399183020e-04
4.700000000000000000e+01 2.793197000000000041e-01 3.123717602429548876e-04
4.800000000000000000e+01 2.794366999999999823e-01 3.190747202481682642e-04
4.900000000000000000e+01 2.780372999999999872e-01 3.290325602559132125e-04
5.000000000000000000e+01 2.777824999999999878e-01 3.369965602621073750e-04
5.100000000000000000e+01 2.782819000000000265e-01 3.415881602656786406e-04
5.200000000000000000e+01 2.789556000000000258e-01 3.454760002687025378e-04
5.300000000000000000e+01 2.790110000000000090e-01 3.523042402740133119e-04
5.400000000000000000e+01 2.777073999999999931e-01 3.623548802818305089e-04
5.500000000000000000e+01 2.774823000000000151e-01 3.702673602879845839e-04
5.600000000000000000e+01 2.779526999999999970e-01 3.747582402914774631e-04
5.700000000000000000e+01 2.785603999999999858e-01 3.786473602945023714e-04
5.800000000000000000e+01 2.785633000000000137e-01 3.856010402999107711e-04
5.900000000000000000e+01 2.773439999999999794e-01 3.957269603077864144e-04
6.000000000000000000e+01 2.771433999999999842e-01 4.035816803138956286e-04
6.100000000000000000e+01 2.775859999999999994e-01 4.079838403173195261e-04
6.200000000000000000e+01 2.781337999999999866e-01 4.118895203203572480e-04
6.300000000000000000e+01 2.780912999999999857e-01 4.189680003258627406e-04
6.400000000000000000e+01 2.769466999999999901e-01 4.291538403337850222e-04
6.500000000000000000e+01 2.767665000000000264e-01 4.369460803398456301e-04
6.600000000000000000e+01 2.771822999999999926e-01 4.412707203432092440e-04
6.700000000000000000e+01 2.776754000000000167e-01 4.452063203462702551e-04
6.800000000000000000e+01 2.775932999999999873e-01 4.524086403518719603e-04
6.900000000000000000e+01 2.765154000000000223e-01 4.626409603598304532e-04
7.000000000000000000e+01 2.763520999999999894e-01 4.703676003658400140e-04
7.100000000000000000e+01 2.767420999999999909e-01 4.746255203691516892e-04
7.200000000000000000e+01 2.771848000000000090e-01 4.786033603722455792e-04
7.300000000000000000e+01 2.770678999999999781e-01 4.859283203779427626e-04
7.400000000000000000e+01 2.760500000000000176e-01 4.961959203859286601e-04
7.500000000000000000e+01 2.759006999999999987e-01 5.038552003918859122e-04
7.600000000000000000e+01 2.762658000000000058e-01 5.080573603951541676e-04
7.700000000000000000e+01 2.766619000000000161e-01 5.120891203982900477e-04
7.800000000000000000e+01 2.765142999999999907e-01 5.195360004040819541e-04
7.900000000000000000e+01 2.755504999999999760e-01 5.298295204120879879e-04
8.000000000000000000e+01 2.754128000000000132e-01 5.374212004179926977e-04
8.100000000000000000e+01 2.757537999999999934e-01 5.415783204212259267e-04
8.200000000000000000e+01 2.761064999999999769e-01 5.456744804244118485e-04
8.300000000000000000e+01 2.759314999999999962e-01 5.532420004302976294e-04
8.400000000000000000e+01 2.750167000000000028e-01 5.635526404383170039e-04
8.500000000000000000e+01 2.748884999999999801e-01 5.710765604441689434e-04
8.600000000000000000e+01 2.752060000000000062e-01 5.751981604473746425e-04
8.700000000000000000e+01 2.755180999999999880e-01 5.793677604506176351e-04
8.800000000000000000e+01 2.753186000000000244e-01 5.870539204565957412e-04
8.900000000000000000e+01 2.744483999999999813e-01 5.973738404646222700e-04
9.000000000000000000e+01 2.743277000000000077e-01 6.048302404704216729e-04
9.100000000000000000e+01 2.746224999999999916e-01 6.089260804736073554e-04
9.200000000000000000e+01 2.748963999999999852e-01 6.131778404769142087e-04
9.300000000000000000e+01 2.746748999999999996e-01 6.209816004829838082e-04
9.400000000000000000e+01 2.738455000000000195e-01 6.313044804910127126e-04
9.500000000000000000e+01 2.737307999999999963e-01 6.386955204967612477e-04
9.600000000000000000e+01 2.740034000000000081e-01 6.427756804999346660e-04
9.700000000000000000e+01 2.742414000000000240e-01 6.471184805033123981e-04
9.800000000000000000e+01 2.739999000000000184e-01 6.550390405094728931e-04
9.900000000000000000e+01 2.732078000000000007e-01 6.653600805175002592e-04
1.000000000000000000e+02 2.730976999999999988e-01 6.726883205232000573e-04
1.010000000000000000e+02 2.733485999999999971e-01 6.767627205263689527e-04
1.020000000000000000e+02 2.735525999999999791e-01 6.812048805298240002e-04
1.030000000000000000e+02 2.732930000000000081e-01 6.892416005360746953e-04
1.040000000000000000e+02 2.725351999999999775e-01 6.995564805440974022e-04
1.050000000000000000e+02 2.724283000000000121e-01 7.068251205497507470e-04
1.060000000000000000e+02 2.726581000000000143e-01 7.109036005529228552e-04
1.070000000000000000e+02 2.728298000000000112e-01 7.154530405564613017e-04
1.080000000000000000e+02 2.725537000000000099e-01 7.236051205628018157e-04
1.090000000000000000e+02 2.718273999999999968e-01 7.339102405708169009e-04
1.100000000000000000e+02 2.717226999999999837e-01 7.411224005764262875e-04
1.110000000000000000e+02 2.719316999999999984e-01 7.452144005796089909e-04
1.120000000000000000e+02 2.720727000000000007e-01 7.498781605832363162e-04
1.130000000000000000e+02 2.717815000000000092e-01 7.581444005896655894e-04
1.140000000000000000e+02 2.710840999999999945e-01 7.684364805976704382e-04
1.150000000000000000e+02 2.709806000000000159e-01 7.755958406032389431e-04
1.160000000000000000e+02 2.711690999999999963e-01 7.797104806064391680e-04
1.170000000000000000e+02 2.712808999999999915e-01 7.844955206101607379e-04
1.180000000000000000e+02 2.709757999999999889e-01 7.928755206166786338e-04
1.190000000000000000e+02 2.703050000000000175e-01 8.031520006246714409e-04
1.200000000000000000e+02 2.702017999999999920e-01 8.102632006302023160e-04
1.210000000000000000e+02 2.703702000000000050e-01 8.144104006334278037e-04
1.220000000000000000e+02 2.704540000000000277e-01 8.193248006372500381e-04
1.230000000000000000e+02 2.701360999999999901e-01 8.278192006438569268e-04
1.240000000000000000e+02 2.694900000000000073e-01 8.380800006518373613e-04
1.250000000000000000e+02 2.693862000000000201e-01 8.451488006573354547e-04
1.260000000000000000e+02 2.695349000000000217e-01 8.493392006605946475e-04
1.270000000000000000e+02 2.695918999999999954e-01 8.543904006645232710e-04
1.280000000000000000e+02 2.692622000000000071e-01 8.629992006712190441e-04
1.290000000000000000e+02 2.686388000000000109e-01 8.732440006791870836e-04
1.300000000000000000e+02 2.685336999999999863e-01 8.802768006846569630e-04
1.310000000000000000e+02 2.686628999999999823e-01 8.845200006879572543e-04
1.320000000000000000e+02 2.686940999999999913e-01 8.897152006919979749e-04
1.330000000000000000e+02 2.683534000000000197e-01 8.984384006987827407e-04
1.340000000000000000e+02 2.677510000000000168e-01 9.086664007067377872e-04
1.350000000000000000e+02 2.676436999999999844e-01 9.156672007121827682e-04
1.360000000000000000e+02 2.677536999999999834e-01 9.199728007155315518e-04
1.370000000000000000e+02 2.677599999999999980e-01 9.253176007196886642e-04
1.380000000000000000e+02 2.674091000000000107e-01 9.341552007265623144e-04
1.390000000000000000e+02 2.668260000000000076e-01 9.443656007345036614e-04
1.400000000000000000e+02 2.667159000000000058e-01 9.513424007399301583e-04
1.410000000000000000e+02 2.668069000000000135e-01 9.557200007433348278e-04
1.420000000000000000e+02 2.667892000000000041e-01 9.612216007476138231e-04
1.430000000000000000e+02 2.664288000000000212e-01 9.701752007545777707e-04
1.440000000000000000e+02 2.658635999999999777e-01 9.803704007625073207e-04
1.450000000000000000e+02 2.657500999999999891e-01 9.873288007679194116e-04
1.460000000000000000e+02 2.658223000000000114e-01 9.917896007713888819e-04
1.470000000000000000e+02 2.657814000000000010e-01 9.974560007757961744e-04
1.480000000000000000e+02 2.654120999999999841e-01 1.006526400782850909e-03
1.490000000000000000e+02 2.648633000000000237e-01 1.016708000790769858e-03
1.500000000000000000e+02 2.647458999999999785e-01 1.023656800796174339e-03
1.510000000000000000e+02 2.647993000000000152e-01 1.028212000799717200e-03
1.520000000000000000e+02 2.647360000000000269e-01 1.034050400804258389e-03
1.530000000000000000e+02 2.643582999999999905e-01 1.043239200811405107e-03
1.540000000000000000e+02 2.638247000000000231e-01 1.053409600819315466e-03
1.550000000000000000e+02 2.637028000000000150e-01 1.060356800824718750e-03
1.560000000000000000e+02 2.637377000000000193e-01 1.065016800828343102e-03
1.570000000000000000e+02 2.636526000000000147e-01 1.071033600833022972e-03
1.580000000000000000e+02 2.632669999999999733e-01 1.080342400840263086e-03
1.590000000000000000e+02 2.627473000000000170e-01 1.090504000848166325e-03
1.600000000000000000e+02 2.626202000000000258e-01 1.097456800853574121e-03
1.610000000000000000e+02 2.626367000000000007e-01 1.102231200857287574e-03
1.620000000000000000e+02 2.625303999999999971e-01 1.108433600862111616e-03
1.630000000000000000e+02 2.621373000000000175e-01 1.117863200869445833e-03
1.640000000000000000e+02 2.616302999999999823e-01 1.128019200877344776e-03
1.650000000000000000e+02 2.614975999999999967e-01 1.134985600882763065e-03
1.660000000000000000e+02 2.614956999999999976e-01 1.139886400886574915e-03
1.670000000000000000e+02 2.613688000000000122e-01 1.146281600891548838e-03
1.680000000000000000e+02 2.609686999999999979e-01 1.155835200898979549e-03
1.690000000000000000e+02 2.604733000000000187e-01 1.165988800906876590e-03
1.700000000000000000e+02 2.603345000000000242e-01 1.172980000912314177e-03
1.710000000000000000e+02 2.603142999999999985e-01 1.178018400916233015e-03
1.720000000000000000e+02 2.601672999999999902e-01 1.184613600921362525e-03
1.730000000000000000e+02 2.597604000000000024e-01 1.194293600928891417e-03
1.740000000000000000e+02 2.592755999999999950e-01 1.204449600936790578e-03
1.750000000000000000e+02 2.591300999999999743e-01 1.211475200942254858e-03
1.760000000000000000e+02 2.590916999999999804e-01 1.216663200946289979e-03
1.770000000000000000e+02 2.589251000000000191e-01 1.223467200951581981e-03
1.780000000000000000e+02 2.585118000000000138e-01 1.233276000959210956e-03
1.790000000000000000e+02 2.580365000000000020e-01 1.243440000967116314e-03
1.800000000000000000e+02 2.578838999999999992e-01 1.250509600972614680e-03
1.810000000000000000e+02 2.578271999999999786e-01 1.255860000976776088e-03
1.820000000000000000e+02 2.576416000000000261e-01 1.262880000982236290e-03
1.830000000000000000e+02 2.572220000000000062e-01 1.272820000989967251e-03
1.840000000000000000e+02 2.567553000000000196e-01 1.282996800997882611e-03
1.850000000000000000e+02 2.565950000000000175e-01 1.290122401003424577e-03
1.860000000000000000e+02 2.565201999999999760e-01 1.295645601007720370e-03
1.870000000000000000e+02 2.563156999999999797e-01 1.302889601013354753e-03
1.880000000000000000e+02 2.558902000000000121e-01 1.312964801021190798e-03
1.890000000000000000e+02 2.554310000000000191e-01 1.323160001029120457e-03
1.900000000000000000e+02 2.552627000000000090e-01 1.330352001034714121e-03
1.910000000000000000e+02 2.551695999999999964e-01 1.336062401039155500e-03
1.920000000000000000e+02 2.549467999999999734e-01 1.343537601044969554e-03
1.930000000000000000e+02 2.545154000000000027e-01 1.353750401052912803e-03
1.940000000000000000e+02 2.540629999999999833e-01 1.363972001060862957e-03
1.950000000000000000e+02 2.538860000000000006e-01 1.371242401066517617e-03
1.960000000000000000e+02 2.537746000000000168e-01 1.377152001071113878e-03
1.970000000000000000e+02 2.535337999999999758e-01 1.384867201077114723e-03
1.980000000000000000e+02 2.530968000000000107e-01 1.395222401085168765e-03
1.990000000000000000e+02 2.526500999999999886e-01 1.405476801093144415e-03
2.000000000000000000e+02 2.524640000000000217e-01 1.412838401098870074e-03
2.010000000000000000e+02 2.523343000000000114e-01 1.418960001103631218e-03
2.020000000000000000e+02 2.520759000000000194e-01 1.426924001109825544e-03
2.030000000000000000e+02 2.516333000000000042e-01 1.437426401117993966e-03
2.040000000000000000e+02 2.511915000000000120e-01 1.447722401126002017e-03
2.050000000000000000e+02 2.509957999999999911e-01 1.455189601131809873e-03
2.060000000000000000e+02 2.508478000000000097e-01 1.461538401136747590e-03
2.070000000000000000e+02 2.505719000000000141e-01 1.469760801143142788e-03
2.080000000000000000e+02 2.501239000000000101e-01 1.480416001151430103e-03
2.090000000000000000e+02 2.496860999999999942e-01 1.490762401159477458e-03
2.100000000000000000e+02 2.494803999999999911e-01 1.498349601165378277e-03
2.110000000000000000e+02 2.493139000000000050e-01 1.504940801170504905e-03
2.120000000000000000e+02 2.490208999999999895e-01 1.513429601177107174e-03
2.130000000000000000e+02 2.485674999999999968e-01 1.524242401185517187e-03
2.140000000000000000e+02 2.481327999999999867e-01 1.534648801193611023e-03
2.150000000000000000e+02 2.479164000000000090e-01 1.542370401199616653e-03
2.160000000000000000e+02 2.477313999999999905e-01 1.549216801204941546e-03
2.170000000000000000e+02 2.474214999999999887e-01 1.557980001211757299e-03
2.180000000000000000e+02 2.469626000000000043e-01 1.568955201220293815e-03
2.190000000000000000e+02 2.465302000000000049e-01 1.579431201228441743e-03
2.200000000000000000e+02 2.463027000000000133e-01 1.587301601234563167e-03
2.210000000000000000e+02 2.460989000000000093e-01 1.594419201240098935e-03
2.220000000000000000e+02 2.457724000000000020e-01 1.603466401247135784e-03
2.230000000000000000e+02 2.453081000000000012e-01 1.614610401255803154e-03
2.240000000000000000e+02 2.448770999999999864e-01 1.625167201264013980e-03
2.250000000000000000e+02 2.446378999999999915e-01 1.633204801270265495e-03
2.260000000000000000e+02 2.444154000000000049e-01 1.640609601276024751e-03
2.270000000000000000e+02 2.440722999999999920e-01 1.649952801283291557e-03
2.280000000000000000e+02 2.436026000000000025e-01 1.661273601292096412e-03
2.290000000000000000e+02 2.431722000000000050e-01 1.671926401300382042e-03
2.300000000000000000e+02 2.429207999999999923e-01 1.680148801306777240e-03
2.310000000000000000e+02 2.426792999999999867e-01 1.687859201312774280e-03
2.320000000000000000e+02 2.423200000000000076e-01 1.697508801320279578e-03
2.330000000000000000e+02 2.418446999999999958e-01 1.709015201329228822e-03
2.340000000000000000e+02 2.414139999999999897e-01 1.719776001337598335e-03
2.350000000000000000e+02 2.411497999999999975e-01 1.728203201344152926e-03
2.360000000000000000e+02 2.408891999999999978e-01 1.736234401350399224e-03
2.370000000000000000e+02 2.405136999999999969e-01 1.746200801358150896e-03
2.380000000000000000e+02 2.400327999999999906e-01 1.757900001367250237e-03
2.390000000000000000e+02 2.396008000000000027e-01 1.768783201375714832e-03
2.400000000000000000e+02 2.393232000000000137e-01 1.777432001382441701e-03
2.410000000000000000e+02 2.390432999999999863e-01 1.785801601388951280e-03
2.420000000000000000e+02 2.386517999999999973e-01 1.796095201396957428e-03
2.430000000000000000e+02 2.381649000000000127e-01 1.807995201406213063e-03
2.440000000000000000e+02 2.377307999999999921e-01 1.819016001414784861e-03
2.450000000000000000e+02 2.374391999999999892e-01 1.827908001421700698e-03
2.460000000000000000e+02 2.371398000000000117e-01 1.836634401428487856e-03
2.470000000000000000e+02 2.367324000000000095e-01 1.847266401436757285e-03
2.480000000000000000e+02 2.362394999999999912e-01 1.859379201446178078e-03
2.490000000000000000e+02 2.358022999999999925e-01 1.870555201454870671e-03
2.500000000000000000e+02 2.354961999999999889e-01 1.879713601461993578e-03
2.510000000000000000e+02 2.351771000000000000e-01 1.888816801469074026e-03
2.520000000000000000e+02 2.347538000000000125e-01 1.899800801477617013e-03
2.530000000000000000e+02 2.342546000000000073e-01 1.912138401487212909e-03
2.540000000000000000e+02 2.338134000000000046e-01 1.923489601496041574e-03
2.550000000000000000e+02 2.334920000000000051e-01 1.932937601503390088e-03
2.560000000000000000e+02 2.331531000000000020e-01 1.942438401510779592e-03
2.570000000000000000e+02 2.327140000000000042e-01 1.953788001519606628e-03
2.580000000000000000e+02 2.322082000000000035e-01 1.966363201529387414e-03
2.590000000000000000e+02 2.317619999999999958e-01 1.977909601538368079e-03
2.600000000000000000e+02 2.314247000000000110e-01 1.987672801545961772e-03
2.610000000000000000e+02 2.310656000000000099e-01 1.997591201553676043e-03
2.620000000000000000e+02 2.306107000000000018e-01 2.009320001562798271e-03
2.630000000000000000e+02 2.300978999999999941e-01 2.022145601572773732e-03
2.640000000000000000e+02 2.296457000000000082e-01 2.033909601581923576e-03
2.650000000000000000e+02 2.292918999999999929e-01 2.044012801589781530e-03
2.660000000000000000e+02 2.289123000000000130e-01 2.054370401597837258e-03
2.670000000000000000e+02 2.284415999999999947e-01 2.066491201607264464e-03
2.680000000000000000e+02 2.279213999999999962e-01 2.079581601617446016e-03
2.690000000000000000e+02 2.274621000000000004e-01 2.091585601626782219e-03
2.700000000000000000e+02 2.270909999999999873e-01 2.102056801634926558e-03
2.710000000000000000e+02 2.266906999999999950e-01 2.112875201643341083e-03
2.720000000000000000e+02 2.262041999999999942e-01 2.125404801653086369e-03
2.730000000000000000e+02 2.256760999999999906e-01 2.138777601663487387e-03
2.740000000000000000e+02 2.252087000000000117e-01 2.151048801673031367e-03
2.750000000000000000e+02 2.248195000000000054e-01 2.161917601681484762e-03
2.760000000000000000e+02 2.243981999999999921e-01 2.173221601690276950e-03
2.770000000000000000e+02 2.238958000000000059e-01 2.186176801700352983e-03
2.780000000000000000e+02 2.233593000000000106e-01 2.199852001710989394e-03
2.790000000000000000e+02 2.228825999999999863e-01 2.212418401720763275e-03
2.800000000000000000e+02 2.224745999999999946e-01 2.223716801729550951e-03
2.810000000000000000e+02 2.220321000000000100e-01 2.235532001738740372e-03
2.820000000000000000e+02 2.215136000000000049e-01 2.248929601749160689e-03
2.830000000000000000e+02 2.209679999999999978e-01 2.262928001760048258e-03
2.840000000000000000e+02 2.204809000000000074e-01 2.275820801770075692e-03
2.850000000000000000e+02 2.200533000000000072e-01 2.287580801779222437e-03
2.860000000000000000e+02 2.195891000000000093e-01 2.299932001788828825e-03
2.870000000000000000e+02 2.190543000000000073e-01 2.313792001799608918e-03
2.880000000000000000e+02 2.184989999999999988e-01 2.328135201810764554e-03
2.890000000000000000e+02 2.180003000000000080e-01 2.341388001821072609e-03
2.900000000000000000e+02 2.175522000000000011e-01 2.353644001830604900e-03
2.910000000000000000e+02 2.170660000000000089e-01 2.366558401840649240e-03
2.920000000000000000e+02 2.165147000000000044e-01 2.380900801851804603e-03
2.930000000000000000e+02 2.159488999999999992e-01 2.395616001863249724e-03
2.940000000000000000e+02 2.154371999999999954e-01 2.409264001873864715e-03
2.950000000000000000e+02 2.149678999999999895e-01 2.422053601883812288e-03
2.960000000000000000e+02 2.144591999999999887e-01 2.435557601894315291e-03
2.970000000000000000e+02 2.138911000000000007e-01 2.450405601905863810e-03
2.980000000000000000e+02 2.133139000000000007e-01 2.465520001917618966e-03
2.990000000000000000e+02 2.127879000000000020e-01 2.479602401928572043e-03
3.000000000000000000e+02 2.122963999999999962e-01 2.492964001938964471e-03
3.010000000000000000e+02 2.117649000000000059e-01 2.507088801949950221e-03
3.020000000000000000e+02 2.111795999999999951e-01 2.522466401961910923e-03
3.030000000000000000e+02 2.105899999999999994e-01 2.538012001974001772e-03
3.040000000000000000e+02 2.100482999999999933e-01 2.552570401985324901e-03
3.050000000000000000e+02 2.095336999999999894e-01 2.566544801996193878e-03
3.060000000000000000e+02 2.089788999999999952e-01 2.581322402007687599e-03
3.070000000000000000e+02 2.083759000000000028e-01 2.597255202020079621e-03
3.080000000000000000e+02 2.077729000000000104e-01 2.613267202032532911e-03
3.090000000000000000e+02 2.072140000000000093e-01 2.628347202044262025e-03
3.100000000000000000e+02 2.066752000000000034e-01 2.642976802055640225e-03
3.110000000000000000e+02 2.060966999999999938e-01 2.658439202067666707e-03
3.120000000000000000e+02 2.054754000000000025e-01 2.674956802080514021e-03
3.130000000000000000e+02 2.048577000000000037e-01 2.691473602093360194e-03
3.140000000000000000e+02 2.042800999999999922e-01 2.707124002105532751e-03
3.150000000000000000e+02 2.037161999999999862e-01 2.722456002117457519e-03
3.160000000000000000e+02 2.031132999999999966e-01 2.738637602130043237e-03
3.170000000000000000e+02 2.024730999999999892e-01 2.755772002143369766e-03
3.180000000000000000e+02 2.018392999999999993e-01 2.772837602156643343e-03
3.190000000000000000e+02 2.012413999999999870e-01 2.789111202169300332e-03
3.200000000000000000e+02 2.006513000000000047e-01 2.805192802181807714e-03
3.210000000000000000e+02 2.000233999999999901e-01 2.822129602194981424e-03
3.220000000000000000e+02 1.993634999999999990e-01 2.839917602208816196e-03
3.230000000000000000e+02 1.987122000000000055e-01 2.857577602222551375e-03
3.240000000000000000e+02 1.980921999999999961e-01 2.874531202235737753e-03
3.250000000000000000e+02 1.974748000000000059e-01 2.891411202248866507e-03
3.260000000000000000e+02 1.968212000000000017e-01 2.909143202262657896e-03
3.270000000000000000e+02 1.961404999999999954e-01 2.927623202277031354e-03
3.280000000000000000e+02 1.954701000000000077e-01 2.945930402291270424e-03
3.290000000000000000e+02 1.948263000000000078e-01 2.963624002305032239e-03
3.300000000000000000e+02 1.941804000000000030e-01 2.981355202318822922e-03
3.310000000000000000e+02 1.935002999999999862e-01 2.999924002333264825e-03
3.320000000000000000e+02 1.927977999999999914e-01 3.019138402348209640e-03
3.330000000000000000e+02 1.921064000000000105e-01 3.038150402362996532e-03
3.340000000000000000e+02 1.914367999999999903e-01 3.056647202377382657e-03
3.350000000000000000e+02 1.907611999999999919e-01 3.075284002391878106e-03
3.360000000000000000e+02 1.900535999999999892e-01 3.094732002407004495e-03
3.370000000000000000e+02 1.893278999999999934e-01 3.114728802422556987e-03
3.380000000000000000e+02 1.886135999999999924e-01 3.134508002437941167e-03
3.390000000000000000e+02 1.879164000000000112e-01 3.153876802453005421e-03
3.400000000000000000e+02 1.872097000000000067e-01 3.173476802468249997e-03
3.410000000000000000e+02 1.864735999999999894e-01 3.193851202484096919e-03
3.420000000000000000e+02 1.857232000000000049e-01 3.214684802500300791e-03
3.430000000000000000e+02 1.849838000000000038e-01 3.235300002516334344e-03
3.440000000000000000e+02 1.842566999999999955e-01 3.255611202532131959e-03
3.450000000000000000e+02 1.835175000000000001e-01 3.276232802548171164e-03
3.460000000000000000e+02 1.827515999999999863e-01 3.297584802564778195e-03
3.470000000000000000e+02 1.819747999999999921e-01 3.319313602581678516e-03
3.480000000000000000e+02 1.812079000000000051e-01 3.340838402598419500e-03
3.490000000000000000e+02 1.804487999999999925e-01 3.362168802615009625e-03
3.500000000000000000e+02 1.796756999999999938e-01 3.383873602631891787e-03
3.510000000000000000e+02 1.788784999999999958e-01 3.406257602649300897e-03
3.520000000000000000e+02 1.780731999999999871e-01 3.428947202666948659e-03
3.530000000000000000e+02 1.772761999999999949e-01 3.451461602684459916e-03
3.540000000000000000e+02 1.764827999999999952e-01 3.473888002701902566e-03
3.550000000000000000e+02 1.756738999999999939e-01 3.496740002719675965e-03
3.560000000000000000e+02 1.748437999999999937e-01 3.520213602737933250e-03
3.570000000000000000e+02 1.740076000000000123e-01 3.543934402756382818e-03
3.580000000000000000e+02 1.731777999999999929e-01 3.567521602774728282e-03
3.590000000000000000e+02 1.723475999999999897e-01 3.591123202793084727e-03
3.600000000000000000e+02 1.715010999999999897e-01 3.615186402811800676e-03
3.610000000000000000e+02 1.706360000000000099e-01 3.639812002830953869e-03
3.620000000000000000e+02 1.697663000000000089e-01 3.664638402850263141e-03
3.630000000000000000e+02 1.689005000000000090e-01 3.689386402869511850e-03
3.640000000000000000e+02 1.680309000000000108e-01 3.714244002888845205e-03
3.650000000000000000e+02 1.671446000000000043e-01 3.739582402908552417e-03
3.660000000000000000e+02 1.662423000000000095e-01 3.765424802928652240e-03
3.670000000000000000e+02 1.653359000000000079e-01 3.791439202948885309e-03
3.680000000000000000e+02 1.644308999999999910e-01 3.817437602969106416e-03
3.690000000000000000e+02 1.635189999999999977e-01 3.843630402989478383e-03
3.700000000000000000e+02 1.625906000000000018e-01 3.870311203010230131e-03
3.710000000000000000e+02 1.616481999999999919e-01 3.897439203031329968e-03
3.720000000000000000e+02 1.607018000000000058e-01 3.924726403052553048e-03
3.730000000000000000e+02 1.597540000000000071e-01 3.952064803073815705e-03
3.740000000000000000e+02 1.587967000000000128e-01 3.979670403095287440e-03
3.750000000000000000e+02 1.578232999999999997e-01 4.007757603117132437e-03
3.760000000000000000e+02 1.568375999999999937e-01 4.036240803139285946e-03
3.770000000000000000e+02 1.558472999999999942e-01 4.064884803161564544e-03
3.780000000000000000e+02 1.548527000000000098e-01 4.093651203183938658e-03
3.790000000000000000e+02 1.538467000000000029e-01 4.122739203206562085e-03
3.800000000000000000e+02 1.528250999999999915e-01 4.152292003229547841e-03
3.810000000000000000e+02 1.517922999999999911e-01 4.182200003252809981e-03
3.820000000000000000e+02 1.507537999999999934e-01 4.212282403276207052e-03
3.830000000000000000e+02 1.497081000000000106e-01 4.242552003299750359e-03
3.840000000000000000e+02 1.486495999999999928e-01 4.273183203323573966e-03
3.850000000000000000e+02 1.475760000000000127e-01 4.304252003347738484e-03
3.860000000000000000e+02 1.464917000000000025e-01 4.335642403372153182e-03
3.870000000000000000e+02 1.454000000000000015e-01 4.367230403396721132e-03
3.880000000000000000e+02 1.442985999999999991e-01 4.399062403421479840e-03
3.890000000000000000e+02 1.431832000000000105e-01 4.431274403446532929e-03
3.900000000000000000e+02 1.420531999999999906e-01 4.463892803471903280e-03
3.910000000000000000e+02 1.409121999999999875e-01 4.496807203497502937e-03
3.920000000000000000e+02 1.397617999999999916e-01 4.529944803523276720e-03
3.930000000000000000e+02 1.385994999999999866e-01 4.563368003549272793e-03
3.940000000000000000e+02 1.374222999999999972e-01 4.597169603575562702e-03
3.950000000000000000e+02 1.362305000000000044e-01 4.631340003602138836e-03
3.960000000000000000e+02 1.350270000000000081e-01 4.665788003628931931e-03
3.970000000000000000e+02 1.338119000000000114e-01 4.700479203655913776e-03
3.980000000000000000e+02 1.325828000000000007e-01 4.735474403683131994e-03
3.990000000000000000e+02 1.313380000000000103e-01 4.770828003710629421e-03
4.000000000000000000e+02 1.300783000000000078e-01 4.806504803738377574e-03
4.010000000000000000e+02 1.288053999999999866e-01 4.842437603766325781e-03
4.020000000000000000e+02 1.275186000000000097e-01 4.878618403794466110e-03
4.030000000000000000e+02 1.262160999999999977e-01 4.915092803822834928e-03
4.040000000000000000e+02 1.248969000000000051e-01 4.951878403851446044e-03
4.050000000000000000e+02 1.235619000000000023e-01 4.988931203880264502e-03
4.060000000000000000e+02 1.222117999999999954e-01 5.026204803909255399e-03
4.070000000000000000e+02 1.208455999999999975e-01 5.063700803938418413e-03
4.080000000000000000e+02 1.194618000000000069e-01 5.101441603967772458e-03
4.090000000000000000e+02 1.180602000000000040e-01 5.139416003997307643e-03
4.100000000000000000e+02 1.166413000000000033e-01 5.177576804026987924e-03
4.110000000000000000e+02 1.152051000000000047e-01 5.215890404056787964e-03
4.120000000000000000e+02 1.137502999999999986e-01 5.254352004086701791e-03
4.130000000000000000e+02 1.122762000000000066e-01 5.292956804116728635e-03
4.140000000000000000e+02 1.107826999999999978e-01 5.331669604146838277e-03
4.150000000000000000e+02 1.092698000000000003e-01 5.370440804176992988e-03
4.160000000000000000e+02 1.077368999999999966e-01 5.409236004207167159e-03
4.170000000000000000e+02 1.061832000000000054e-01 5.448029604237339917e-03
4.180000000000000000e+02 1.046080000000000065e-01 5.486786404267483645e-03
4.190000000000000000e+02 1.030110999999999943e-01 5.525448004297554144e-03
4.200000000000000000e+02 1.013923000000000046e-01 5.563954404327503198e-03
4.210000000000000000e+02 9.975066000000000488e-02 5.602250404357288563e-03
4.220000000000000000e+02 9.808550000000000602e-02 5.640277604386866039e-03
4.230000000000000000e+02 9.639628000000000085e-02 5.677960804416174422e-03
4.240000000000000000e+02 9.468256999999999368e-02 5.715212004445148139e-03
4.250000000000000000e+02 9.294373000000000218e-02 5.751937604473711906e-03
4.260000000000000000e+02 9.117896000000000334e-02 5.788037604501789987e-03
4.270000000000000000e+02 8.938751000000000335e-02 5.823397604529291331e-03
4.280000000000000000e+02 8.756877999999999884e-02 5.857884004556114001e-03
4.290000000000000000e+02 8.572206000000000270e-02 5.891348004582141334e-03
4.300000000000000000e+02 8.384655000000000580e-02 5.923622404607244325e-03
4.310000000000000000e+02 8.194139999999999757e-02 5.954523204631277829e-03
4.320000000000000000e+02 8.000578999999999330e-02 5.983838404654077611e-03
4.330000000000000000e+02 7.803891999999999773e-02 6.011333604675463127e-03
4.340000000000000000e+02 7.603988000000000413e-02 6.036750404695231768e-03
4.350000000000000000e+02 7.400772999999999380e-02 6.059812804713168854e-03
4.360000000000000000e+02 7.194153000000000353e-02 6.080227204729046764e-03
4.370000000000000000e+02 6.984029999999999405e-02 6.097692804742631083e-03
4.380000000000000000e+02 6.770304000000000599e-02 6.111918404753695876e-03
4.390000000000000000e+02 6.552869000000000055e-02 6.122636004762031792e-03
4.400000000000000000e+02 6.331618999999999442e-02 6.129618404767462475e-03
4.410000000000000000e+02 6.106442000000000120e-02 6.132688804769850441e-03
4.420000000000000000e+02 5.877224000000000337e-02 6.131709604769088919e-03
4.430000000000000000e+02 5.643843999999999944e-02 6.126542404765069998e-03
4.440000000000000000e+02 5.406169000000000252e-02 6.116936004757597863e-03
4.450000000000000000e+02 5.164049999999999890e-02 6.102330404746238689e-03
4.460000000000000000e+02 4.917309000000000263e-02 6.081533604730063845e-03
4.470000000000000000e+02 4.665720999999999757e-02 6.052251204707288258e-03
4.480000000000000000e+02 4.408991000000000299e-02 6.010454404674779941e-03
4.490000000000000000e+02 4.146729999999999861e-02 5.949648004627485116e-03
4.500000000000000000e+02 3.878431000000000239e-02 5.860165604557888638e-03
4.510000000000000000e+02 3.603482999999999686e-02 5.728754404455680717e-03
4.520000000000000000e+02 3.321237999999999968e-02 5.538892804308010939e-03
4.530000000000000000e+02 3.031197000000000058e-02 5.272396804100736890e-03
4.540000000000000000e+02 2.733342000000000063e-02 4.912820803821067901e-03
4.550000000000000000e+02 2.428639999999999965e-02 4.450720003461658067e-03
4.560000000000000000e+02 2.119630999999999946e-02 3.889879203025449483e-03
4.570000000000000000e+02 1.810929999999999832e-02 3.252266402529530726e-03
4.580000000000000000e+02 1.509331000000000041e-02 2.578609602005577702e-03
4.590000000000000000e+02 1.223263999999999949e-02 1.922184001495026067e-03
4.600000000000000000e+02 9.615415999999999894e-03 1.336356801039384479e-03
4.610000000000000000e+02 7.317124999999999845e-03 8.603936006691924321e-04
4.620000000000000000e+02 5.385754000000000409e-03 5.100320003966899492e-04
4.630000000000000000e+02 3.834174999999999996e-03 2.771513602155613212e-04
4.640000000000000000e+02 2.641834000000000023e-03 1.376480801070592043e-04
4.650000000000000000e+02 1.763744000000000032e-03 6.237948804851718850e-05
4.660000000000000000e+02 1.142470000000000031e-03 2.578114402005192267e-05
4.670000000000000000e+02 7.189861999999999772e-04 9.720832007560617141e-06
4.680000000000000000e+02 4.401416999999999808e-04 3.347144802603324835e-06
4.690000000000000000e+02 2.623600999999999820e-04 1.053958400819742249e-06
4.700000000000000000e+02 1.523948000000000067e-04 3.039866402364330993e-07
4.710000000000000000e+02 8.630712999999999439e-05 8.044528006256831206e-08
4.720000000000000000e+02 4.767416000000000232e-05 1.956454401521680832e-08
4.730000000000000000e+02 2.569045000000000066e-05 4.379327203406130360e-09
4.740000000000000000e+02 1.350703000000000000e-05 9.033744007026218022e-10
4.750000000000000000e+02 6.928874999999999792e-06 1.719080001337056937e-10
4.760000000000000000e+02 3.467975999999999845e-06 3.020056802348924235e-11
4.770000000000000000e+02 1.693489000000000084e-06 4.900260803811298509e-12
4.780000000000000000e+02 8.067823000000000073e-07 7.344606405712449216e-13
4.790000000000000000e+02 3.749458000000000169e-07 1.016684000790751094e-13
4.800000000000000000e+02 1.699757000000000098e-07 1.299130401010430829e-14
4.810000000000000000e+02 7.515848999999999447e-08 1.531099201190850338e-15
4.820000000000000000e+02 3.241219000000000034e-08 1.662334401292921707e-16
4.830000000000000000e+02 1.363150000000000034e-08 1.660020001291121756e-17
4.840000000000000000e+02 5.590499000000000177e-09 1.521681601183525520e-18
4.850000000000000000e+02 2.235604999999999954e-09 1.277276800993433700e-19
4.860000000000000000e+02 8.716540000000000177e-10 9.788256007613058504e-21
4.870000000000000000e+02 3.313327000000000153e-10 6.823828805307401163e-22
4.880000000000000000e+02 1.227786000000000076e-10 4.309068803351484859e-23
4.890000000000000000e+02 4.434919999999999767e-11 2.452008001907109604e-24
4.900000000000000000e+02 1.561423999999999992e-11 1.249464800971802185e-25
4.910000000000000000e+02 5.357897999999999674e-12 5.658136004400754738e-27
4.920000000000000000e+02 1.791730000000000081e-12 2.255669601754402750e-28
4.930000000000000000e+02 5.838767000000000459e-13 7.823296806084762138e-30
4.940000000000000000e+02 1.853980000000000043e-13 2.324970401808303325e-31
4.950000000000000000e+02 5.735726999999999416e-14 5.802707204513199086e-33
4.960000000000000000e+02 1.728760000000000110e-14 1.183069600920161596e-34
4.970000000000000000e+02 5.075837999999999630e-15 1.892481601471924635e-36
4.980000000000000000e+02 1.451758999999999931e-15 2.227717601732662628e-38
4.990000000000000000e+02 4.048106999999999872e-16 1.716041601334693736e-40
5.000000000000000000e+02 1.115563999999999898e-16 6.490409605048076930e-43
5.010000000000000000e+02 3.642809999999999801e-17 0.000000000000000000e+00
