1.000000000000000000e+00 6.417597000000000440e-01 6.459685394814723216e-06
2.000000000000000000e+00 6.438129000000000213e-01 6.192618725606194230e-06
3.000000000000000000e+00 6.493584000000000023e-01 6.117461391557535407e-06
4.000000000000000000e+00 6.435866999999999560e-01 6.980888066442043688e-06
5.000000000000000000e+00 6.416081999999999619e-01 7.986221409343844478e-06
6.000000000000000000e+00 6.417637000000000480e-01 8.572234748254680900e-06
7.000000000000000000e+00 6.438559999999999839e-01 8.728320083073588573e-06
8.000000000000000000e+00 6.489688000000000123e-01 9.072429419682052787e-06
9.000000000000000000e+00 6.434710999999999625e-01 1.063412010121243452e-05
1.000000000000000000e+01 6.416056999999999455e-01 1.227923745020351089e-05
1.100000000000000000e+01 6.417834999999999512e-01 1.318980545887003202e-05
1.200000000000000000e+01 6.438378000000000156e-01 1.337028546058778571e-05
1.300000000000000000e+01 6.487268000000000479e-01 1.376018679763208590e-05
1.400000000000000000e+01 6.433847000000000316e-01 1.585952815094633252e-05
1.500000000000000000e+01 6.415883999999999476e-01 1.799794683796584080e-05
1.600000000000000000e+01 6.417832999999999455e-01 1.901984818102533196e-05
1.700000000000000000e+01 6.438089000000000173e-01 1.897051218055576587e-05
1.800000000000000000e+01 6.485330000000000261e-01 1.918576818260450895e-05
1.900000000000000000e+01 6.433037999999999812e-01 2.169100553978195732e-05
2.000000000000000000e+01 6.415549000000000390e-01 2.421004289709074639e-05
2.100000000000000000e+01 6.417616000000000431e-01 2.522963224012823388e-05
2.200000000000000000e+01 6.437625999999999626e-01 2.484648023648150766e-05
2.300000000000000000e+01 6.483546000000000031e-01 2.480605356943006996e-05
2.400000000000000000e+01 6.432155999999999985e-01 2.765442692987338800e-05
2.500000000000000000e+01 6.415024999999999755e-01 3.050160029030527862e-05
2.600000000000000000e+01 6.417186000000000279e-01 3.148066696629041436e-05
2.700000000000000000e+01 6.436975999999999809e-01 3.074298695926939550e-05
2.800000000000000000e+01 6.481782000000000377e-01 3.043602695634783367e-05
2.900000000000000000e+01 6.431147999999999865e-01 3.360688031986042065e-05
3.000000000000000000e+01 6.414307999999999677e-01 3.676333368323595662e-05
3.100000000000000000e+01 6.416547000000000223e-01 3.769485369210188861e-05
3.200000000000000000e+01 6.436136999999999553e-01 3.660917368176870254e-05
3.300000000000000000e+01 6.479977000000000098e-01 3.604544034306992088e-05
3.400000000000000000e+01 6.429994999999999461e-01 3.953309370959771484e-05
3.500000000000000000e+01 6.413402999999999743e-01 4.299149374251374784e-05
3.600000000000000000e+01 6.415710999999999498e-01 4.387621375093426150e-05
3.700000000000000000e+01 6.435113999999999557e-01 4.245296040405481308e-05
3.800000000000000000e+01 6.478099000000000496e-01 4.164397372968845444e-05
3.900000000000000000e+01 6.428692999999999769e-01 4.544608043254245376e-05
4.000000000000000000e+01 6.412318000000000184e-01 4.920186713495559486e-05
4.100000000000000000e+01 6.414687000000000028e-01 5.004096047627517576e-05
4.200000000000000000e+01 6.433913999999999467e-01 4.828880045959863134e-05
4.300000000000000000e+01 6.476129000000000469e-01 4.724373378298532338e-05
4.400000000000000000e+01 6.427237999999999563e-01 5.135821382214573815e-05
4.500000000000000000e+01 6.411054000000000475e-01 5.540717386068255099e-05
4.600000000000000000e+01 6.413476000000000177e-01 5.620117386823960905e-05
4.700000000000000000e+01 6.432533999999999752e-01 5.412669384849532476e-05
4.800000000000000000e+01 6.474052999999999614e-01 5.285264050303591879e-05
4.900000000000000000e+01 6.425627000000000422e-01 5.727725387848142327e-05
5.000000000000000000e+01 6.409612999999999561e-01 6.161552058643843081e-05
5.100000000000000000e+01 6.412082999999999533e-01 6.236445392689989433e-05
5.200000000000000000e+01 6.430979999999999475e-01 5.997296057080503433e-05
5.300000000000000000e+01 6.471860999999999864e-01 5.847554722321975947e-05
5.400000000000000000e+01 6.423860000000000126e-01 6.320805393492904146e-05
5.500000000000000000e+01 6.408000000000000362e-01 6.783197397893815910e-05
5.600000000000000000e+01 6.410512000000000432e-01 6.853560065230173445e-05
5.700000000000000000e+01 6.429253000000000329e-01 6.583146729323125065e-05
5.800000000000000000e+01 6.469544999999999879e-01 6.411536061023117509e-05
5.900000000000000000e+01 6.421934999999999727e-01 6.915349399151598055e-05
6.000000000000000000e+01 6.406214000000000075e-01 7.405965403821138343e-05
6.100000000000000000e+01 6.408760999999999486e-01 7.471770737780788259e-05
6.200000000000000000e+01 6.427349999999999453e-01 7.170469401579756597e-05
6.300000000000000000e+01 6.467098000000000013e-01 6.977389399742076753e-05
6.400000000000000000e+01 6.419848000000000221e-01 7.511557404826132013e-05
6.500000000000000000e+01 6.404254000000000335e-01 8.030098743094789368e-05
6.600000000000000000e+01 6.406832000000000082e-01 8.091330743677577404e-05
6.700000000000000000e+01 6.425275999999999765e-01 7.759493407185914229e-05
6.800000000000000000e+01 6.464516999999999625e-01 7.545298738480606018e-05
6.900000000000000000e+01 6.417602999999999502e-01 8.109637410518481619e-05
7.000000000000000000e+01 6.402122999999999564e-01 8.655845415717129568e-05
7.100000000000000000e+01 6.404727999999999533e-01 8.712490749589596321e-05
7.200000000000000000e+01 6.423031000000000157e-01 8.350424079476885476e-05
7.300000000000000000e+01 6.461797000000000235e-01 8.115426743906915688e-05
7.400000000000000000e+01 6.415195000000000203e-01 8.709768082897016944e-05
7.500000000000000000e+01 6.399820999999999982e-01 9.283402755023370003e-05
7.600000000000000000e+01 6.402446999999999999e-01 9.335453422185439019e-05
7.700000000000000000e+01 6.420612999999999460e-01 8.943434751787653395e-05
7.800000000000000000e+01 6.458933000000000035e-01 8.687917416022381933e-05
7.900000000000000000e+01 6.412624000000000102e-01 9.312112088629949727e-05
8.000000000000000000e+01 6.397344000000000364e-01 9.912973427682104683e-05
8.100000000000000000e+01 6.399989000000000372e-01 9.960440094800544568e-05
8.200000000000000000e+01 6.418021999999999894e-01 9.538733424120197652e-05
8.300000000000000000e+01 6.455923999999999552e-01 9.262960088162135294e-05
8.400000000000000000e+01 6.409888999999999726e-01 9.916893427719415254e-05
8.500000000000000000e+01 6.394697000000000298e-01 1.054481876702915766e-04
8.600000000000000000e+01 6.397357000000000182e-01 1.058772010077081211e-04
8.700000000000000000e+01 6.415262000000000464e-01 1.013656809647687883e-04
8.800000000000000000e+01 6.452767000000000364e-01 9.840770760328234603e-05
8.900000000000000000e+01 6.406988000000000127e-01 1.052433343350084853e-04
9.000000000000000000e+01 6.391875999999999669e-01 1.117918410640019193e-04
9.100000000000000000e+01 6.394547000000000425e-01 1.121754144009860088e-04
9.200000000000000000e+01 6.412326999999999888e-01 1.073715210219306225e-04
9.300000000000000000e+01 6.449456999999999551e-01 1.042154143252250526e-04
9.400000000000000000e+01 6.403921000000000197e-01 1.113466143930977184e-04
9.500000000000000000e+01 6.388880999999999588e-01 1.181633344579772642e-04
9.600000000000000000e+01 6.391559999999999464e-01 1.185018411278657456e-04
9.700000000000000000e+01 6.409219000000000444e-01 1.134076010793802594e-04
9.800000000000000000e+01 6.445992999999999862e-01 1.100553877141415563e-04
9.900000000000000000e+01 6.400685999999999876e-01 1.174816544514892399e-04
1.000000000000000000e+02 6.385712999999999528e-01 1.245659211855818730e-04
1.010000000000000000e+02 6.388397000000000103e-01 1.248597345217116340e-04
1.020000000000000000e+02 6.405939000000000494e-01 1.194768544704789706e-04
1.030000000000000000e+02 6.442373000000000127e-01 1.159302144367230946e-04
1.040000000000000000e+02 6.397281999999999691e-01 1.236512278435427650e-04
1.050000000000000000e+02 6.382368999999999959e-01 1.310025079135100688e-04
1.060000000000000000e+02 6.385054000000000007e-01 1.312520545825518535e-04
1.070000000000000000e+02 6.402482000000000451e-01 1.255821078619203009e-04
1.080000000000000000e+02 6.438591999999999649e-01 1.218427211596632531e-04
1.090000000000000000e+02 6.393704999999999528e-01 1.298585612359556612e-04
1.100000000000000000e+02 6.378846999999999712e-01 1.374769079751315330e-04
1.110000000000000000e+02 6.381533000000000344e-01 1.376829346437590895e-04
1.120000000000000000e+02 6.398852000000000428e-01 1.317274412537431196e-04
1.130000000000000000e+02 6.434651999999999594e-01 1.277969078830001231e-04
1.140000000000000000e+02 6.389958999999999500e-01 1.361080546287698426e-04
1.150000000000000000e+02 6.375150000000000539e-01 1.439938147038242078e-04
1.160000000000000000e+02 6.377834000000000003e-01 1.441569347053767310e-04
1.170000000000000000e+02 6.395045999999999786e-01 1.379170146459869932e-04
1.180000000000000000e+02 6.430548999999999848e-01 1.337965612734364103e-04
1.190000000000000000e+02 6.386039000000000021e-01 1.424035213553549229e-04
1.200000000000000000e+02 6.371274000000000104e-01 1.505571214329584986e-04
1.210000000000000000e+02 6.373952999999999980e-01 1.506779747674420777e-04
1.220000000000000000e+02 6.391061000000000103e-01 1.441544280386862172e-04
1.230000000000000000e+02 6.426279000000000297e-01 1.398451479976717217e-04
1.240000000000000000e+02 6.381942999999999921e-01 1.487487480824135943e-04
1.250000000000000000e+02 6.367218000000000044e-01 1.571710681625747633e-04
1.260000000000000000e+02 6.369888999999999690e-01 1.572503481633293304e-04
1.270000000000000000e+02 6.386897000000000268e-01 1.504439214318810684e-04
1.280000000000000000e+02 6.421841000000000355e-01 1.459468547224126533e-04
1.290000000000000000e+02 6.377671000000000312e-01 1.551483214766561671e-04
1.300000000000000000e+02 6.362980000000000302e-01 1.638405882260532919e-04
1.310000000000000000e+02 6.365642000000000245e-01 1.638790415597525952e-04
1.320000000000000000e+02 6.382552999999999699e-01 1.567901881589496517e-04
1.330000000000000000e+02 6.417232000000000491e-01 1.521061347810348811e-04
1.340000000000000000e+02 6.373218999999999967e-01 1.616068548714599546e-04
1.350000000000000000e+02 6.358557999999999710e-01 1.705705349567736100e-04
1.360000000000000000e+02 6.361208999999999891e-01 1.705689882900922165e-04
1.370000000000000000e+02 6.378025999999999973e-01 1.631980282199375952e-04
1.380000000000000000e+02 6.412449000000000066e-01 1.583278148402510091e-04
1.390000000000000000e+02 6.368586000000000524e-01 1.681296816002089613e-04
1.400000000000000000e+02 6.353950999999999905e-01 1.773666950214574961e-04
1.410000000000000000e+02 6.356587999999999683e-01 1.773261083544045260e-04
1.420000000000000000e+02 6.373315000000000508e-01 1.696730949482320430e-04
1.430000000000000000e+02 6.407490999999999604e-01 1.646173615667797304e-04
1.440000000000000000e+02 6.363769999999999705e-01 1.747226149962918871e-04
1.450000000000000000e+02 6.349156999999999718e-01 1.842352550868304160e-04
1.460000000000000000e+02 6.351780999999999677e-01 1.841565350860811735e-04
1.470000000000000000e+02 6.368420000000000192e-01 1.762213083438893540e-04
1.480000000000000000e+02 6.402354999999999574e-01 1.709804282940081889e-04
1.490000000000000000e+02 6.358770000000000255e-01 1.813914683930974321e-04
1.500000000000000000e+02 6.344174000000000202e-01 1.911821884862826258e-04
1.510000000000000000e+02 6.346781000000000228e-01 1.910661884851785723e-04
1.520000000000000000e+02 6.363334000000000490e-01 1.828481084069612998e-04
1.530000000000000000e+02 6.397036000000000389e-01 1.774223483553204975e-04
1.540000000000000000e+02 6.353579000000000310e-01 1.881419484573465019e-04
1.550000000000000000e+02 6.338998000000000133e-01 1.982137352198734884e-04
1.560000000000000000e+02 6.341586000000000167e-01 1.980614952184245087e-04
1.570000000000000000e+02 6.358057999999999765e-01 1.895600551375103016e-04
1.580000000000000000e+02 6.391533999999999827e-01 1.839497617507798418e-04
1.590000000000000000e+02 6.348200000000000509e-01 1.949812818557746094e-04
1.600000000000000000e+02 6.333628999999999509e-01 2.053374952876753097e-04
1.610000000000000000e+02 6.336197000000000079e-01 2.051501086192251857e-04
1.620000000000000000e+02 6.352588999999999597e-01 1.963643485356048968e-04
1.630000000000000000e+02 6.385844999999999994e-01 1.905694951471178578e-04
1.640000000000000000e+02 6.342628000000000155e-01 2.019165352551156574e-04
1.650000000000000000e+02 6.328063000000000438e-01 2.125608286897582373e-04
1.660000000000000000e+02 6.330609999999999848e-01 2.123392286876491137e-04
1.670000000000000000e+02 6.346924000000000454e-01 2.032677886013098270e-04
1.680000000000000000e+02 6.379964000000000190e-01 1.972881618777308098e-04
1.690000000000000000e+02 6.336857999999999658e-01 2.089545086554343606e-04
1.700000000000000000e+02 6.322294999999999998e-01 2.198908554261899359e-04
1.710000000000000000e+02 6.324819999999999887e-01 2.196360554237648300e-04
1.720000000000000000e+02 6.341059000000000001e-01 2.102774153346920736e-04
1.730000000000000000e+02 6.373887000000000302e-01 2.041127219426849414e-04
1.740000000000000000e+02 6.330886999999999487e-01 2.161027220568022874e-04
1.750000000000000000e+02 6.316323999999999828e-01 2.273355488303796664e-04
1.760000000000000000e+02 6.318823999999999552e-01 2.270486421609823333e-04
1.770000000000000000e+02 6.334990999999999817e-01 2.174010420691593144e-04
1.780000000000000000e+02 6.367612999999999746e-01 2.110509353420541960e-04
1.790000000000000000e+02 6.324712999999999585e-01 2.233693621259640169e-04
1.800000000000000000e+02 6.310145999999999811e-01 2.349035489024097010e-04
1.810000000000000000e+02 6.312619999999999898e-01 2.345857622327184218e-04
1.820000000000000000e+02 6.328715999999999786e-01 2.246472821381268728e-04
1.830000000000000000e+02 6.361135999999999457e-01 2.181113354092529969e-04
1.840000000000000000e+02 6.318331999999999837e-01 2.307635221963394868e-04
1.850000000000000000e+02 6.303756999999999833e-01 2.426045356423721150e-04
1.860000000000000000e+02 6.306203999999999699e-01 2.422570956390652521e-04
1.870000000000000000e+02 6.322231999999999852e-01 2.320254155416831370e-04
1.880000000000000000e+02 6.354452000000000433e-01 2.253030688110351518e-04
1.890000000000000000e+02 6.311740000000000128e-01 2.382947489346861649e-04
1.900000000000000000e+02 6.297154000000000362e-01 2.504484023836943559e-04
1.910000000000000000e+02 6.299571999999999949e-01 2.500725890467841691e-04
1.920000000000000000e+02 6.315534000000000425e-01 2.395450956132532609e-04
1.930000000000000000e+02 6.347557000000000338e-01 2.326354688808227565e-04
1.940000000000000000e+02 6.304931999999999759e-01 2.459727490077631023e-04
1.950000000000000000e+02 6.290331000000000117e-01 2.584452024598055900e-04
1.960000000000000000e+02 6.292720000000000535e-01 2.580422157893034118e-04
1.970000000000000000e+02 6.308616999999999697e-01 2.472158956862616610e-04
1.980000000000000000e+02 6.340447000000000166e-01 2.401180022853726499e-04
1.990000000000000000e+02 6.297903000000000251e-01 2.538074157489978279e-04
2.000000000000000000e+02 6.283284000000000091e-01 2.666053092041377167e-04
2.010000000000000000e+02 6.285640999999999590e-01 2.661764292000557796e-04
2.020000000000000000e+02 6.301476000000000299e-01 2.550480024274720298e-04
2.030000000000000000e+02 6.333113999999999688e-01 2.477608290247815216e-04
2.040000000000000000e+02 6.290647999999999795e-01 2.618096824918277011e-04
2.050000000000000000e+02 6.276007999999999587e-01 2.749405359501366406e-04
2.060000000000000000e+02 6.278331999999999802e-01 2.744872026124885980e-04
2.070000000000000000e+02 6.294106000000000423e-01 2.630533358369977685e-04
2.080000000000000000e+02 6.325555000000000483e-01 2.555758957658296943e-04
2.090000000000000000e+02 6.283163999999999971e-01 2.699920025697046346e-04
2.100000000000000000e+02 6.268498999999999599e-01 2.834637360312579888e-04
2.110000000000000000e+02 6.270788999999999946e-01 2.829874693600583128e-04
2.120000000000000000e+02 6.286505000000000010e-01 2.712442692482900253e-04
2.130000000000000000e+02 6.317764000000000157e-01 2.635751758419644666e-04
2.140000000000000000e+02 6.275444000000000022e-01 2.783669359827481188e-04
2.150000000000000000e+02 6.260750000000000481e-01 2.921874694476212517e-04
2.160000000000000000e+02 6.263003000000000320e-01 2.916898694428852329e-04
2.170000000000000000e+02 6.278662000000000409e-01 2.796328026614629389e-04
2.180000000000000000e+02 6.309732999999999592e-01 2.717706692533001394e-04
2.190000000000000000e+02 6.267479999999999718e-01 2.869466693977408512e-04
2.200000000000000000e+02 6.252754000000000367e-01 3.011253361993559128e-04
2.210000000000000000e+02 6.254969999999999697e-01 3.006077361944295184e-04
2.220000000000000000e+02 6.270571999999999813e-01 2.882325360766459926e-04
2.230000000000000000e+02 6.301457000000000308e-01 2.801754693332945793e-04
2.240000000000000000e+02 6.259266999999999470e-01 2.957458694814890134e-04
2.250000000000000000e+02 6.244505999999999668e-01 3.102920029532682078e-04
2.260000000000000000e+02 6.246684000000000125e-01 3.097565362815051047e-04
2.270000000000000000e+02 6.262231000000000325e-01 2.970584028273146916e-04
2.280000000000000000e+02 6.292929000000000439e-01 2.888048027487593737e-04
2.290000000000000000e+02 6.250797999999999632e-01 3.047794695674681644e-04
2.300000000000000000e+02 6.235996999999999790e-01 3.197040030428488781e-04
2.310000000000000000e+02 6.238135000000000208e-01 3.191520030375950877e-04
2.320000000000000000e+02 6.253630000000000022e-01 3.061256029136136475e-04
2.330000000000000000e+02 6.284140999999999755e-01 2.976746694998467797e-04
2.340000000000000000e+02 6.242067000000000032e-01 3.140650696558457979e-04
2.350000000000000000e+02 6.227224000000000093e-01 3.293786698015962024e-04
2.360000000000000000e+02 6.229320000000000412e-01 3.288125364628745524e-04
2.370000000000000000e+02 6.244762000000000368e-01 3.154525363357179994e-04
2.380000000000000000e+02 6.275085000000000246e-01 3.068016029200475929e-04
2.390000000000000000e+02 6.233064999999999856e-01 3.236194697467818164e-04
2.400000000000000000e+02 6.218175999999999704e-01 3.393346698963544262e-04
2.410000000000000000e+02 6.220227999999999868e-01 3.387560032241802074e-04
2.420000000000000000e+02 6.235619000000000023e-01 3.250560030937875954e-04
2.430000000000000000e+02 6.265752999999999462e-01 3.162032030095292528e-04
2.440000000000000000e+02 6.223781999999999925e-01 3.334613365071204113e-04
2.450000000000000000e+02 6.208841999999999972e-01 3.495898699939604211e-04
2.460000000000000000e+02 6.210849000000000508e-01 3.490013366550256220e-04
2.470000000000000000e+02 6.226188999999999751e-01 3.349549365213361132e-04
2.480000000000000000e+02 6.256133999999999862e-01 3.258984031018053286e-04
2.490000000000000000e+02 6.214212000000000069e-01 3.436106699370521751e-04
2.500000000000000000e+02 6.199217999999999673e-01 3.601669367612965510e-04
2.510000000000000000e+02 6.201178999999999997e-01 3.595706700889547301e-04
2.520000000000000000e+02 6.216469000000000023e-01 3.451714699519074325e-04
2.530000000000000000e+02 6.246220999999999579e-01 3.359090698637505934e-04
2.540000000000000000e+02 6.204344000000000525e-01 3.540898700367900941e-04
2.550000000000000000e+02 6.189291000000000098e-01 3.710885368652450719e-04
2.560000000000000000e+02 6.191202999999999568e-01 3.704869368595192737e-04
2.570000000000000000e+02 6.206443999999999850e-01 3.557272033857071113e-04
2.580000000000000000e+02 6.236000999999999905e-01 3.462568032955706050e-04
2.590000000000000000e+02 6.194165000000000365e-01 3.649218701398859103e-04
2.600000000000000000e+02 6.179050000000000376e-01 3.823781369726962100e-04
2.610000000000000000e+02 6.180911999999999518e-01 3.817741369669474757e-04
2.620000000000000000e+02 6.196104000000000056e-01 3.666466701563020738e-04
2.630000000000000000e+02 6.225464000000000553e-01 3.569664033975014487e-04
2.640000000000000000e+02 6.183667999999999942e-01 3.761328035799216219e-04
2.650000000000000000e+02 6.168487000000000275e-01 3.940640037505855221e-04
2.660000000000000000e+02 6.170295999999999559e-01 3.934605370781752180e-04
2.670000000000000000e+02 6.185439000000000354e-01 3.779573369306203395e-04
2.680000000000000000e+02 6.214598000000000066e-01 3.680648035031327679e-04
2.690000000000000000e+02 6.172838999999999965e-01 3.877506703571637330e-04
2.700000000000000000e+02 6.157588000000000505e-01 4.061746705325179423e-04
2.710000000000000000e+02 6.159341999999999873e-01 4.055749371934765416e-04
2.720000000000000000e+02 6.174435999999999813e-01 3.896872037089284669e-04
2.730000000000000000e+02 6.203389999999999738e-01 3.795802702794002820e-04
2.740000000000000000e+02 6.161664999999999504e-01 3.998053371385631451e-04
2.750000000000000000e+02 6.146338000000000079e-01 4.187408039854520719e-04
2.760000000000000000e+02 6.148036000000000056e-01 4.181482706464792086e-04
2.770000000000000000e+02 6.163081000000000254e-01 4.018672038248540554e-04
2.780000000000000000e+02 6.191824000000000217e-01 3.915437370599316987e-04
2.790000000000000000e+02 6.150132000000000376e-01 4.123288039244245892e-04
2.800000000000000000e+02 6.134726000000000345e-01 4.317973374430536830e-04
2.810000000000000000e+02 6.136365000000000292e-01 4.312162707708565822e-04
2.820000000000000000e+02 6.151360999999999635e-01 4.145325372787323089e-04
2.830000000000000000e+02 6.179890000000000105e-01 4.039909371784004897e-04
2.840000000000000000e+02 6.138228000000000018e-01 4.253586707151056634e-04
2.850000000000000000e+02 6.122737000000000318e-01 4.453821375723497514e-04
2.860000000000000000e+02 6.124313000000000118e-01 4.448165375669665316e-04
2.870000000000000000e+02 6.139257999999999660e-01 4.277200040709135055e-04
2.880000000000000000e+02 6.167565000000000408e-01 4.169581373018184487e-04
2.890000000000000000e+02 6.125931999999999489e-01 4.389330708443028297e-04
2.900000000000000000e+02 6.110352000000000006e-01 4.595357377070596210e-04
2.910000000000000000e+02 6.111864999999999659e-01 4.589906710352051528e-04
2.920000000000000000e+02 6.126759999999999984e-01 4.414717375351317379e-04
2.930000000000000000e+02 6.154838999999999727e-01 4.304882707639276387e-04
2.940000000000000000e+02 6.113231000000000082e-01 4.530965376457731712e-04
2.950000000000000000e+02 6.097557000000000116e-01 4.743042711809555031e-04
2.960000000000000000e+02 6.099002000000000034e-01 4.737848045093447113e-04
2.970000000000000000e+02 6.113844999999999974e-01 4.558322710051444142e-04
2.980000000000000000e+02 6.141689000000000176e-01 4.446258708984851971e-04
2.990000000000000000e+02 6.100105999999999584e-01 4.678960044532968696e-04
3.000000000000000000e+02 6.084332000000000074e-01 4.897368046611711920e-04
3.010000000000000000e+02 6.085705999999999616e-01 4.892485379898572689e-04
3.020000000000000000e+02 6.100493999999999639e-01 4.708512044814234881e-04
3.030000000000000000e+02 6.128093000000000012e-01 4.594202710392939707e-04
3.040000000000000000e+02 6.086532999999999527e-01 4.833829379340302758e-04
3.050000000000000000e+02 6.070653000000000299e-01 5.058866714815475445e-04
3.060000000000000000e+02 6.071952999999999934e-01 5.054360048105915448e-04
3.070000000000000000e+02 6.086686000000000041e-01 4.865821379644793567e-04
3.080000000000000000e+02 6.114032000000000355e-01 4.749269378535485374e-04
3.090000000000000000e+02 6.072492999999999919e-01 4.996157380885292258e-04
3.100000000000000000e+02 6.056502000000000274e-01 5.228154716426708154e-04
3.110000000000000000e+02 6.057725999999999944e-01 5.224104049721488676e-04
3.120000000000000000e+02 6.072400999999999494e-01 5.030885381215824013e-04
3.130000000000000000e+02 6.099482000000000514e-01 4.912090713418504426e-04
3.140000000000000000e+02 6.057964000000000127e-01 5.166608049174259551e-04
3.150000000000000000e+02 6.041855000000000420e-01 5.405922718118652288e-04
3.160000000000000000e+02 6.042998000000000536e-01 5.402405384751841379e-04
3.170000000000000000e+02 6.057611999999999997e-01 5.204381382867107704e-04
3.180000000000000000e+02 6.084416999999999742e-01 5.083354715048545329e-04
3.190000000000000000e+02 6.042916999999999872e-01 5.345890717547284888e-04
3.200000000000000000e+02 6.026685000000000514e-01 5.592904053231619087e-04
3.210000000000000000e+02 6.027742000000000377e-01 5.590008053204055570e-04
3.220000000000000000e+02 6.042290000000000161e-01 5.387048051272342892e-04
3.230000000000000000e+02 6.068805999999999923e-01 5.263805383432688468e-04
3.240000000000000000e+02 6.027322999999999986e-01 5.534792052678525788e-04
3.250000000000000000e+02 6.010959999999999637e-01 5.789922721773451851e-04
3.260000000000000000e+02 6.011929000000000300e-01 5.787757388419509591e-04
3.270000000000000000e+02 6.026409000000000349e-01 5.579736053106290053e-04
3.280000000000000000e+02 6.052621000000000251e-01 5.454312051912541546e-04
3.290000000000000000e+02 6.011155000000000248e-01 5.734221387909968970e-04
3.300000000000000000e+02 5.994654000000000371e-01 5.997925390419826331e-04
3.310000000000000000e+02 5.995527000000000495e-01 5.996605390407262412e-04
3.320000000000000000e+02 6.009934999999999583e-01 5.783397388378011409e-04
3.330000000000000000e+02 6.035825000000000218e-01 5.655837387163933222e-04
3.340000000000000000e+02 5.994376999999999622e-01 5.945186723251209664e-04
3.350000000000000000e+02 5.977729999999999988e-01 6.217968059180795396e-04
3.360000000000000000e+02 5.978504000000000040e-01 6.217632059177597348e-04
3.370000000000000000e+02 5.992832999999999632e-01 5.999109390431095956e-04
3.380000000000000000e+02 6.018385000000000540e-01 5.869474722530604316e-04
3.390000000000000000e+02 5.976951999999999821e-01 6.168832058713131974e-04
3.400000000000000000e+02 5.960151000000000199e-01 6.451234728067625421e-04
3.410000000000000000e+02 5.960819000000000534e-01 6.452032061408547207e-04
3.420000000000000000e+02 5.975063999999999931e-01 6.228066725943577587e-04
3.430000000000000000e+02 6.000256000000000478e-01 6.096448058024203469e-04
3.440000000000000000e+02 5.958839000000000219e-01 6.406440060974616206e-04
3.450000000000000000e+02 5.941874999999999796e-01 6.699064063759725381e-04
3.460000000000000000e+02 5.942431999999999714e-01 6.701173397113134632e-04
3.470000000000000000e+02 5.956584000000000323e-01 6.471650728261938617e-04
3.480000000000000000e+02 5.981393999999999878e-01 6.338165393658130170e-04
3.490000000000000000e+02 5.939991999999999495e-01 6.659482730049669143e-04
3.500000000000000000e+02 5.922857999999999734e-01 6.962994732938406926e-04
3.510000000000000000e+02 5.923296000000000117e-01 6.966621399639590616e-04
3.520000000000000000e+02 5.937348000000000070e-01 6.731434730734486491e-04
3.530000000000000000e+02 5.961750000000000105e-01 6.596237396114385237e-04
3.540000000000000000e+02 5.920364999999999656e-01 6.929653399287739619e-04
3.550000000000000000e+02 5.903049000000000213e-01 7.244784068953728350e-04
3.560000000000000000e+02 5.903359999999999719e-01 7.250162735671587116e-04
3.570000000000000000e+02 5.917301999999999840e-01 7.009218733378352840e-04
3.580000000000000000e+02 5.941267000000000076e-01 6.872506732077168215e-04
3.590000000000000000e+02 5.899898999999999560e-01 7.218874735373797136e-04
3.600000000000000000e+02 5.882391000000000147e-01 7.546442738491493645e-04
3.610000000000000000e+02 5.882566999999999657e-01 7.553853405228693613e-04
3.620000000000000000e+02 5.896388000000000185e-01 7.307082736213335421e-04
3.630000000000000000e+02 5.919885000000000286e-01 7.169109401566812036e-04
3.640000000000000000e+02 5.878535999999999762e-01 7.529394738329235224e-04
3.650000000000000000e+02 5.860824000000000034e-01 7.870301408240551943e-04
3.660000000000000000e+02 5.860853999999999786e-01 7.880069408333521472e-04
3.670000000000000000e+02 5.874540000000000317e-01 7.627429405928968197e-04
3.680000000000000000e+02 5.897531999999999774e-01 7.488522737940227648e-04
3.690000000000000000e+02 5.856202999999999825e-01 7.863805408178725165e-04
3.700000000000000000e+02 5.838276999999999495e-01 8.219069411560022678e-04
3.710000000000000000e+02 5.838151000000000312e-01 8.231581411679108522e-04
3.720000000000000000e+02 5.851686000000000387e-01 7.973074742552052315e-04
3.730000000000000000e+02 5.874133000000000271e-01 7.833650741225055020e-04
3.740000000000000000e+02 5.832825999999999844e-01 8.225152078284583357e-04
3.750000000000000000e+02 5.814671999999999619e-01 8.595920081813443340e-04
3.760000000000000000e+02 5.814378000000000046e-01 8.611634748629678170e-04
3.770000000000000000e+02 5.827742999999999673e-01 8.347322746114034173e-04
3.780000000000000000e+02 5.849598999999999771e-01 8.207914744787189786e-04
3.790000000000000000e+02 5.808316999999999508e-01 8.617024082014305541e-04
3.800000000000000000e+02 5.789921000000000095e-01 9.004592085703063634e-04
3.810000000000000000e+02 5.789444999999999730e-01 9.024066752555084297e-04
3.820000000000000000e+02 5.802618999999999971e-01 8.754093416652225425e-04
3.830000000000000000e+02 5.823831000000000424e-01 8.615378748665313263e-04
3.840000000000000000e+02 5.782578000000000440e-01 9.043698752741936462e-04
3.850000000000000000e+02 5.763924999999999743e-01 9.449544089937988089e-04
3.860000000000000000e+02 5.763249999999999762e-01 9.473450756832190681e-04
3.870000000000000000e+02 5.776208999999999927e-01 9.198072087544550447e-04
3.880000000000000000e+02 5.796717000000000120e-01 9.060914752905793908e-04
3.890000000000000000e+02 5.755497000000000529e-01 9.510288090516130603e-04
3.900000000000000000e+02 5.736569999999999725e-01 9.936114761235691033e-04
3.910000000000000000e+02 5.735679000000000194e-01 9.965282761513303156e-04
3.920000000000000000e+02 5.748391000000000473e-01 9.684906758844766608e-04
3.930000000000000000e+02 5.768126000000000086e-01 9.550424090898132620e-04
3.940000000000000000e+02 5.726944999999999952e-01 1.002300809539604862e-03
3.950000000000000000e+02 5.707725999999999633e-01 1.047079209965792604e-03
3.960000000000000000e+02 5.706596999999999920e-01 1.050625609999546227e-03
3.970000000000000000e+02 5.719028000000000445e-01 1.022150143061858248e-03
3.980000000000000000e+02 5.737913000000000041e-01 1.009114142937785497e-03
3.990000000000000000e+02 5.696776000000000062e-01 1.058948010078756283e-03
4.000000000000000000e+02 5.677246000000000237e-01 1.106155210528060638e-03
4.010000000000000000e+02 5.675854000000000177e-01 1.110461343902378450e-03
4.020000000000000000e+02 5.687959999999999683e-01 1.081640276961401328e-03
4.030000000000000000e+02 5.705904000000000531e-01 1.069204010176369977e-03
4.040000000000000000e+02 5.664818000000000353e-01 1.121918144011421021e-03
4.050000000000000000e+02 5.644955000000000389e-01 1.171831744486483877e-03
4.060000000000000000e+02 5.643272000000000288e-01 1.177064811202957473e-03
4.070000000000000000e+02 5.655000000000000027e-01 1.148030944259954920e-03
4.080000000000000000e+02 5.671897999999999662e-01 1.136441610816317635e-03
4.090000000000000000e+02 5.630874000000000157e-01 1.192406411348974219e-03
4.100000000000000000e+02 5.610652999999999890e-01 1.245363211853001487e-03
4.110000000000000000e+02 5.608644000000000407e-01 1.251742145247047595e-03
4.120000000000000000e+02 5.619933000000000289e-01 1.222687744970516344e-03
4.130000000000000000e+02 5.635662999999999645e-01 1.212273878204733583e-03
4.140000000000000000e+02 5.594708000000000458e-01 1.271946412106012654e-03
4.150000000000000000e+02 5.574103000000000252e-01 1.328363212642971096e-03
4.160000000000000000e+02 5.571726000000000179e-01 1.336177612717346502e-03
4.170000000000000000e+02 5.582498000000000182e-01 1.307380279109928442e-03
4.180000000000000000e+02 5.596917000000000142e-01 1.298583212359533893e-03
4.190000000000000000e+02 5.556044999999999456e-01 1.362539746301586786e-03
4.200000000000000000e+02 5.535025999999999557e-01 1.422943213543155895e-03
4.210000000000000000e+02 5.532228999999999619e-01 1.432588013634952155e-03
4.220000000000000000e+02 5.542388000000000314e-01 1.404449080033800656e-03
4.230000000000000000e+02 5.555326999999999904e-01 1.397872279971204730e-03
4.240000000000000000e+02 5.514550999999999759e-01 1.466856813961112593e-03
4.250000000000000000e+02 5.493084000000000300e-01 1.531931214580471712e-03
4.260000000000000000e+02 5.489804999999999824e-01 1.543954948028243308e-03
4.270000000000000000e+02 5.499233999999999511e-01 1.517062681105623952e-03
4.280000000000000000e+02 5.510492999999999642e-01 1.513545347738813694e-03
4.290000000000000000e+02 5.469827000000000439e-01 1.588543748452626468e-03
4.300000000000000000e+02 5.447872000000000270e-01 1.659203215791809271e-03
4.310000000000000000e+02 5.444033000000000344e-01 1.674390149269687315e-03
4.320000000000000000e+02 5.452580000000000204e-01 1.649617615700576167e-03
4.330000000000000000e+02 5.461920999999999582e-01 1.650353615707581510e-03
4.340000000000000000e+02 5.421382999999999619e-01 1.732712816491452108e-03
4.350000000000000000e+02 5.398895000000000222e-01 1.810224817229188652e-03
4.360000000000000000e+02 5.394394999999999607e-01 1.829728550748152462e-03
4.370000000000000000e+02 5.401869000000000254e-01 1.808398417211805158e-03
4.380000000000000000e+02 5.409005999999999537e-01 1.815128550609194360e-03
4.390000000000000000e+02 5.368612999999999857e-01 1.906753884814590483e-03
4.400000000000000000e+02 5.345539000000000263e-01 1.992940018968217958e-03
4.410000000000000000e+02 5.340247999999999662e-01 2.018512019211605047e-03
4.420000000000000000e+02 5.346402000000000099e-01 2.002672819060852174e-03
4.430000000000000000e+02 5.350989999999999913e-01 2.018007752540138759e-03
4.440000000000000000e+02 5.310759000000000452e-01 2.121689886860288286e-03
4.450000000000000000e+02 5.287032999999999872e-01 2.219267754455672443e-03
4.460000000000000000e+02 5.280782000000000531e-01 2.253646954782883606e-03
4.470000000000000000e+02 5.285290999999999739e-01 2.246543488048608189e-03
4.480000000000000000e+02 5.286910999999999694e-01 2.274501888314708203e-03
4.490000000000000000e+02 5.246857999999999800e-01 2.394461089456444494e-03
4.500000000000000000e+02 5.222398999999999791e-01 2.507618157200106751e-03
4.510000000000000000e+02 5.214957999999999538e-01 2.555195757652936606e-03
4.520000000000000000e+02 5.217395000000000227e-01 2.562076824385095281e-03
4.530000000000000000e+02 5.215537000000000090e-01 2.608993358164965991e-03
4.540000000000000000e+02 5.175667999999999935e-01 2.751773359523904464e-03
4.550000000000000000e+02 5.150371999999999728e-01 2.887114694145376682e-03
4.560000000000000000e+02 5.141426999999999525e-01 2.955072028125508427e-03
4.570000000000000000e+02 5.141217000000000148e-01 2.984578695073010317e-03
4.580000000000000000e+02 5.135260999999999854e-01 3.060634695796889300e-03
4.590000000000000000e+02 5.095564999999999678e-01 3.236568030804704271e-03
4.600000000000000000e+02 5.069293000000000271e-01 3.404725365738509729e-03
4.610000000000000000e+02 5.058403999999999678e-01 3.505042700026634196e-03
4.620000000000000000e+02 5.054767999999999484e-01 3.571736033994734813e-03
4.630000000000000000e+02 5.043969999999999843e-01 3.693741368489279406e-03
4.640000000000000000e+02 5.004401000000000543e-01 3.919749370640357097e-03
4.650000000000000000e+02 4.976948999999999956e-01 4.138736039391274595e-03
4.660000000000000000e+02 4.963478000000000057e-01 4.292826707524531604e-03
4.670000000000000000e+02 4.955347999999999975e-01 4.423298708766325131e-03
4.680000000000000000e+02 4.938836999999999811e-01 4.622000043990839857e-03
4.690000000000000000e+02 4.899278000000000244e-01 4.930040046922674196e-03
4.700000000000000000e+02 4.870318000000000147e-01 5.236128049835930137e-03
4.710000000000000000e+02 4.853309000000000095e-01 5.489218718911438762e-03
4.720000000000000000e+02 4.839250999999999969e-01 5.740549387970197807e-03
4.730000000000000000e+02 4.816094000000000208e-01 6.084037391239415470e-03
4.740000000000000000e+02 4.776301000000000019e-01 6.553765395710148267e-03
4.750000000000000000e+02 4.745257999999999976e-01 7.054213400473265810e-03
4.760000000000000000e+02 4.723217000000000110e-01 7.567850738695248297e-03
4.770000000000000000e+02 4.701256999999999797e-01 8.194858744662926117e-03
4.780000000000000000e+02 4.670452999999999966e-01 9.093280086547170932e-03
4.790000000000000000e+02 4.629573000000000160e-01 1.040041876565479979e-02
4.800000000000000000e+02 4.594554000000000138e-01 1.221884278296202567e-02
4.810000000000000000e+02 4.564280000000000004e-01 1.482513880776798777e-02
4.820000000000000000e+02 4.531587000000000254e-01 1.872900551159050950e-02
4.830000000000000000e+02 4.492479999999999807e-01 2.458938690070123362e-02
4.840000000000000000e+02 4.449923000000000073e-01 3.298802698063702660e-02
4.850000000000000000e+02 4.411584000000000061e-01 4.408005375287434718e-02
4.860000000000000000e+02 4.375281999999999782e-01 5.728464054521839599e-02
4.870000000000000000e+02 4.335515999999999814e-01 7.075194734006293174e-02
4.880000000000000000e+02 4.289905999999999997e-01 8.102578743784633053e-02
4.890000000000000000e+02 4.238026999999999767e-01 8.388784079841984931e-02
4.900000000000000000e+02 4.178444000000000047e-01 7.663045406267950110e-02
4.910000000000000000e+02 4.110111000000000181e-01 6.030752057398928306e-02
4.920000000000000000e+02 4.035505999999999815e-01 3.989280037968796766e-02
4.930000000000000000e+02 3.957607000000000208e-01 2.163491487258143581e-02
4.940000000000000000e+02 3.876946000000000003e-01 9.382912089303804132e-03
4.950000000000000000e+02 3.792348999999999859e-01 3.168226696820918356e-03
4.960000000000000000e+02 3.702411999999999925e-01 8.064984076760151272e-04
4.970000000000000000e+02 3.606114000000000264e-01 1.481987214105119416e-04
4.980000000000000000e+02 3.503396999999999761e-01 1.839894950844913303e-05
4.990000000000000000e+02 3.397567000000000226e-01 1.369800013037354515e-06
5.000000000000000000e+02 3.301124999999999754e-01 4.574362710204107919e-08
5.010000000000000000e+02 3.239909999999999735e-01 0.000000000000000000e+00
