1.000000000000000000e+00 5.103271999999999808e-01 1.628496453893925688e-05
2.000000000000000000e+00 5.143771000000000315e-01 1.609980303849651526e-05
3.000000000000000000e+00 5.221620999999999624e-01 1.721290279115806783e-05
4.000000000000000000e+00 5.127192000000000416e-01 2.176161305203456282e-05
5.000000000000000000e+00 5.092151999999999790e-01 2.692813506438832721e-05
6.000000000000000000e+00 5.104351999999999778e-01 3.036732757261183333e-05
7.000000000000000000e+00 5.145604000000000289e-01 3.233652757732042313e-05
8.000000000000000000e+00 5.197538999999999909e-01 3.561003008514775152e-05
9.000000000000000000e+00 5.121238000000000179e-01 4.323955510339084265e-05
1.000000000000000000e+01 5.096486999999999545e-01 5.041950762055894935e-05
1.100000000000000000e+01 5.109538999999999609e-01 5.391695262892174750e-05
1.200000000000000000e+01 5.145383000000000040e-01 5.483171263110904139e-05
1.300000000000000000e+01 5.186401000000000483e-01 5.757734263767416846e-05
1.400000000000000000e+01 5.119690999999999548e-01 6.609870015804973219e-05
1.500000000000000000e+01 5.099540000000000184e-01 7.368432767618785439e-05
1.600000000000000000e+01 5.112278999999999574e-01 7.647612768286337790e-05
1.700000000000000000e+01 5.144237000000000393e-01 7.627824018239020220e-05
1.800000000000000000e+01 5.178422000000000303e-01 7.865433018807171819e-05
1.900000000000000000e+01 5.118156999999999845e-01 8.803005771049017742e-05
2.000000000000000000e+01 5.100892000000000204e-01 9.610578022980017674e-05
2.100000000000000000e+01 5.113280000000000047e-01 9.851791523556786725e-05
2.200000000000000000e+01 5.142341999999999747e-01 9.764709773348566064e-05
2.300000000000000000e+01 5.171677999999999553e-01 9.998604023907833307e-05
2.400000000000000000e+01 5.116292999999999536e-01 1.103032577637479996e-04
2.500000000000000000e+01 5.101179000000000130e-01 1.188916427842838454e-04
2.600000000000000000e+01 5.113237000000000476e-01 1.209859427892915495e-04
2.700000000000000000e+01 5.139976000000000544e-01 1.195308452858122544e-04
2.800000000000000000e+01 5.165604999999999780e-01 1.218605627913828889e-04
2.900000000000000000e+01 5.114123999999999892e-01 1.330121028180475124e-04
3.000000000000000000e+01 5.100689000000000473e-01 1.419982428395344290e-04
3.100000000000000000e+01 5.112413000000000096e-01 1.437362328436901507e-04
3.200000000000000000e+01 5.137201999999999602e-01 1.417175328388632269e-04
3.300000000000000000e+01 5.159871000000000318e-01 1.440295428443915077e-04
3.400000000000000000e+01 5.111624999999999641e-01 1.559052678727877457e-04
3.500000000000000000e+01 5.099538999999999600e-01 1.651952703950012365e-04
3.600000000000000000e+01 5.110924999999999496e-01 1.665668703982808928e-04
3.700000000000000000e+01 5.134033999999999542e-01 1.640299953922149398e-04
3.800000000000000000e+01 5.154263000000000039e-01 1.663395078977372352e-04
3.900000000000000000e+01 5.108764999999999556e-01 1.788623329276807950e-04
4.000000000000000000e+01 5.097789999999999822e-01 1.883953804504754053e-04
4.100000000000000000e+01 5.108837999999999990e-01 1.894119304529061083e-04
4.200000000000000000e+01 5.130476000000000480e-01 1.864113304457313397e-04
4.300000000000000000e+01 5.148648999999999587e-01 1.887412054513023477e-04
4.400000000000000000e+01 5.105530000000000346e-01 2.018526529826533591e-04
4.500000000000000000e+01 5.095486999999999655e-01 2.115852080059250396e-04
4.600000000000000000e+01 5.106199999999999628e-01 2.122642130075485969e-04
4.700000000000000000e+01 5.126530000000000253e-01 2.088511429993875556e-04
4.800000000000000000e+01 5.142938000000000232e-01 2.112227555050583399e-04
4.900000000000000000e+01 5.101909999999999501e-01 2.248743155377008285e-04
5.000000000000000000e+01 5.092657999999999907e-01 2.347722005613678416e-04
5.100000000000000000e+01 5.103041000000000382e-01 2.351322005622286202e-04
5.200000000000000000e+01 5.122196999999999445e-01 2.313522005531902016e-04
5.300000000000000000e+01 5.137068000000000190e-01 2.337840005590049194e-04
5.400000000000000000e+01 5.097897000000000123e-01 2.479340255928393186e-04
5.500000000000000000e+01 5.089325999999999572e-01 2.579699256168363074e-04
5.600000000000000000e+01 5.099384000000000139e-01 2.580288756169772440e-04
5.700000000000000000e+01 5.117475999999999692e-01 2.539228506071592654e-04
5.800000000000000000e+01 5.130991000000000302e-01 2.564307006131558522e-04
5.900000000000000000e+01 5.093486999999999876e-01 2.710428756480952502e-04
6.000000000000000000e+01 5.085505999999999638e-01 2.811937506723672059e-04
6.100000000000000000e+01 5.095245999999999942e-01 2.809689756718297161e-04
6.200000000000000000e+01 5.112366000000000410e-01 2.765727006613176962e-04
6.300000000000000000e+01 5.124672999999999590e-01 2.791696506675273547e-04
6.400000000000000000e+01 5.088675000000000281e-01 2.942118007034948872e-04
6.500000000000000000e+01 5.081208000000000391e-01 3.044583007279954212e-04
6.600000000000000000e+01 5.090635999999999495e-01 3.039662257268188248e-04
6.700000000000000000e+01 5.106865000000000432e-01 2.993114257156886341e-04
6.800000000000000000e+01 5.118084000000000522e-01 3.020089507221388045e-04
6.900000000000000000e+01 5.083457999999999588e-01 3.174522757590655616e-04
7.000000000000000000e+01 5.076443000000000483e-01 3.277784257837565917e-04
7.100000000000000000e+01 5.085566000000000253e-01 3.270339007819763645e-04
7.200000000000000000e+01 5.100968999999999642e-01 3.221493757702969130e-04
7.300000000000000000e+01 5.111202999999999719e-01 3.249571507770106270e-04
7.400000000000000000e+01 5.077831999999999901e-01 3.407755508148342573e-04
7.500000000000000000e+01 5.071214000000000555e-01 3.511667258396807640e-04
7.600000000000000000e+01 5.080038999999999527e-01 3.501846008373323818e-04
7.700000000000000000e+01 5.094676999999999678e-01 3.450957758251643813e-04
7.800000000000000000e+01 5.104009000000000462e-01 3.480225758321627374e-04
7.900000000000000000e+01 5.071793999999999469e-01 3.641926508708272854e-04
8.000000000000000000e+01 5.065528000000000253e-01 3.746371508958012638e-04
8.100000000000000000e+01 5.074062000000000294e-01 3.734304758929160107e-04
8.200000000000000000e+01 5.087985000000000424e-01 3.681609758803159813e-04
8.300000000000000000e+01 5.096490000000000187e-01 3.712146758876177653e-04
8.400000000000000000e+01 5.065342000000000455e-01 3.877155009270731611e-04
8.500000000000000000e+01 5.059386999999999635e-01 3.982023009521483544e-04
8.600000000000000000e+01 5.067635999999999807e-01 3.967841259487572977e-04
8.700000000000000000e+01 5.080888999999999545e-01 3.913553259357764385e-04
8.800000000000000000e+01 5.088627999999999485e-01 3.945429009433982863e-04
8.900000000000000000e+01 5.058470999999999940e-01 4.113549009835977392e-04
9.000000000000000000e+01 5.052792000000000394e-01 4.218754510087536136e-04
9.100000000000000000e+01 5.060761999999999761e-01 4.202579260048858872e-04
9.200000000000000000e+01 5.073385999999999729e-01 4.146903009915730849e-04
9.300000000000000000e+01 5.080413999999999763e-01 4.180185009995311760e-04
9.400000000000000000e+01 5.051179999999999559e-01 4.351245760404338350e-04
9.500000000000000000e+01 5.045745999999999842e-01 4.456710010656515504e-04
9.600000000000000000e+01 5.053444000000000269e-01 4.438658260613352136e-04
9.700000000000000000e+01 5.065473000000000336e-01 4.381773760477334690e-04
9.800000000000000000e+01 5.071835999999999567e-01 4.416527260560433642e-04
9.900000000000000000e+01 5.043461999999999668e-01 4.590369010976109846e-04
1.000000000000000000e+02 5.038247999999999616e-01 4.696026761228749803e-04
1.010000000000000000e+02 5.045678000000000107e-01 4.676211011181368002e-04
1.020000000000000000e+02 5.057144999999999557e-01 4.618296011042886582e-04
1.030000000000000000e+02 5.062885000000000302e-01 4.654584011129655162e-04
1.040000000000000000e+02 5.035317000000000265e-01 4.831067261551647723e-04
1.050000000000000000e+02 5.030297000000000240e-01 4.936860011804610187e-04
1.060000000000000000e+02 5.037466000000000443e-01 4.915390511753274690e-04
1.070000000000000000e+02 5.048399000000000081e-01 4.856611511612727054e-04
1.080000000000000000e+02 5.053549999999999986e-01 4.894494761703310120e-04
1.090000000000000000e+02 5.026739999999999542e-01 5.073486762131301092e-04
1.100000000000000000e+02 5.021892000000000023e-01 5.179369512384479103e-04
1.110000000000000000e+02 5.028804999999999525e-01 5.156347512329430977e-04
1.120000000000000000e+02 5.039228000000000041e-01 5.096859762187188822e-04
1.130000000000000000e+02 5.043822999999999501e-01 5.136401262281737419e-04
1.140000000000000000e+02 5.017724999999999547e-01 5.317787262715451858e-04
1.150000000000000000e+02 5.013031000000000015e-01 5.423719512968748664e-04
1.160000000000000000e+02 5.019692999999999516e-01 5.399250762910240810e-04
1.170000000000000000e+02 5.029630000000000489e-01 5.339209512766674749e-04
1.180000000000000000e+02 5.033695999999999726e-01 5.380474512865344484e-04
1.190000000000000000e+02 5.008270000000000222e-01 5.564153263304541866e-04
1.200000000000000000e+02 5.003712000000000160e-01 5.670101263557876569e-04
1.210000000000000000e+02 5.010126999999999775e-01 5.644280263496135285e-04
1.220000000000000000e+02 5.019597999999999560e-01 5.583829513351590409e-04
1.230000000000000000e+02 5.023159000000000374e-01 5.626874263454515390e-04
1.240000000000000000e+02 4.998368000000000255e-01 5.812749013898963228e-04
1.250000000000000000e+02 4.993929999999999758e-01 5.918685764152271326e-04
1.260000000000000000e+02 5.000103000000000186e-01 5.891611514087533117e-04
1.270000000000000000e+02 5.009126000000000412e-01 5.830897513942358539e-04
1.280000000000000000e+02 5.012206999999999635e-01 5.875794014049710769e-04
1.290000000000000000e+02 4.988017000000000145e-01 6.063783764499217728e-04
1.300000000000000000e+02 4.983683999999999892e-01 6.169691264752454052e-04
1.310000000000000000e+02 4.989619000000000137e-01 6.141460514684951404e-04
1.320000000000000000e+02 4.998210000000000153e-01 6.080616014539464527e-04
1.330000000000000000e+02 5.000828000000000495e-01 6.127427264651395594e-04
1.340000000000000000e+02 4.977209000000000216e-01 6.317455515105776208e-04
1.350000000000000000e+02 4.972966999999999804e-01 6.423313515358894821e-04
1.360000000000000000e+02 4.978667999999999982e-01 6.394018515288846759e-04
1.370000000000000000e+02 4.986841000000000190e-01 6.333180765143376278e-04
1.380000000000000000e+02 4.989014999999999977e-01 6.381981015260064375e-04
1.390000000000000000e+02 4.965937999999999741e-01 6.573982515719161953e-04
1.400000000000000000e+02 4.961775999999999964e-01 6.679786515972151563e-04
1.410000000000000000e+02 4.967246000000000161e-01 6.649519515899779279e-04
1.420000000000000000e+02 4.975015999999999883e-01 6.588825765754653891e-04
1.430000000000000000e+02 4.976761000000000101e-01 6.639684765876263748e-04
1.440000000000000000e+02 4.954198000000000213e-01 6.833601016339940163e-04
1.450000000000000000e+02 4.950106000000000228e-01 6.939342016592779270e-04
1.460000000000000000e+02 4.955346999999999946e-01 6.908193016518298854e-04
1.470000000000000000e+02 4.962724000000000024e-01 6.847771516373823584e-04
1.480000000000000000e+02 4.964053999999999967e-01 6.900763516500533394e-04
1.490000000000000000e+02 4.941981999999999764e-01 7.096540516968659644e-04
1.500000000000000000e+02 4.937946999999999753e-01 7.202216267221343143e-04
1.510000000000000000e+02 4.942963000000000218e-01 7.170279767144978724e-04
1.520000000000000000e+02 4.949958999999999887e-01 7.110270017001487372e-04
1.530000000000000000e+02 4.950887999999999955e-01 7.165476017133491724e-04
1.540000000000000000e+02 4.929283999999999888e-01 7.363075517605975617e-04
1.550000000000000000e+02 4.925298000000000176e-01 7.468688267858508614e-04
1.560000000000000000e+02 4.930089999999999750e-01 7.436054267780476280e-04
1.570000000000000000e+02 4.936713999999999825e-01 7.376582267638272022e-04
1.580000000000000000e+02 4.937250999999999723e-01 7.434083267775764420e-04
1.590000000000000000e+02 4.916093000000000268e-01 7.633460268252497370e-04
1.600000000000000000e+02 4.912146000000000012e-01 7.739012268504884967e-04
1.610000000000000000e+02 4.916717999999999922e-01 7.705773018425405912e-04
1.620000000000000000e+02 4.922978000000000076e-01 7.646978268284821464e-04
1.630000000000000000e+02 4.923133000000000092e-01 7.706859768428004536e-04
1.640000000000000000e+02 4.902403000000000177e-01 7.907989518908929314e-04
1.650000000000000000e+02 4.898487000000000258e-01 8.013494269161203221e-04
1.660000000000000000e+02 4.902839999999999976e-01 7.979742019080498638e-04
1.670000000000000000e+02 4.908742999999999856e-01 7.921759518941854337e-04
1.680000000000000000e+02 4.908525999999999723e-01 7.984116019090956549e-04
1.690000000000000000e+02 4.888203999999999882e-01 8.186969269576001382e-04
1.700000000000000000e+02 4.884311000000000069e-01 8.292433519828180163e-04
1.710000000000000000e+02 4.888446000000000180e-01 8.258258269746462888e-04
1.720000000000000000e+02 4.893997999999999959e-01 8.201225269610089600e-04
1.730000000000000000e+02 4.893415999999999877e-01 8.266142269765314665e-04
1.740000000000000000e+02 4.873485000000000178e-01 8.470698770254432531e-04
1.750000000000000000e+02 4.869608000000000270e-01 8.576138270506550830e-04
1.760000000000000000e+02 4.873525000000000218e-01 8.541641270424064642e-04
1.770000000000000000e+02 4.878732000000000069e-01 8.485701770290306374e-04
1.780000000000000000e+02 4.877794999999999770e-01 8.553289520451917401e-04
1.790000000000000000e+02 4.858238999999999752e-01 8.759540270945085716e-04
1.800000000000000000e+02 4.854369000000000045e-01 8.864975271197193807e-04
1.810000000000000000e+02 4.858070999999999917e-01 8.830251021114163918e-04
1.820000000000000000e+02 4.862936999999999954e-01 8.775549020983365762e-04
1.830000000000000000e+02 4.861647000000000052e-01 8.845897521151576673e-04
1.840000000000000000e+02 4.842449999999999810e-01 9.053824521648754604e-04
1.850000000000000000e+02 4.838581000000000132e-01 9.159270771900889299e-04
1.860000000000000000e+02 4.842065999999999870e-01 9.124418271817553300e-04
1.870000000000000000e+02 4.846595000000000208e-01 9.071102271690067304e-04
1.880000000000000000e+02 4.844960999999999851e-01 9.144333021865171064e-04
1.890000000000000000e+02 4.826109000000000093e-01 9.353938522366362631e-04
1.900000000000000000e+02 4.822235000000000271e-01 9.459427522618599725e-04
1.910000000000000000e+02 4.825504999999999933e-01 9.424559272535225829e-04
1.920000000000000000e+02 4.829700000000000104e-01 9.372789022411436065e-04
1.930000000000000000e+02 4.827723999999999904e-01 9.449010022593689597e-04
1.940000000000000000e+02 4.809203000000000228e-01 9.660287273098878405e-04
1.950000000000000000e+02 4.805316000000000032e-01 9.765837023351260898e-04
1.960000000000000000e+02 4.808369000000000115e-01 9.731045273268068129e-04
1.970000000000000000e+02 4.812231000000000147e-01 9.680973773148342275e-04
1.980000000000000000e+02 4.809918999999999722e-01 9.760304273338031274e-04
1.990000000000000000e+02 4.791715999999999753e-01 9.973264523847245010e-04
2.000000000000000000e+02 4.787811000000000150e-01 1.007891327409986184e-03
2.010000000000000000e+02 4.790647000000000100e-01 1.004432402401715446e-03
2.020000000000000000e+02 4.794179000000000079e-01 9.996131273901920355e-04
2.030000000000000000e+02 4.791534000000000071e-01 1.007870402409936222e-03
2.040000000000000000e+02 4.773635999999999990e-01 1.029335402461261512e-03
2.050000000000000000e+02 4.769706000000000223e-01 1.039912877486553512e-03
2.060000000000000000e+02 4.772322999999999982e-01 1.036485002478357113e-03
2.070000000000000000e+02 4.775524999999999909e-01 1.031870027467322089e-03
2.080000000000000000e+02 4.772548999999999819e-01 1.040464127487871664e-03
2.090000000000000000e+02 4.754944999999999866e-01 1.062099002539603019e-03
2.100000000000000000e+02 4.750983999999999763e-01 1.072693352564935360e-03
2.110000000000000000e+02 4.753381999999999885e-01 1.069309352556843803e-03
2.120000000000000000e+02 4.756253999999999760e-01 1.064917802546343261e-03
2.130000000000000000e+02 4.752950000000000230e-01 1.073863127567732624e-03
2.140000000000000000e+02 4.735628000000000060e-01 1.095669902619874963e-03
2.150000000000000000e+02 4.731630000000000003e-01 1.106285177645257266e-03
2.160000000000000000e+02 4.733804999999999819e-01 1.102958102637301889e-03
2.170000000000000000e+02 4.736346000000000167e-01 1.098808877627380654e-03
2.180000000000000000e+02 4.732717000000000174e-01 1.108120277649645444e-03
2.190000000000000000e+02 4.715664999999999996e-01 1.130101202702204306e-03
2.200000000000000000e+02 4.711624999999999841e-01 1.140742127727648048e-03
2.210000000000000000e+02 4.713574999999999848e-01 1.137485702719861613e-03
2.220000000000000000e+02 4.715784000000000087e-01 1.133599277710568625e-03
2.230000000000000000e+02 4.711830000000000185e-01 1.143292052733745285e-03
2.240000000000000000e+02 4.695038999999999740e-01 1.165448927786724969e-03
2.250000000000000000e+02 4.690948999999999813e-01 1.176120002812240575e-03
2.260000000000000000e+02 4.692670999999999926e-01 1.172948852804658101e-03
2.270000000000000000e+02 4.694545999999999997e-01 1.169346602796044561e-03
2.280000000000000000e+02 4.690269000000000243e-01 1.179437627820173430e-03
2.290000000000000000e+02 4.673727999999999771e-01 1.201774727873583960e-03
2.300000000000000000e+02 4.669582999999999928e-01 1.212482927899188661e-03
2.310000000000000000e+02 4.671075000000000088e-01 1.209413252891848849e-03
2.320000000000000000e+02 4.672611999999999877e-01 1.206118577883970658e-03
2.330000000000000000e+02 4.668012000000000272e-01 1.216624502909091675e-03
2.340000000000000000e+02 4.651710000000000012e-01 1.239144077962938588e-03
2.350000000000000000e+02 4.647503000000000051e-01 1.249894127988643213e-03
2.360000000000000000e+02 4.648759000000000086e-01 1.246941227981582506e-03
2.370000000000000000e+02 4.649956000000000089e-01 1.243977302974495379e-03
2.380000000000000000e+02 4.645032000000000050e-01 1.254916578000652566e-03
2.390000000000000000e+02 4.628961999999999799e-01 1.277623578054947525e-03
2.400000000000000000e+02 4.624686000000000075e-01 1.288423578080771749e-03
2.410000000000000000e+02 4.625702999999999898e-01 1.285607478074038065e-03
2.420000000000000000e+02 4.626556000000000002e-01 1.283001303067806504e-03
2.430000000000000000e+02 4.621309000000000111e-01 1.294393503095046328e-03
2.440000000000000000e+02 4.605459000000000080e-01 1.317292203149800006e-03
2.450000000000000000e+02 4.601107999999999865e-01 1.328149128175760193e-03
2.460000000000000000e+02 4.601878999999999831e-01 1.325488053169397154e-03
2.470000000000000000e+02 4.602381999999999862e-01 1.323265728164083402e-03
2.480000000000000000e+02 4.596812000000000120e-01 1.335130428192453193e-03
2.490000000000000000e+02 4.581172000000000022e-01 1.358225103247675397e-03
2.500000000000000000e+02 4.576739000000000224e-01 1.369147278273791625e-03
2.510000000000000000e+02 4.577259000000000189e-01 1.366662153267849192e-03
2.520000000000000000e+02 4.577407000000000004e-01 1.364853378263524309e-03
2.530000000000000000e+02 4.571511999999999798e-01 1.377212853293077093e-03
2.540000000000000000e+02 4.556073999999999957e-01 1.400510478348784621e-03
2.550000000000000000e+02 4.551552999999999849e-01 1.411508478375082289e-03
2.560000000000000000e+02 4.551816000000000195e-01 1.409223378369618218e-03
2.570000000000000000e+02 4.551603000000000177e-01 1.407860103366358586e-03
2.580000000000000000e+02 4.545381000000000005e-01 1.420736403397147201e-03
2.590000000000000000e+02 4.530135000000000134e-01 1.444241928453351498e-03
2.600000000000000000e+02 4.525514999999999954e-01 1.455324528479851488e-03
2.610000000000000000e+02 4.525512999999999897e-01 1.453262178474920259e-03
2.620000000000000000e+02 4.524929999999999786e-01 1.452376353472802041e-03
2.630000000000000000e+02 4.518381000000000203e-01 1.465793328504883626e-03
2.640000000000000000e+02 4.503318000000000043e-01 1.489514628561603967e-03
2.650000000000000000e+02 4.498594000000000204e-01 1.500695328588338203e-03
2.660000000000000000e+02 4.498320000000000096e-01 1.498884753584008803e-03
2.670000000000000000e+02 4.497361000000000275e-01 1.498513503583121095e-03
2.680000000000000000e+02 4.490481000000000056e-01 1.512497028616557491e-03
2.690000000000000000e+02 4.475589999999999846e-01 1.536441303673811076e-03
2.700000000000000000e+02 4.470752000000000059e-01 1.547732253700809073e-03
2.710000000000000000e+02 4.470196000000000169e-01 1.546201578697149097e-03
2.720000000000000000e+02 4.468851999999999824e-01 1.546382703697582201e-03
2.730000000000000000e+02 4.461640000000000050e-01 1.560959553732437291e-03
2.740000000000000000e+02 4.446912000000000087e-01 1.585135578790244784e-03
2.750000000000000000e+02 4.441951000000000094e-01 1.596551853817542365e-03
2.760000000000000000e+02 4.441103000000000134e-01 1.595333028814628195e-03
2.770000000000000000e+02 4.439364000000000088e-01 1.596107253816479374e-03
2.780000000000000000e+02 4.431816000000000089e-01 1.611305103852819299e-03
2.790000000000000000e+02 4.417240000000000055e-01 1.635722103911203037e-03
2.800000000000000000e+02 4.412148000000000181e-01 1.647280578938840759e-03
2.810000000000000000e+02 4.410997999999999863e-01 1.646410278936759819e-03
2.820000000000000000e+02 4.408853999999999829e-01 1.647823278940138431e-03
2.830000000000000000e+02 4.400967000000000073e-01 1.663673403978038149e-03
2.840000000000000000e+02 4.386534000000000266e-01 1.688342629037024954e-03
2.850000000000000000e+02 4.381298000000000137e-01 1.700061979065047458e-03
2.860000000000000000e+02 4.379833000000000198e-01 1.699577554063889029e-03
2.870000000000000000e+02 4.377272999999999858e-01 1.701675679068905640e-03
2.880000000000000000e+02 4.369042000000000203e-01 1.718208904108438654e-03
2.890000000000000000e+02 4.354740000000000277e-01 1.743141379168055378e-03
2.900000000000000000e+02 4.349350000000000160e-01 1.755042304196511574e-03
2.910000000000000000e+02 4.347558999999999729e-01 1.754986504196378271e-03
2.920000000000000000e+02 4.344568999999999792e-01 1.757821729203157615e-03
2.930000000000000000e+02 4.335991000000000151e-01 1.775072704244406649e-03
2.940000000000000000e+02 4.321808999999999790e-01 1.800282604304686640e-03
2.950000000000000000e+02 4.316252999999999895e-01 1.812390304333637379e-03
2.960000000000000000e+02 4.314121000000000206e-01 1.812810829334643046e-03
2.970000000000000000e+02 4.310688999999999771e-01 1.816439404343319231e-03
2.980000000000000000e+02 4.301758999999999999e-01 1.834444579386371741e-03
2.990000000000000000e+02 4.287684999999999969e-01 1.859946304447349400e-03
3.000000000000000000e+02 4.281948999999999894e-01 1.872286654476856740e-03
3.010000000000000000e+02 4.279457999999999873e-01 1.873233904479121780e-03
3.020000000000000000e+02 4.275569000000000175e-01 1.877714329489834884e-03
3.030000000000000000e+02 4.266282000000000130e-01 1.896511504534781171e-03
3.040000000000000000e+02 4.252303000000000055e-01 1.922321929596496840e-03
3.050000000000000000e+02 4.246372999999999953e-01 1.934926879626636944e-03
3.060000000000000000e+02 4.243508999999999753e-01 1.936459129630300601e-03
3.070000000000000000e+02 4.239146999999999776e-01 1.941857104643207902e-03
3.080000000000000000e+02 4.229496999999999840e-01 1.961487229690145415e-03
3.090000000000000000e+02 4.215598999999999874e-01 1.987626154752647045e-03
3.100000000000000000e+02 4.209457999999999811e-01 2.000530804783503223e-03
3.110000000000000000e+02 4.206201999999999996e-01 2.002711279788717269e-03
3.120000000000000000e+02 4.201349999999999807e-01 2.009097004803986255e-03
3.130000000000000000e+02 4.191330999999999807e-01 2.029604404853021724e-03
3.140000000000000000e+02 4.177499000000000073e-01 2.056093429916360047e-03
3.150000000000000000e+02 4.171131000000000144e-01 2.069337829948029225e-03
3.160000000000000000e+02 4.167460000000000053e-01 2.072236054954959290e-03
3.170000000000000000e+02 4.162101000000000273e-01 2.079684679972769543e-03
3.180000000000000000e+02 4.151704999999999979e-01 2.101115480024013348e-03
3.190000000000000000e+02 4.137924000000000047e-01 2.127979130088247361e-03
3.200000000000000000e+02 4.131309000000000231e-01 2.141609630120839668e-03
3.210000000000000000e+02 4.127201999999999815e-01 2.145303455129671678e-03
3.220000000000000000e+02 4.121314999999999840e-01 2.153897330150220633e-03
3.230000000000000000e+02 4.110535000000000161e-01 2.176302155203793144e-03
3.240000000000000000e+02 4.096786000000000039e-01 2.203569680268992886e-03
3.250000000000000000e+02 4.089902999999999733e-01 2.217639605302636121e-03
3.260000000000000000e+02 4.085335999999999967e-01 2.222216780313580626e-03
3.270000000000000000e+02 4.078900999999999777e-01 2.232045905337083289e-03
3.280000000000000000e+02 4.067727999999999899e-01 2.255478755393113943e-03
3.290000000000000000e+02 4.053991000000000122e-01 2.283183005459358053e-03
3.300000000000000000e+02 4.046816999999999775e-01 2.297751755494193467e-03
3.310000000000000000e+02 4.041760999999999826e-01 2.303307005507476517e-03
3.320000000000000000e+02 4.034754999999999869e-01 2.314467005534161844e-03
3.330000000000000000e+02 4.023180000000000089e-01 2.338985255592787409e-03
3.340000000000000000e+02 4.009434000000000053e-01 2.367164255660167242e-03
3.350000000000000000e+02 4.001941999999999999e-01 2.382304505696368913e-03
3.360000000000000000e+02 3.996369000000000171e-01 2.388944255712245265e-03
3.370000000000000000e+02 3.988766999999999729e-01 2.401542005742368386e-03
3.380000000000000000e+02 3.976778000000000257e-01 2.427207755803737974e-03
3.390000000000000000e+02 3.962999999999999856e-01 2.455908755872365269e-03
3.400000000000000000e+02 3.955161999999999844e-01 2.471697005910116710e-03
3.410000000000000000e+02 3.949038000000000270e-01 2.479545005928882485e-03
3.420000000000000000e+02 3.940814999999999735e-01 2.493690755962706725e-03
3.430000000000000000e+02 3.928399000000000196e-01 2.520573756026987019e-03
3.440000000000000000e+02 3.914560999999999735e-01 2.549846256096981005e-03
3.450000000000000000e+02 3.906343999999999927e-01 2.566379256136513184e-03
3.460000000000000000e+02 3.899634000000000156e-01 2.575566006158480029e-03
3.470000000000000000e+02 3.890760999999999803e-01 2.591385756196306830e-03
3.480000000000000000e+02 3.877904999999999824e-01 2.619558006263669834e-03
3.490000000000000000e+02 3.863977000000000106e-01 2.649465006335181231e-03
3.500000000000000000e+02 3.855343999999999993e-01 2.666848506376746832e-03
3.510000000000000000e+02 3.848007999999999984e-01 2.677524756402275153e-03
3.520000000000000000e+02 3.838455000000000061e-01 2.695153506444427673e-03
3.530000000000000000e+02 3.825142999999999738e-01 2.724696006515067107e-03
3.540000000000000000e+02 3.811089999999999756e-01 2.755311756588273240e-03
3.550000000000000000e+02 3.802000999999999853e-01 2.773669506632168817e-03
3.560000000000000000e+02 3.793996000000000035e-01 2.786001756661656264e-03
3.570000000000000000e+02 3.783730000000000149e-01 2.805585756708484264e-03
3.580000000000000000e+02 3.769943000000000044e-01 2.836586256782609814e-03
3.590000000000000000e+02 3.755726999999999816e-01 2.867996256857715046e-03
3.600000000000000000e+02 3.746135999999999910e-01 2.887476756904295248e-03
3.610000000000000000e+02 3.737414000000000014e-01 2.901649506938183774e-03
3.620000000000000000e+02 3.726400000000000268e-01 2.923350756990074264e-03
3.630000000000000000e+02 3.712115000000000276e-01 2.955910507067928406e-03
3.640000000000000000e+02 3.697692000000000201e-01 2.988216007145174345e-03
3.650000000000000000e+02 3.687547999999999937e-01 3.008983507194831937e-03
3.660000000000000000e+02 3.678056000000000103e-01 3.025208257233627344e-03
3.670000000000000000e+02 3.666253999999999902e-01 3.049195507290983296e-03
3.680000000000000000e+02 3.651445999999999859e-01 3.083422507372824035e-03
3.690000000000000000e+02 3.636765000000000136e-01 3.116745007452502349e-03
3.700000000000000000e+02 3.626008000000000009e-01 3.138997507505710775e-03
3.710000000000000000e+02 3.615688000000000235e-01 3.157506007549966322e-03
3.720000000000000000e+02 3.603057000000000065e-01 3.183972757613251839e-03
3.730000000000000000e+02 3.587697000000000247e-01 3.219990757699374862e-03
3.740000000000000000e+02 3.572698999999999736e-01 3.254481007781845521e-03
3.750000000000000000e+02 3.561265000000000125e-01 3.278443507839142075e-03
3.760000000000000000e+02 3.550052000000000207e-01 3.299501257889494304e-03
3.770000000000000000e+02 3.536545999999999856e-01 3.328652257959197492e-03
3.780000000000000000e+02 3.520595999999999726e-01 3.366603008049942353e-03
3.790000000000000000e+02 3.505213999999999830e-01 3.402436508135623858e-03
3.800000000000000000e+02 3.493026000000000186e-01 3.428374508197645082e-03
3.810000000000000000e+02 3.480848999999999749e-01 3.452267258254774953e-03
3.820000000000000000e+02 3.466415999999999942e-01 3.484327508331435275e-03
3.830000000000000000e+02 3.449832999999999927e-01 3.524366258427172154e-03
3.840000000000000000e+02 3.433988000000000040e-01 3.561754508516572475e-03
3.850000000000000000e+02 3.420961000000000141e-01 3.589974008584048519e-03
3.860000000000000000e+02 3.407742000000000271e-01 3.617030258648742860e-03
3.870000000000000000e+02 3.392325999999999953e-01 3.652245008732945934e-03
3.880000000000000000e+02 3.375058000000000225e-01 3.694563008834133178e-03
3.890000000000000000e+02 3.358658999999999950e-01 3.733764758927868993e-03
3.900000000000000000e+02 3.344695999999999780e-01 3.764623509001655422e-03
3.910000000000000000e+02 3.330347000000000168e-01 3.795207759074786195e-03
3.920000000000000000e+02 3.313883000000000245e-01 3.833844759167171715e-03
3.930000000000000000e+02 3.295865000000000045e-01 3.878660259274330658e-03
3.940000000000000000e+02 3.278806000000000220e-01 3.919983759373140038e-03
3.950000000000000000e+02 3.263793999999999862e-01 3.953891259454216968e-03
3.960000000000000000e+02 3.248215999999999881e-01 3.988399509536730628e-03
3.970000000000000000e+02 3.230631999999999948e-01 4.030755759638009195e-03
3.980000000000000000e+02 3.211783999999999750e-01 4.078320759751742283e-03
3.990000000000000000e+02 3.193938000000000055e-01 4.122137259856512720e-03
4.000000000000000000e+02 3.177750999999999770e-01 4.159566009946009252e-03
4.010000000000000000e+02 3.160836000000000201e-01 4.198439260038959973e-03
4.020000000000000000e+02 3.142046000000000006e-01 4.244832010149890075e-03
4.030000000000000000e+02 3.122270999999999797e-01 4.295459260270946024e-03
4.040000000000000000e+02 3.103491999999999917e-01 4.342216510382747655e-03
4.050000000000000000e+02 3.085983999999999949e-01 4.383711010481966194e-03
4.060000000000000000e+02 3.067606999999999973e-01 4.427428510586499909e-03
4.070000000000000000e+02 3.047511999999999999e-01 4.478217760707943300e-03
4.080000000000000000e+02 3.026688000000000156e-01 4.532271760837192770e-03
4.090000000000000000e+02 3.006801000000000057e-01 4.582503010957300962e-03
4.100000000000000000e+02 2.987802999999999987e-01 4.628675261067704411e-03
4.110000000000000000e+02 2.967824000000000018e-01 4.677754511185058806e-03
4.120000000000000000e+02 2.946305000000000174e-01 4.733325011317934469e-03
4.130000000000000000e+02 2.924278000000000155e-01 4.791240011456416106e-03
4.140000000000000000e+02 2.903078000000000047e-01 4.845570761586326554e-03
4.150000000000000000e+02 2.882395999999999847e-01 4.897098011709535154e-03
4.160000000000000000e+02 2.860654000000000252e-01 4.952081261841006013e-03
4.170000000000000000e+02 2.837563000000000168e-01 5.012856011986325556e-03
4.180000000000000000e+02 2.814142000000000032e-01 5.075154012135287690e-03
4.190000000000000000e+02 2.791384000000000087e-01 5.134304262276723034e-03
4.200000000000000000e+02 2.768795000000000006e-01 5.191917762414482995e-03
4.210000000000000000e+02 2.745101999999999820e-01 5.253367512561417027e-03
4.220000000000000000e+02 2.720254999999999757e-01 5.319801012720267418e-03
4.230000000000000000e+02 2.695199999999999818e-01 5.387089512881162306e-03
4.240000000000000000e+02 2.670594000000000023e-01 5.451867013036052270e-03
4.250000000000000000e+02 2.645836999999999772e-01 5.516322763190173104e-03
4.260000000000000000e+02 2.619968999999999770e-01 5.584779013353861205e-03
4.270000000000000000e+02 2.593131000000000186e-01 5.657350513527386639e-03
4.280000000000000000e+02 2.566138000000000030e-01 5.730300013701818997e-03
4.290000000000000000e+02 2.539338999999999902e-01 5.801550763872187662e-03
4.300000000000000000e+02 2.512108000000000119e-01 5.873557514044363236e-03
4.310000000000000000e+02 2.483792999999999973e-01 5.949483764225911922e-03
4.320000000000000000e+02 2.454661999999999955e-01 6.028643264415192195e-03
4.330000000000000000e+02 2.425346999999999920e-01 6.107940014604800079e-03
4.340000000000000000e+02 2.395943000000000100e-01 6.186444764792514185e-03
4.350000000000000000e+02 2.365875000000000061e-01 6.266538014984026489e-03
4.360000000000000000e+02 2.334768000000000121e-01 6.350211015184098473e-03
4.370000000000000000e+02 2.302945999999999882e-01 6.436275765389888603e-03
4.380000000000000000e+02 2.270829000000000042e-01 6.522459765595964645e-03
4.390000000000000000e+02 2.238324999999999898e-01 6.608722515802229087e-03
4.400000000000000000e+02 2.204977999999999938e-01 6.697035016013395091e-03
4.410000000000000000e+02 2.170635999999999954e-01 6.788315266231656139e-03
4.420000000000000000e+02 2.135597999999999941e-01 6.881217766453797367e-03
4.430000000000000000e+02 2.100075000000000136e-01 6.974340766676465249e-03
4.440000000000000000e+02 2.063876000000000044e-01 7.068141016900752506e-03
4.450000000000000000e+02 2.026693999999999996e-01 7.163928017129790604e-03
4.460000000000000000e+02 1.988525999999999905e-01 7.261762517363724509e-03
4.470000000000000000e+02 1.949579999999999924e-01 7.360438517599670986e-03
4.480000000000000000e+02 1.909893000000000007e-01 7.459263017835971246e-03
4.490000000000000000e+02 1.869260000000000088e-01 7.558733268073815521e-03
4.500000000000000000e+02 1.827521000000000007e-01 7.659348768314399800e-03
4.510000000000000000e+02 1.784725000000000061e-01 7.760596518556494433e-03
4.520000000000000000e+02 1.740960000000000008e-01 7.861513518797800387e-03
4.530000000000000000e+02 1.696151999999999938e-01 7.961708269037377078e-03
4.540000000000000000e+02 1.650144000000000055e-01 8.061239269275367186e-03
4.550000000000000000e+02 1.602870999999999879e-01 8.159773519510972808e-03
4.560000000000000000e+02 1.554356000000000071e-01 8.256397519742013705e-03
4.570000000000000000e+02 1.504573999999999911e-01 8.350186519966273924e-03
4.580000000000000000e+02 1.453416999999999903e-01 8.440503770182232468e-03
4.590000000000000000e+02 1.400782999999999889e-01 8.526674270388277452e-03
4.600000000000000000e+02 1.346626999999999963e-01 8.607705770582032428e-03
4.610000000000000000e+02 1.290904999999999969e-01 8.682423770760691259e-03
4.620000000000000000e+02 1.233527999999999986e-01 8.749653770921446069e-03
4.630000000000000000e+02 1.174390000000000017e-01 8.807944521060828008e-03
4.640000000000000000e+02 1.113399999999999945e-01 8.854902021173107970e-03
4.650000000000000000e+02 1.050471000000000044e-01 8.886179271247894931e-03
4.660000000000000000e+02 9.854864000000000679e-02 8.893878771266306923e-03
4.670000000000000000e+02 9.182959000000000260e-02 8.864052771194988814e-03
4.680000000000000000e+02 8.487200999999999773e-02 8.773616270978744358e-03
4.690000000000000000e+02 7.765368000000000270e-02 8.587833770534515979e-03
4.700000000000000000e+02 7.014916000000000207e-02 8.260539769751919226e-03
4.710000000000000000e+02 6.233854999999999952e-02 7.740398268508198211e-03
4.720000000000000000e+02 5.422878999999999894e-02 6.986272516704994731e-03
4.730000000000000000e+02 4.588910000000000211e-02 5.991266264325819345e-03
4.740000000000000000e+02 3.749236999999999709e-02 4.806774011493560213e-03
4.750000000000000000e+02 2.933757000000000031e-02 3.549226508486616471e-03
4.760000000000000000e+02 2.181937999999999933e-02 2.373477755675263388e-03
4.770000000000000000e+02 1.533214999999999925e-02 1.416954153388103217e-03
4.780000000000000000e+02 1.014459000000000020e-02 7.464548267848608630e-04
4.790000000000000000e+02 6.316989999999999758e-03 3.441710258229532544e-04
4.800000000000000000e+02 3.708854000000000144e-03 1.382300778305243160e-04
4.810000000000000000e+02 2.059855000000000193e-03 4.827073511542098614e-05
4.820000000000000000e+02 1.086069999999999961e-03 1.465969953505305912e-05
4.830000000000000000e+02 5.453432999999999935e-04 3.877697259272027659e-06
4.840000000000000000e+02 2.613951000000000208e-04 8.951481021404039852e-07
4.850000000000000000e+02 1.197892000000000016e-04 1.806805354320283167e-07
4.860000000000000000e+02 5.253276999999999746e-05 3.193107757635094742e-08
4.870000000000000000e+02 2.205692000000000023e-05 4.943337761820099229e-09
4.880000000000000000e+02 8.868497000000000007e-06 6.700023016020539126e-10
4.890000000000000000e+02 3.414776000000000084e-06 7.935354018974360428e-11
4.900000000000000000e+02 1.259083999999999921e-06 8.185158019571671156e-12
4.910000000000000000e+02 4.445016000000000235e-07 7.315339517491833381e-13
4.920000000000000000e+02 1.502261999999999956e-07 5.623965013447558681e-14
4.930000000000000000e+02 4.859412999999999999e-08 3.682442258805150573e-15
4.940000000000000000e+02 1.504136000000000109e-08 2.025978979844353034e-16
4.950000000000000000e+02 4.453911999999999788e-09 9.192710271980846856e-18
4.960000000000000000e+02 1.261308999999999951e-09 3.350423258011254212e-19
4.970000000000000000e+02 3.414979999999999926e-10 9.431340772551440977e-21
4.980000000000000000e+02 8.836826000000000458e-11 1.925179204603328817e-22
4.990000000000000000e+02 2.185502000000000031e-11 2.536413756064862138e-24
5.000000000000000000e+02 5.208249000000000379e-12 1.619619978872701066e-26
5.010000000000000000e+02 1.411892000000000099e-12 0.000000000000000000e+00
