1.000000000000000000e+00 4.639840000000000075e-01 1.248580796643796289e-05
2.000000000000000000e+00 4.666375999999999857e-01 1.228553196697630845e-05
3.000000000000000000e+00 4.724907999999999886e-01 1.260191996612585152e-05
4.000000000000000000e+00 4.660360000000000058e-01 1.450948396099829186e-05
5.000000000000000000e+00 4.635970999999999842e-01 1.675997995494892716e-05
6.000000000000000000e+00 4.640231000000000217e-01 1.841031995051278813e-05
7.000000000000000000e+00 4.667281999999999820e-01 1.947636394764724516e-05
8.000000000000000000e+00 4.715831999999999802e-01 2.102337194348886479e-05
9.000000000000000000e+00 4.657963999999999993e-01 2.456299993397429181e-05
1.000000000000000000e+01 4.636847000000000052e-01 2.819797592420342043e-05
1.100000000000000000e+01 4.641487000000000251e-01 3.053319991792630990e-05
1.200000000000000000e+01 4.666965000000000141e-01 3.169453591480461777e-05
1.300000000000000000e+01 4.710950999999999889e-01 3.337697991028218321e-05
1.400000000000000000e+01 4.656733000000000122e-01 3.777963989844776579e-05
1.500000000000000000e+01 4.637380999999999864e-01 4.210211988682887593e-05
1.600000000000000000e+01 4.642170999999999936e-01 4.444719988052526106e-05
1.700000000000000000e+01 4.666472999999999871e-01 4.511127987874020815e-05
1.800000000000000000e+01 4.707357999999999820e-01 4.646047987511353551e-05
1.900000000000000000e+01 4.655660999999999827e-01 5.134891986197334559e-05
2.000000000000000000e+01 4.637440999999999924e-01 5.607419984927171277e-05
2.100000000000000000e+01 4.642277000000000209e-01 5.826271984338894275e-05
2.200000000000000000e+01 4.665640999999999816e-01 5.837103984309777518e-05
2.300000000000000000e+01 4.704186000000000201e-01 5.937415984040136978e-05
2.400000000000000000e+01 4.654426999999999870e-01 6.470343982607618788e-05
2.500000000000000000e+01 4.637050999999999812e-01 6.980683981235818027e-05
2.600000000000000000e+01 4.641909000000000174e-01 7.186615980682270184e-05
2.700000000000000000e+01 4.664496000000000198e-01 7.148727980784112411e-05
2.800000000000000000e+01 4.701157999999999726e-01 7.220943980589995012e-05
2.900000000000000000e+01 4.652977999999999836e-01 7.799371979035172198e-05
3.000000000000000000e+01 4.636282999999999932e-01 8.348127977560107894e-05
3.100000000000000000e+01 4.641152000000000055e-01 8.543559977034783206e-05
3.200000000000000000e+01 4.663069000000000242e-01 8.461067977256524143e-05
3.300000000000000000e+01 4.698155999999999999e-01 8.508507977129004017e-05
3.400000000000000000e+01 4.651308000000000109e-01 9.132047975452919409e-05
3.500000000000000000e+01 4.635183999999999971e-01 9.718135973877505419e-05
3.600000000000000000e+01 4.640055000000000152e-01 9.903363973379611439e-05
3.700000000000000000e+01 4.661377999999999910e-01 9.778039973716482587e-05
3.800000000000000000e+01 4.695111000000000145e-01 9.802071973651885119e-05
3.900000000000000000e+01 4.649414000000000047e-01 1.046933597185826885e-04
4.000000000000000000e+01 4.633778000000000064e-01 1.109107197018703318e-04
4.100000000000000000e+01 4.638641000000000014e-01 1.126586796971718008e-04
4.200000000000000000e+01 4.659426999999999874e-01 1.109892797016591632e-04
4.300000000000000000e+01 4.691973999999999867e-01 1.110051997016163667e-04
4.400000000000000000e+01 4.647290000000000032e-01 1.181015196825413574e-04
4.500000000000000000e+01 4.632077000000000000e-01 1.246605196649106743e-04
4.600000000000000000e+01 4.636925000000000074e-01 1.263031196604953255e-04
4.700000000000000000e+01 4.657221000000000277e-01 1.242298796660682380e-04
4.800000000000000000e+01 4.688714999999999966e-01 1.240310396666027175e-04
4.900000000000000000e+01 4.644932999999999979e-01 1.315399196464187394e-04
5.000000000000000000e+01 4.630093000000000125e-01 1.384284796279021835e-04
5.100000000000000000e+01 4.634919000000000122e-01 1.399662396237686573e-04
5.200000000000000000e+01 4.654761000000000037e-01 1.375010796303950482e-04
5.300000000000000000e+01 4.685308000000000250e-01 1.370966796314820771e-04
5.400000000000000000e+01 4.642339999999999800e-01 1.450085596102148482e-04
5.500000000000000000e+01 4.627831000000000028e-01 1.522165995908395105e-04
5.600000000000000000e+01 4.632627999999999746e-01 1.536505995869849009e-04
5.700000000000000000e+01 4.652047999999999739e-01 1.508047995946344428e-04
5.800000000000000000e+01 4.681735000000000202e-01 1.502033595962511169e-04
5.900000000000000000e+01 4.639507999999999965e-01 1.585099995739227749e-04
6.000000000000000000e+01 4.625294999999999823e-01 1.660288795537119035e-04
6.100000000000000000e+01 4.630057000000000200e-01 1.673606795501320099e-04
6.200000000000000000e+01 4.649083999999999994e-01 1.641447595587764634e-04
6.300000000000000000e+01 4.677985000000000060e-01 1.633540795609018069e-04
6.400000000000000000e+01 4.636434999999999862e-01 1.720481195375321115e-04
6.500000000000000000e+01 4.622488000000000152e-01 1.798702795165059941e-04
6.600000000000000000e+01 4.627213000000000021e-01 1.811015995131961935e-04
6.700000000000000000e+01 4.645868000000000220e-01 1.775251195228098270e-04
6.800000000000000000e+01 4.674045000000000005e-01 1.765520795254253749e-04
6.900000000000000000e+01 4.633118999999999987e-01 1.856267995010323958e-04
7.000000000000000000e+01 4.619412999999999991e-01 1.937455194792091836e-04
7.100000000000000000e+01 4.624095999999999762e-01 1.948780394761649314e-04
7.200000000000000000e+01 4.642399999999999860e-01 1.909497594867242071e-04
7.300000000000000000e+01 4.669904999999999751e-01 1.898007194898128672e-04
7.400000000000000000e+01 4.629557999999999729e-01 1.992500794644127974e-04
7.500000000000000000e+01 4.616070999999999924e-01 2.076595594418080223e-04
7.600000000000000000e+01 4.620708000000000037e-01 2.086952794390239832e-04
7.700000000000000000e+01 4.638680000000000025e-01 2.044235194505065524e-04
7.800000000000000000e+01 4.665560999999999736e-01 2.031043994540523675e-04
7.900000000000000000e+01 4.625752000000000197e-01 2.129231194276594741e-04
8.000000000000000000e+01 4.612464000000000008e-01 2.216183194042866615e-04
8.100000000000000000e+01 4.617051999999999823e-01 2.225591194017577899e-04
8.200000000000000000e+01 4.634708000000000161e-01 2.179513194141436273e-04
8.300000000000000000e+01 4.661004000000000258e-01 2.164673994181324113e-04
8.400000000000000000e+01 4.621697000000000166e-01 2.266505593907599300e-04
8.500000000000000000e+01 4.608591000000000215e-01 2.356268793666314431e-04
8.600000000000000000e+01 4.613127000000000200e-01 2.364747193643524281e-04
8.700000000000000000e+01 4.630483000000000238e-01 2.315379593776225404e-04
8.800000000000000000e+01 4.656229000000000062e-01 2.298942793820407682e-04
8.900000000000000000e+01 4.617392000000000163e-01 2.404376393537000574e-04
9.000000000000000000e+01 4.604453000000000018e-01 2.496913593288259360e-04
9.100000000000000000e+01 4.608934000000000086e-01 2.504484393267908870e-04
9.200000000000000000e+01 4.626003000000000198e-01 2.451894393409271232e-04
9.300000000000000000e+01 4.651231000000000115e-01 2.433908793457616919e-04
9.400000000000000000e+01 4.612837000000000187e-01 2.542909193164622633e-04
9.500000000000000000e+01 4.600049999999999972e-01 2.638190392908505103e-04
9.600000000000000000e+01 4.604475000000000096e-01 2.644876392890533256e-04
9.700000000000000000e+01 4.621269000000000071e-01 2.589126393040389377e-04
9.800000000000000000e+01 4.646005000000000273e-01 2.569637593092775896e-04
9.900000000000000000e+01 4.608028000000000124e-01 2.682173592790277629e-04
1.000000000000000000e+02 4.595381000000000049e-01 2.780171592526857233e-04
1.010000000000000000e+02 4.599748000000000170e-01 2.785994792511204310e-04
1.020000000000000000e+02 4.616278999999999799e-01 2.727141992669401523e-04
1.030000000000000000e+02 4.640547999999999895e-01 2.706191192725717915e-04
1.040000000000000000e+02 4.602963999999999944e-01 2.822235592413788576e-04
1.050000000000000000e+02 4.590445000000000220e-01 2.922929192143122919e-04
1.060000000000000000e+02 4.594751000000000252e-01 2.927911592129730286e-04
1.070000000000000000e+02 4.611028999999999822e-01 2.866010792296120094e-04
1.080000000000000000e+02 4.634853999999999918e-01 2.843639992356253288e-04
1.090000000000000000e+02 4.597643000000000146e-01 2.963172392034948369e-04
1.100000000000000000e+02 4.585240999999999900e-01 3.066547191757076018e-04
1.110000000000000000e+02 4.589485999999999843e-01 3.070714791745872852e-04
1.120000000000000000e+02 4.605521000000000198e-01 3.005818791920314209e-04
1.130000000000000000e+02 4.628920000000000257e-01 2.982069191984153787e-04
1.140000000000000000e+02 4.592063000000000117e-01 3.105075191653511855e-04
1.150000000000000000e+02 4.579769000000000201e-01 3.211122791368454447e-04
1.160000000000000000e+02 4.583949999999999969e-01 3.214500391359375263e-04
1.170000000000000000e+02 4.599751999999999730e-01 3.146657991541736599e-04
1.180000000000000000e+02 4.622743000000000269e-01 3.121567991609178454e-04
1.190000000000000000e+02 4.586221999999999799e-01 3.248037591269226998e-04
1.200000000000000000e+02 4.574025999999999925e-01 3.356752390976999322e-04
1.210000000000000000e+02 4.578143000000000074e-01 3.359363990969979662e-04
1.220000000000000000e+02 4.593717999999999968e-01 3.288619591160141568e-04
1.230000000000000000e+02 4.616317999999999810e-01 3.262225991231087986e-04
1.240000000000000000e+02 4.580116000000000187e-01 3.392153190881841765e-04
1.250000000000000000e+02 4.568011000000000155e-01 3.503534390582447558e-04
1.260000000000000000e+02 4.572061000000000042e-01 3.505405590577417656e-04
1.270000000000000000e+02 4.587418999999999802e-01 3.431801190775267060e-04
1.280000000000000000e+02 4.609640999999999877e-01 3.404141190849618187e-04
1.290000000000000000e+02 4.573744000000000143e-01 3.537525190491079856e-04
1.300000000000000000e+02 4.561721000000000248e-01 3.651577590184505360e-04
1.310000000000000000e+02 4.565704999999999902e-01 3.652734790181394963e-04
1.320000000000000000e+02 4.580852000000000257e-01 3.576310790386823019e-04
1.330000000000000000e+02 4.602708999999999828e-01 3.547420790464480569e-04
1.340000000000000000e+02 4.567103000000000135e-01 3.684267590096633742e-04
1.350000000000000000e+02 4.555155000000000176e-01 3.801001589782851495e-04
1.360000000000000000e+02 4.559070000000000067e-01 3.801472389781585556e-04
1.370000000000000000e+02 4.574013000000000106e-01 3.722266789994491381e-04
1.380000000000000000e+02 4.595517000000000074e-01 3.692183590075356014e-04
1.390000000000000000e+02 4.560190000000000077e-01 3.832503989698172174e-04
1.400000000000000000e+02 4.548308999999999824e-01 3.951933989377143068e-04
1.410000000000000000e+02 4.552155999999999980e-01 3.951745189377649735e-04
1.420000000000000000e+02 4.566900999999999877e-01 3.869792389597940326e-04
1.430000000000000000e+02 4.588063000000000002e-01 3.838549989681920636e-04
1.440000000000000000e+02 4.553000999999999854e-01 3.982358389295361217e-04
1.450000000000000000e+02 4.541182000000000274e-01 4.104503988967032413e-04
1.460000000000000000e+02 4.544958000000000053e-01 4.103679988969247258e-04
1.470000000000000000e+02 4.559512000000000009e-01 4.019011989196835948e-04
1.480000000000000000e+02 4.580339999999999967e-01 3.986646389283834708e-04
1.490000000000000000e+02 4.545533999999999963e-01 4.133963988887843729e-04
1.500000000000000000e+02 4.533769000000000271e-01 4.258843988552164501e-04
1.510000000000000000e+02 4.537474000000000229e-01 4.257415988556002427e-04
1.520000000000000000e+02 4.551840999999999804e-01 4.170063988790806290e-04
1.530000000000000000e+02 4.572344999999999882e-01 4.136607988880736347e-04
1.540000000000000000e+02 4.537783000000000233e-01 4.287455988475254577e-04
1.550000000000000000e+02 4.526067999999999758e-01 4.415103988132135118e-04
1.560000000000000000e+02 4.529700999999999866e-01 4.413099988137521648e-04
1.570000000000000000e+02 4.543885999999999759e-01 4.323091988379464579e-04
1.580000000000000000e+02 4.564073000000000158e-01 4.288579988472233473e-04
1.590000000000000000e+02 4.529746000000000050e-01 4.442991988057171646e-04
1.600000000000000000e+02 4.518074000000000257e-01 4.573439987706525291e-04
1.610000000000000000e+02 4.521632999999999902e-01 4.570887987713384863e-04
1.620000000000000000e+02 4.535642999999999758e-01 4.478247987962402947e-04
1.630000000000000000e+02 4.555520000000000125e-01 4.442719988057902887e-04
1.640000000000000000e+02 4.521417999999999826e-01 4.600735987633153214e-04
1.650000000000000000e+02 4.509784000000000015e-01 4.734019987274883817e-04
1.660000000000000000e+02 4.513269999999999782e-01 4.730951987283130850e-04
1.670000000000000000e+02 4.527107000000000214e-01 4.635703987539158545e-04
1.680000000000000000e+02 4.546680000000000166e-01 4.599191987637303407e-04
1.690000000000000000e+02 4.512795000000000001e-01 4.760851987202758639e-04
1.700000000000000000e+02 4.501193000000000000e-01 4.897011986836758953e-04
1.710000000000000000e+02 4.504603999999999830e-01 4.893455986846317884e-04
1.720000000000000000e+02 4.518271999999999844e-01 4.795619987109302380e-04
1.730000000000000000e+02 4.537547000000000108e-01 4.758163987209984374e-04
1.740000000000000000e+02 4.503869999999999818e-01 4.923507986765537263e-04
1.750000000000000000e+02 4.492296000000000067e-01 5.062595986391666726e-04
1.760000000000000000e+02 4.495630999999999933e-01 5.058583986402451433e-04
1.770000000000000000e+02 4.509135000000000226e-01 4.958179986672338292e-04
1.780000000000000000e+02 4.528114999999999779e-01 4.919811986775472377e-04
1.790000000000000000e+02 4.494639999999999747e-01 5.088899986320960696e-04
1.800000000000000000e+02 4.483088000000000073e-01 5.230959985939101498e-04
1.810000000000000000e+02 4.486346999999999974e-01 5.226523985951025313e-04
1.820000000000000000e+02 4.499690000000000079e-01 5.123575986227751162e-04
1.830000000000000000e+02 4.518380000000000174e-01 5.084331986333240653e-04
1.840000000000000000e+02 4.485098000000000140e-01 5.257223985868504342e-04
1.850000000000000000e+02 4.473564999999999903e-01 5.402323985478472588e-04
1.860000000000000000e+02 4.476745999999999781e-01 5.397495985491451015e-04
1.870000000000000000e+02 4.489930999999999783e-01 5.292015985774981999e-04
1.880000000000000000e+02 4.508333999999999953e-01 5.251939985882707459e-04
1.890000000000000000e+02 4.475238999999999745e-01 5.428699985407573186e-04
1.900000000000000000e+02 4.463718999999999881e-01 5.576895985009221006e-04
1.910000000000000000e+02 4.466821000000000264e-01 5.571707985023166294e-04
1.920000000000000000e+02 4.479851000000000250e-01 5.463715985313450686e-04
1.930000000000000000e+02 4.497971000000000052e-01 5.422847985423304325e-04
1.940000000000000000e+02 4.465054999999999996e-01 5.603543984937590363e-04
1.950000000000000000e+02 4.453543999999999836e-01 5.754903984530731695e-04
1.960000000000000000e+02 4.456567000000000167e-01 5.749391984545548784e-04
1.970000000000000000e+02 4.469444000000000194e-01 5.638899984842552730e-04
1.980000000000000000e+02 4.487283000000000244e-01 5.597279984954427840e-04
1.990000000000000000e+02 4.454540000000000166e-01 5.781991984457919695e-04
2.000000000000000000e+02 4.443034000000000150e-01 5.936591984042352771e-04
2.010000000000000000e+02 4.445975999999999817e-01 5.930791984057943349e-04
2.020000000000000000e+02 4.458701999999999943e-01 5.817807984361645724e-04
2.030000000000000000e+02 4.476261999999999741e-01 5.775475984475434517e-04
2.040000000000000000e+02 4.443687000000000054e-01 5.964291983967894397e-04
2.050000000000000000e+02 4.432180000000000009e-01 6.122207983543413116e-04
2.060000000000000000e+02 4.435040000000000093e-01 6.116155983559682123e-04
2.070000000000000000e+02 4.447618999999999878e-01 6.000695983870039593e-04
2.080000000000000000e+02 4.464899999999999980e-01 5.957703983985602591e-04
2.090000000000000000e+02 4.432486999999999955e-01 6.150715983466784314e-04
2.100000000000000000e+02 4.420975999999999795e-01 6.312035983033154139e-04
2.110000000000000000e+02 4.423753000000000268e-01 6.305775983049981053e-04
2.120000000000000000e+02 4.436185000000000267e-01 6.187851983366961933e-04
2.130000000000000000e+02 4.453189000000000175e-01 6.144251983484158575e-04
2.140000000000000000e+02 4.420933000000000224e-01 6.341559982953792664e-04
2.150000000000000000e+02 4.409413999999999834e-01 6.506379982510753597e-04
2.160000000000000000e+02 4.412107000000000112e-01 6.499951982528032798e-04
2.170000000000000000e+02 4.424392999999999798e-01 6.379575982851604316e-04
2.180000000000000000e+02 4.441119000000000039e-01 6.335411982970318417e-04
2.190000000000000000e+02 4.409013999999999989e-01 6.537123982428113189e-04
2.200000000000000000e+02 4.397482999999999809e-01 6.705539981975408483e-04
2.210000000000000000e+02 4.400089999999999835e-01 6.698979981993041658e-04
2.220000000000000000e+02 4.412231999999999821e-01 6.576155982323194336e-04
2.230000000000000000e+02 4.428679999999999839e-01 6.531483982443273689e-04
2.240000000000000000e+02 4.396721000000000101e-01 6.737715981888919587e-04
2.250000000000000000e+02 4.385172999999999988e-01 6.909831981426269205e-04
2.260000000000000000e+02 4.387692999999999732e-01 6.903187981444128523e-04
2.270000000000000000e+02 4.399692000000000047e-01 6.777931981780817945e-04
2.280000000000000000e+02 4.415861999999999843e-01 6.732807981902111426e-04
2.290000000000000000e+02 4.384044999999999748e-01 6.943687981335262870e-04
2.300000000000000000e+02 4.372475000000000112e-01 7.119623980862345609e-04
2.310000000000000000e+02 4.374907000000000101e-01 7.112943980880301071e-04
2.320000000000000000e+02 4.386763000000000190e-01 6.985267981223495549e-04
2.330000000000000000e+02 4.402653000000000261e-01 6.939755981345833080e-04
2.340000000000000000e+02 4.370973000000000219e-01 7.155419980766124450e-04
2.350000000000000000e+02 4.359378999999999893e-01 7.335303980282594730e-04
2.360000000000000000e+02 4.361720000000000041e-01 7.328639980300506859e-04
2.370000000000000000e+02 4.373433999999999933e-01 7.198551980650185270e-04
2.380000000000000000e+02 4.389042000000000221e-01 7.152723980773371308e-04
2.390000000000000000e+02 4.357495000000000118e-01 7.373323980180394735e-04
2.400000000000000000e+02 4.345871000000000040e-01 7.557279979685919708e-04
2.410000000000000000e+02 4.348119999999999763e-01 7.550687979703638465e-04
2.420000000000000000e+02 4.359692000000000012e-01 7.418203980059757474e-04
2.430000000000000000e+02 4.375015999999999905e-01 7.372127980183610296e-04
2.440000000000000000e+02 4.343596000000000124e-01 7.597819979576946265e-04
2.450000000000000000e+02 4.331940000000000235e-01 7.785987979071147579e-04
2.460000000000000000e+02 4.334094000000000002e-01 7.779519979088534570e-04
2.470000000000000000e+02 4.345523000000000025e-01 7.644647979451071971e-04
2.480000000000000000e+02 4.360559999999999992e-01 7.598403979575377078e-04
2.490000000000000000e+02 4.329263999999999890e-01 7.829351978954584949e-04
2.500000000000000000e+02 4.317570000000000019e-01 8.021883978437056905e-04
2.510000000000000000e+02 4.319627999999999801e-01 8.015599978453947193e-04
2.520000000000000000e+02 4.330914000000000152e-01 7.878355978822862904e-04
2.530000000000000000e+02 4.345659000000000050e-01 7.832027978947391986e-04
2.540000000000000000e+02 4.314485000000000126e-01 8.068419978311967746e-04
2.550000000000000000e+02 4.302748000000000128e-01 8.265479977782266450e-04
2.560000000000000000e+02 4.304707999999999868e-01 8.259451977798469915e-04
2.570000000000000000e+02 4.315849999999999964e-01 8.119855978173706789e-04
2.580000000000000000e+02 4.330300000000000260e-01 8.073543978298193622e-04
2.590000000000000000e+02 4.299241999999999786e-01 8.315575977647607798e-04
2.600000000000000000e+02 4.287459000000000131e-01 8.517343977105252531e-04
2.610000000000000000e+02 4.289317999999999742e-01 8.511643977120574717e-04
2.620000000000000000e+02 4.300314000000000081e-01 8.369719977502068295e-04
2.630000000000000000e+02 4.314465000000000106e-01 8.323527977626233925e-04
2.640000000000000000e+02 4.283520000000000105e-01 8.571415976959906400e-04
2.650000000000000000e+02 4.271686000000000094e-01 8.778071976404412105e-04
2.660000000000000000e+02 4.273442000000000074e-01 8.772779976418636346e-04
2.670000000000000000e+02 4.284290000000000043e-01 8.628547976806334903e-04
2.680000000000000000e+02 4.298136000000000179e-01 8.582583976929886562e-04
2.690000000000000000e+02 4.267298999999999953e-01 8.836551976247216094e-04
2.700000000000000000e+02 4.255410000000000026e-01 9.048299975678034341e-04
2.710000000000000000e+02 4.257059999999999733e-01 9.043495975690948310e-04
2.720000000000000000e+02 4.267757999999999829e-01 8.896983976084774657e-04
2.730000000000000000e+02 4.281291999999999875e-01 8.851371976207379495e-04
2.740000000000000000e+02 4.250560999999999923e-01 9.111667975507701470e-04
2.750000000000000000e+02 4.238611999999999935e-01 9.328719974924262704e-04
2.760000000000000000e+02 4.240152999999999839e-01 9.324495974935616965e-04
2.770000000000000000e+02 4.250699000000000005e-01 9.175739975335473874e-04
2.780000000000000000e+02 4.263913999999999760e-01 9.130615975456768440e-04
2.790000000000000000e+02 4.233283999999999936e-01 9.397503974739369490e-04
2.800000000000000000e+02 4.221270999999999773e-01 9.620095974141039700e-04
2.810000000000000000e+02 4.222698999999999758e-01 9.616551974150564777e-04
2.820000000000000000e+02 4.233089999999999908e-01 9.465595974556337147e-04
2.830000000000000000e+02 4.245978999999999726e-01 9.421119974675889195e-04
2.840000000000000000e+02 4.215447999999999973e-01 9.694895973939974708e-04
2.850000000000000000e+02 4.203365000000000018e-01 9.923275973326086026e-04
2.860000000000000000e+02 4.204676999999999998e-01 9.920527973333473446e-04
2.870000000000000000e+02 4.214909000000000017e-01 9.767423973745018549e-04
2.880000000000000000e+02 4.227463000000000193e-01 9.723767973862367398e-04
2.890000000000000000e+02 4.197028999999999899e-01 1.000473997310710999e-03
2.900000000000000000e+02 4.184871000000000008e-01 1.023918397247692170e-03
2.910000000000000000e+02 4.186062999999999867e-01 1.023734797248185540e-03
2.920000000000000000e+02 4.196131000000000166e-01 1.008215597289901589e-03
2.930000000000000000e+02 4.208340999999999887e-01 1.003949997301367431e-03
2.940000000000000000e+02 4.177997999999999990e-01 1.032799997223818322e-03
2.950000000000000000e+02 4.165760000000000018e-01 1.056879597159092075e-03
2.960000000000000000e+02 4.166827000000000170e-01 1.056801197159302564e-03
2.970000000000000000e+02 4.176728000000000107e-01 1.041079597201562601e-03
2.980000000000000000e+02 4.188583000000000167e-01 1.036935197212702662e-03
2.990000000000000000e+02 4.158330000000000082e-01 1.066575197133030114e-03
3.000000000000000000e+02 4.146004999999999829e-01 1.091321197066512545e-03
3.010000000000000000e+02 4.146944000000000186e-01 1.091362797066400530e-03
3.020000000000000000e+02 4.156671000000000116e-01 1.075448797109177608e-03
3.030000000000000000e+02 4.168161000000000227e-01 1.071449197119928596e-03
3.040000000000000000e+02 4.137992999999999810e-01 1.101918797038025765e-03
3.050000000000000000e+02 4.125577000000000272e-01 1.127365996969623358e-03
3.060000000000000000e+02 4.126382000000000105e-01 1.127544396969143827e-03
3.070000000000000000e+02 4.135928999999999855e-01 1.111447197012413327e-03
3.080000000000000000e+02 4.147040000000000171e-01 1.107619197022703065e-03
3.090000000000000000e+02 4.116954999999999920e-01 1.138961196938455310e-03
3.100000000000000000e+02 4.104440999999999784e-01 1.165146396868069157e-03
3.110000000000000000e+02 4.105106000000000033e-01 1.165479996867172440e-03
3.120000000000000000e+02 4.114465999999999957e-01 1.149211996910901078e-03
3.130000000000000000e+02 4.125185000000000102e-01 1.145585196920650105e-03
3.140000000000000000e+02 4.095178999999999903e-01 1.177847196833929242e-03
3.150000000000000000e+02 4.082561000000000107e-01 1.204811196761449441e-03
3.160000000000000000e+02 4.083082000000000100e-01 1.205321196760078799e-03
3.170000000000000000e+02 4.092246999999999968e-01 1.188897596804225571e-03
3.180000000000000000e+02 4.102559000000000067e-01 1.185505996813342264e-03
3.190000000000000000e+02 4.072628999999999833e-01 1.218739996724008817e-03
3.200000000000000000e+02 4.059900000000000175e-01 1.246526796649317448e-03
3.210000000000000000e+02 4.060268000000000210e-01 1.247236396647409887e-03
3.220000000000000000e+02 4.069228999999999763e-01 1.230673596691931162e-03
3.230000000000000000e+02 4.079116999999999882e-01 1.227555196700313555e-03
3.240000000000000000e+02 4.049260000000000081e-01 1.261816396608218729e-03
3.250000000000000000e+02 4.036411999999999778e-01 1.290474396531185713e-03
3.260000000000000000e+02 4.036621000000000237e-01 1.291409996528670653e-03
3.270000000000000000e+02 4.045367999999999742e-01 1.274729596573507878e-03
3.280000000000000000e+02 4.054814999999999947e-01 1.271927596581039731e-03
3.290000000000000000e+02 4.025026999999999910e-01 1.307279196486014258e-03
3.300000000000000000e+02 4.012052999999999869e-01 1.336861996406495242e-03
3.310000000000000000e+02 4.012094999999999967e-01 1.338053596403292059e-03
3.320000000000000000e+02 4.020617000000000218e-01 1.321279996448379611e-03
3.330000000000000000e+02 4.029600999999999877e-01 1.318843196454929896e-03
3.340000000000000000e+02 3.999878000000000045e-01 1.355352796356791480e-03
3.350000000000000000e+02 3.986771000000000065e-01 1.385917596274632933e-03
3.360000000000000000e+02 3.986636000000000069e-01 1.387399196270650437e-03
3.370000000000000000e+02 3.994919000000000109e-01 1.370562396315907908e-03
3.380000000000000000e+02 4.003419999999999757e-01 1.368547196321324771e-03
3.390000000000000000e+02 3.973760000000000070e-01 1.406291196219868530e-03
3.400000000000000000e+02 3.960509999999999864e-01 1.437902796134895873e-03
3.410000000000000000e+02 3.960189000000000070e-01 1.439713996130027440e-03
3.420000000000000000e+02 3.968220000000000081e-01 1.422847996175363641e-03
3.430000000000000000e+02 3.976212000000000080e-01 1.421318396179474834e-03
3.440000000000000000e+02 3.946609999999999840e-01 1.460378796074480014e-03
3.450000000000000000e+02 3.933206000000000202e-01 1.493107595986504534e-03
3.460000000000000000e+02 3.932687999999999739e-01 1.495292395980631593e-03
3.470000000000000000e+02 3.940449999999999786e-01 1.478440396025930284e-03
3.480000000000000000e+02 3.947909000000000002e-01 1.477470396028537480e-03
3.490000000000000000e+02 3.918361000000000205e-01 1.517941995919749312e-03
3.500000000000000000e+02 3.904794999999999794e-01 1.551867595828556809e-03
3.510000000000000000e+02 3.904067999999999983e-01 1.554477995821539884e-03
3.520000000000000000e+02 3.911543000000000103e-01 1.537690395866665380e-03
3.530000000000000000e+02 3.918438000000000199e-01 1.537364795867540539e-03
3.540000000000000000e+02 3.888939000000000146e-01 1.579350395754682695e-03
3.550000000000000000e+02 3.875198999999999727e-01 1.614560395660037846e-03
3.560000000000000000e+02 3.874249000000000165e-01 1.617655995651716633e-03
3.570000000000000000e+02 3.881414999999999726e-01 1.600993595696505352e-03
3.580000000000000000e+02 3.887714999999999921e-01 1.601412395695379649e-03
3.590000000000000000e+02 3.858261000000000052e-01 1.645029195578137128e-03
3.600000000000000000e+02 3.844335999999999864e-01 1.681623595479770673e-03
3.610000000000000000e+02 3.843148000000000120e-01 1.685273995469958354e-03
3.620000000000000000e+02 3.849982000000000126e-01 1.668809195514216193e-03
3.630000000000000000e+02 3.855650999999999939e-01 1.670085995510784023e-03
3.640000000000000000e+02 3.826235000000000053e-01 1.715463995388807157e-03
3.650000000000000000e+02 3.812110000000000221e-01 1.753552795286423974e-03
3.660000000000000000e+02 3.810666999999999804e-01 1.757838795274903288e-03
3.670000000000000000e+02 3.817143000000000064e-01 1.741659595318393108e-03
3.680000000000000000e+02 3.822141000000000011e-01 1.743927995312295623e-03
3.690000000000000000e+02 3.792757999999999963e-01 1.791215995185184776e-03
3.700000000000000000e+02 3.778419000000000083e-01 1.830924795078446923e-03
3.710000000000000000e+02 3.776701000000000086e-01 1.835941995064960556e-03
3.720000000000000000e+02 3.782787000000000233e-01 1.820154795107396849e-03
3.730000000000000000e+02 3.787071000000000187e-01 1.823572395098210308e-03
3.740000000000000000e+02 3.757713999999999777e-01 1.872938794965512679e-03
3.750000000000000000e+02 3.743144999999999945e-01 1.914411594854033196e-03
3.760000000000000000e+02 3.741130999999999762e-01 1.920274394838273864e-03
3.770000000000000000e+02 3.746792999999999929e-01 1.905009994879304849e-03
3.780000000000000000e+02 3.750315000000000176e-01 1.909762794866529329e-03
3.790000000000000000e+02 3.720975000000000255e-01 1.961400794727725765e-03
3.800000000000000000e+02 3.706157999999999952e-01 2.004801994611062413e-03
3.810000000000000000e+02 3.703820999999999919e-01 2.011645194592667774e-03
3.820000000000000000e+02 3.709018000000000037e-01 1.997061194631869711e-03
3.830000000000000000e+02 3.711723000000000106e-01 2.003369594614912933e-03
3.840000000000000000e+02 3.682391999999999888e-01 2.057502394469403004e-03
3.850000000000000000e+02 3.667307000000000206e-01 2.103022794347043402e-03
3.860000000000000000e+02 3.664620000000000100e-01 2.111010394325572598e-03
3.870000000000000000e+02 3.669305999999999957e-01 2.097301994362421162e-03
3.880000000000000000e+02 3.671132999999999758e-01 2.105429194340574690e-03
3.890000000000000000e+02 3.641799000000000008e-01 2.162314394187666699e-03
3.900000000000000000e+02 3.626422999999999730e-01 2.210174794059017404e-03
3.910000000000000000e+02 3.623351000000000210e-01 2.219504394033939339e-03
3.920000000000000000e+02 3.627472999999999947e-01 2.206912394067786758e-03
3.930000000000000000e+02 3.628353999999999746e-01 2.217174794040201354e-03
3.940000000000000000e+02 3.599006000000000149e-01 2.277115193879080454e-03
3.950000000000000000e+02 3.583313000000000192e-01 2.327577193743437904e-03
3.960000000000000000e+02 3.579817000000000138e-01 2.338491993714098688e-03
3.970000000000000000e+02 3.583311000000000135e-01 2.327314393744144092e-03
3.980000000000000000e+02 3.583168999999999937e-01 2.340094793709790628e-03
3.990000000000000000e+02 3.553791000000000033e-01 2.403447193539498192e-03
4.000000000000000000e+02 3.537751000000000090e-01 2.456821593396027285e-03
4.010000000000000000e+02 3.533785999999999872e-01 2.469621593361620224e-03
4.020000000000000000e+02 3.536580999999999753e-01 2.460233993386854584e-03
4.030000000000000000e+02 3.535327999999999804e-01 2.476000793344472917e-03
4.040000000000000000e+02 3.505902000000000185e-01 2.543191593163862847e-03
4.050000000000000000e+02 3.489480999999999833e-01 2.599851993011559510e-03
4.060000000000000000e+02 3.484991000000000061e-01 2.614913592971073245e-03
4.070000000000000000e+02 3.487000000000000099e-01 2.607790392990220682e-03
4.080000000000000000e+02 3.484538999999999831e-01 2.627120792938260341e-03
4.090000000000000000e+02 3.455042999999999864e-01 2.698666792745943715e-03
4.100000000000000000e+02 3.438202000000000202e-01 2.759071192583575482e-03
4.110000000000000000e+02 3.433123000000000147e-01 2.776871992535726984e-03
4.120000000000000000e+02 3.434244000000000185e-01 2.772618392547160707e-03
4.130000000000000000e+02 3.430462000000000233e-01 2.796230392483691190e-03
4.140000000000000000e+02 3.400869000000000253e-01 2.872761592277974212e-03
4.150000000000000000e+02 3.383558999999999872e-01 2.937478392104014499e-03
4.160000000000000000e+02 3.377814000000000094e-01 2.958631192047155283e-03
4.170000000000000000e+02 3.377925999999999984e-01 2.958026792048780180e-03
4.180000000000000000e+02 3.372694999999999999e-01 2.986824791971370765e-03
4.190000000000000000e+02 3.342970000000000108e-01 3.069123591750149739e-03
4.200000000000000000e+02 3.325135000000000174e-01 3.138868391562675032e-03
4.210000000000000000e+02 3.318627000000000105e-01 3.164171191494660751e-03
4.220000000000000000e+02 3.317585000000000117e-01 3.168231991483745451e-03
4.230000000000000000e+02 3.310756999999999728e-01 3.203367991389299146e-03
4.240000000000000000e+02 3.280857999999999830e-01 3.292421191149922950e-03
4.250000000000000000e+02 3.262429000000000023e-01 3.368113990946459274e-03
4.260000000000000000e+02 3.255042000000000213e-01 3.398623190864450035e-03
4.270000000000000000e+02 3.252669000000000255e-01 3.408690390837389606e-03
4.280000000000000000e+02 3.244074000000000124e-01 3.451649990721913138e-03
4.290000000000000000e+02 3.213946999999999776e-01 3.548725590460972620e-03
4.300000000000000000e+02 3.194838999999999873e-01 3.631574790238273082e-03
4.310000000000000000e+02 3.186427000000000009e-01 3.668714390138441087e-03
4.320000000000000000e+02 3.182508000000000004e-01 3.686584790090405121e-03
4.330000000000000000e+02 3.171946999999999961e-01 3.739317589948658316e-03
4.340000000000000000e+02 3.141521999999999926e-01 3.846078789661683001e-03
4.350000000000000000e+02 3.121627000000000152e-01 3.937709989415377060e-03
4.360000000000000000e+02 3.112004999999999910e-01 3.983438389292458248e-03
4.370000000000000000e+02 3.106277000000000066e-01 4.011563989216856106e-03
4.380000000000000000e+02 3.093522000000000216e-01 4.076675989041834633e-03
4.390000000000000000e+02 3.062706000000000039e-01 4.195363988722799510e-03
4.400000000000000000e+02 3.041887999999999814e-01 4.298031988446826025e-03
4.410000000000000000e+02 3.030819000000000152e-01 4.355107988293405001e-03
4.420000000000000000e+02 3.022955999999999976e-01 4.396899988181067476e-03
4.430000000000000000e+02 3.007735999999999743e-01 4.477967987963155094e-03
4.440000000000000000e+02 2.976407999999999832e-01 4.611703987603670701e-03
4.450000000000000000e+02 2.954485000000000028e-01 4.728639987289345523e-03
4.460000000000000000e+02 2.941662999999999917e-01 4.801071987094646977e-03
4.470000000000000000e+02 2.931256999999999890e-01 4.861411986932452807e-03
4.480000000000000000e+02 2.913256000000000179e-01 4.963471986658113400e-03
4.490000000000000000e+02 2.881249000000000171e-01 5.116763986246062115e-03
4.500000000000000000e+02 2.857975999999999850e-01 5.252799985880396254e-03
4.510000000000000000e+02 2.842994999999999828e-01 5.346587985628291524e-03
4.520000000000000000e+02 2.829536999999999747e-01 5.432655985396940036e-03
4.530000000000000000e+02 2.808379999999999765e-01 5.563051985046432724e-03
4.540000000000000000e+02 2.775461000000000178e-01 5.742687984563569353e-03
4.550000000000000000e+02 2.750499000000000138e-01 5.905283984126509338e-03
4.560000000000000000e+02 2.732817000000000163e-01 6.029655983792195362e-03
4.570000000000000000e+02 2.715664999999999885e-01 6.152239983462687474e-03
4.580000000000000000e+02 2.690906000000000131e-01 6.321895983006649289e-03
4.590000000000000000e+02 2.656736000000000097e-01 6.538287982424984511e-03
4.600000000000000000e+02 2.629602999999999802e-01 6.739103981885188367e-03
4.610000000000000000e+02 2.608483999999999803e-01 6.908267981430473402e-03
4.620000000000000000e+02 2.586830999999999992e-01 7.083523980959382724e-03
4.630000000000000000e+02 2.557931999999999984e-01 7.308567980354460994e-03
4.640000000000000000e+02 2.522008000000000028e-01 7.577427979631760555e-03
4.650000000000000000e+02 2.491993000000000125e-01 7.834231978941468347e-03
4.660000000000000000e+02 2.466435999999999906e-01 8.069431978309248021e-03
4.670000000000000000e+02 2.439274999999999916e-01 8.320735977633738831e-03
4.680000000000000000e+02 2.405569999999999931e-01 8.624331976817667389e-03
4.690000000000000000e+02 2.367122000000000115e-01 8.969315975890344503e-03
4.700000000000000000e+02 2.333164000000000071e-01 9.310631974972881711e-03
4.710000000000000000e+02 2.301812000000000025e-01 9.648459974064795691e-03
4.720000000000000000e+02 2.267909999999999926e-01 1.002201597306067241e-02
4.730000000000000000e+02 2.228538999999999937e-01 1.046457597187106479e-02
4.740000000000000000e+02 2.186316000000000093e-01 1.097453197050029562e-02
4.750000000000000000e+02 2.146762000000000115e-01 1.154047196897903943e-02
4.760000000000000000e+02 2.107727000000000073e-01 1.219965596720714272e-02
4.770000000000000000e+02 2.065519000000000105e-01 1.302659196498432564e-02
4.780000000000000000e+02 2.019172999999999940e-01 1.409678796210762398e-02
4.790000000000000000e+02 1.971109000000000055e-01 1.547036395841543122e-02
4.800000000000000000e+02 1.923639000000000043e-01 1.720717595374685743e-02
4.810000000000000000e+02 1.874985000000000124e-01 1.937600794791700248e-02
4.820000000000000000e+02 1.823336000000000123e-01 2.199539194087606064e-02
4.830000000000000000e+02 1.768859999999999877e-01 2.494123193295759780e-02
4.840000000000000000e+02 1.712465999999999988e-01 2.786988792508532722e-02
4.850000000000000000e+02 1.653577999999999992e-01 3.019643591883153233e-02
4.860000000000000000e+02 1.590070000000000094e-01 3.116235591623512519e-02
4.870000000000000000e+02 1.520494000000000012e-01 3.004251991924525647e-02
4.880000000000000000e+02 1.444586999999999954e-01 2.650886792874377132e-02
4.890000000000000000e+02 1.362704999999999889e-01 2.096917594363454165e-02
4.900000000000000000e+02 1.275623999999999925e-01 1.456660796084474283e-02
4.910000000000000000e+02 1.184420999999999946e-01 8.707203976594905803e-03
4.920000000000000000e+02 1.089940999999999965e-01 4.388671988203184451e-03
4.930000000000000000e+02 9.924500999999999462e-02 1.826847595089406287e-03
4.940000000000000000e+02 8.919241999999999448e-02 6.141307983492072216e-04
4.950000000000000000e+02 7.885201000000000016e-02 1.624719995632728335e-04
4.960000000000000000e+02 6.829367000000000076e-02 3.275175591196279040e-05
4.970000000000000000e+02 5.768563000000000163e-02 4.813747987060573734e-06
4.980000000000000000e+02 4.737759999999999888e-02 4.822767987036327373e-07
4.990000000000000000e+02 3.802479999999999749e-02 2.919676392151866606e-08
5.000000000000000000e+02 3.066373999999999836e-02 7.984507978537524270e-10
5.010000000000000000e+02 2.653356999999999938e-02 0.000000000000000000e+00
