1.000000000000000000e+00 9.977595999999999687e-01 3.905101117016730406e-06
2.000000000000000000e+00 9.974566999999999739e-01 6.448167787529235167e-06
3.000000000000000000e+00 9.975032999999999817e-01 8.083195567779637579e-06
4.000000000000000000e+00 9.975095999999999963e-01 9.468755569874998541e-06
5.000000000000000000e+00 9.975123999999999658e-01 1.071161446064344139e-05
6.000000000000000000e+00 9.975135000000000529e-01 1.187450001795760795e-05
7.000000000000000000e+00 9.975138000000000060e-01 1.299418890853978448e-05
8.000000000000000000e+00 9.975136999999999476e-01 1.409418891020329753e-05
9.000000000000000000e+00 9.975131999999999888e-01 1.518998891186045540e-05
1.000000000000000000e+01 9.975125999999999715e-01 1.629187780241571316e-05
1.100000000000000000e+01 9.975117999999999485e-01 1.740651113743468733e-05
1.200000000000000000e+01 9.975108000000000308e-01 1.853796669470132369e-05
1.300000000000000000e+01 9.975098000000000020e-01 1.968846669644120923e-05
1.400000000000000000e+01 9.975087000000000259e-01 2.085890003154456521e-05
1.500000000000000000e+01 9.975074000000000440e-01 2.204920003334464009e-05
1.600000000000000000e+01 9.975060999999999511e-01 2.325871114628487175e-05
1.700000000000000000e+01 9.975047999999999693e-01 2.448634448147473695e-05
1.800000000000000000e+01 9.975032999999999817e-01 2.573083337224564519e-05
1.900000000000000000e+01 9.975017000000000467e-01 2.699076670748435338e-05
2.000000000000000000e+01 9.975003999999999538e-01 2.826495559830017882e-05
2.100000000000000000e+01 9.974984999999999546e-01 2.955182226691295392e-05
2.200000000000000000e+01 9.974967999999999613e-01 3.085040004665454621e-05
2.300000000000000000e+01 9.974952000000000263e-01 3.215958893752330326e-05
2.400000000000000000e+01 9.974933000000000272e-01 3.347833338396205896e-05
2.500000000000000000e+01 9.974914000000000280e-01 3.480585560819187058e-05
2.600000000000000000e+01 9.974893999999999705e-01 3.614138894354491103e-05
2.700000000000000000e+01 9.974872999999999656e-01 3.748427783446462493e-05
2.800000000000000000e+01 9.974853000000000192e-01 3.883401116983913661e-05
2.900000000000000000e+01 9.974828999999999501e-01 4.018990006077851663e-05
3.000000000000000000e+01 9.974806999999999979e-01 4.155170006283794959e-05
3.100000000000000000e+01 9.974783999999999873e-01 4.291896673157230790e-05
3.200000000000000000e+01 9.974758999999999709e-01 4.429128895586987197e-05
3.300000000000000000e+01 9.974733999999999545e-01 4.566841118017468361e-05
3.400000000000000000e+01 9.974709000000000492e-01 4.705006673781969611e-05
3.500000000000000000e+01 9.974682000000000270e-01 4.843602229547121647e-05
3.600000000000000000e+01 9.974655000000000049e-01 4.982606674201780334e-05
3.700000000000000000e+01 9.974627000000000354e-01 5.122002229968140977e-05
3.800000000000000000e+01 9.974598000000000075e-01 5.261773341290626075e-05
3.900000000000000000e+01 9.974568999999999797e-01 5.401907785946992826e-05
4.000000000000000000e+01 9.974537999999999460e-01 5.542395563937227654e-05
4.100000000000000000e+01 9.974507000000000234e-01 5.683224453039090467e-05
4.200000000000000000e+01 9.974475000000000424e-01 5.824390008808128227e-05
4.300000000000000000e+01 9.974442999999999504e-01 5.965883342355439602e-05
4.400000000000000000e+01 9.974408999999999637e-01 6.107702231458798751e-05
4.500000000000000000e+01 9.974374999999999769e-01 6.249841120562641750e-05
4.600000000000000000e+01 9.974340000000000428e-01 6.392297787444743435e-05
4.700000000000000000e+01 9.974304000000000503e-01 6.535071120993990207e-05
4.800000000000000000e+01 9.974267999999999468e-01 6.678160010099269824e-05
4.900000000000000000e+01 9.974229999999999485e-01 6.821565565871694529e-05
5.000000000000000000e+01 9.974191999999999503e-01 6.965286677200154789e-05
5.100000000000000000e+01 9.974153000000000047e-01 7.109325566306869668e-05
5.200000000000000000e+01 9.974113000000000007e-01 7.253685566525184029e-05
5.300000000000000000e+01 9.974072999999999967e-01 7.398367788966206046e-05
5.400000000000000000e+01 9.974030999999999869e-01 7.543375566963276516e-05
5.500000000000000000e+01 9.973988999999999772e-01 7.688711122738621279e-05
5.600000000000000000e+01 9.973946000000000200e-01 7.834381122958915147e-05
5.700000000000000000e+01 9.973902000000000045e-01 7.980386678735273075e-05
5.800000000000000000e+01 9.973857000000000417e-01 8.126733345623256277e-05
5.900000000000000000e+01 9.973811000000000204e-01 8.273427790289543632e-05
6.000000000000000000e+01 9.973764999999999992e-01 8.420472234956362335e-05
6.100000000000000000e+01 9.973716999999999722e-01 8.567872235179273602e-05
6.200000000000000000e+01 9.973668999999999452e-01 8.715635568736065843e-05
6.300000000000000000e+01 9.973619999999999708e-01 8.863766680071194807e-05
6.400000000000000000e+01 9.973570000000000491e-01 9.012271124740218998e-05
6.500000000000000000e+01 9.973518999999999579e-01 9.161155569409818648e-05
6.600000000000000000e+01 9.973467999999999778e-01 9.310425569635557685e-05
6.700000000000000000e+01 9.973414999999999919e-01 9.460088903195224518e-05
6.800000000000000000e+01 9.973362000000000060e-01 9.610151125644381717e-05
6.900000000000000000e+01 9.973307000000000144e-01 9.760618903649709516e-05
7.000000000000000000e+01 9.973252000000000228e-01 9.911501126100109925e-05
7.100000000000000000e+01 9.973195999999999728e-01 1.006280223744003056e-04
7.200000000000000000e+01 9.973138999999999754e-01 1.021453112655837614e-04
7.300000000000000000e+01 9.973081000000000307e-01 1.036669446012182283e-04
7.400000000000000000e+01 9.973022000000000276e-01 1.051929890479704952e-04
7.500000000000000000e+01 9.972961999999999660e-01 1.067235334947295685e-04
7.600000000000000000e+01 9.972900999999999572e-01 1.082586557192733188e-04
7.700000000000000000e+01 9.972839000000000009e-01 1.097984223882685485e-04
7.800000000000000000e+01 9.972775999999999863e-01 1.113428890572708832e-04
7.900000000000000000e+01 9.972712999999999717e-01 1.128922223929472408e-04
8.000000000000000000e+01 9.972647999999999513e-01 1.144464446175198931e-04
8.100000000000000000e+01 9.972583000000000419e-01 1.160055557309888267e-04
8.200000000000000000e+01 9.972516000000000158e-01 1.175697779555765984e-04
8.300000000000000000e+01 9.972448000000000423e-01 1.191392224023944869e-04
8.400000000000000000e+01 9.972379999999999578e-01 1.207137779603312136e-04
8.500000000000000000e+01 9.972309999999999786e-01 1.222936668516093491e-04
8.600000000000000000e+01 9.972239999999999993e-01 1.238790001873401583e-04
8.700000000000000000e+01 9.972168000000000143e-01 1.254697779675236413e-04
8.800000000000000000e+01 9.972096000000000293e-01 1.270661113032710765e-04
8.900000000000000000e+01 9.972022000000000386e-01 1.286681113056937695e-04
9.000000000000000000e+01 9.971948000000000478e-01 1.302758890859029447e-04
9.100000000000000000e+01 9.971872000000000513e-01 1.318895557550099347e-04
9.200000000000000000e+01 9.971794999999999964e-01 1.335091113130147124e-04
9.300000000000000000e+01 9.971718000000000526e-01 1.351346668710285564e-04
9.400000000000000000e+01 9.971638999999999919e-01 1.367664446512740779e-04
9.500000000000000000e+01 9.971558999999999839e-01 1.384044446537511684e-04
9.600000000000000000e+01 9.971478000000000286e-01 1.400487779895712148e-04
9.700000000000000000e+01 9.971396000000000148e-01 1.416994446587341631e-04
9.800000000000000000e+01 9.971313000000000537e-01 1.433567779945738485e-04
9.900000000000000000e+01 9.971229000000000342e-01 1.450206668859790199e-04
1.000000000000000000e+02 9.971143000000000089e-01 1.466913335551721799e-04
1.010000000000000000e+02 9.971056999999999837e-01 1.483687780021534098e-04
1.020000000000000000e+02 9.970968999999999527e-01 1.500531113380339340e-04
1.030000000000000000e+02 9.970881000000000327e-01 1.517445557850363367e-04
1.040000000000000000e+02 9.970790999999999960e-01 1.534432224542718419e-04
1.050000000000000000e+02 9.970700000000000118e-01 1.551491113457405312e-04
1.060000000000000000e+02 9.970607000000000220e-01 1.568623335705536287e-04
1.070000000000000000e+02 9.970514000000000321e-01 1.585831113509337186e-04
1.080000000000000000e+02 9.970419000000000365e-01 1.603113335757694953e-04
1.090000000000000000e+02 9.970324000000000408e-01 1.620474446895060999e-04
1.100000000000000000e+02 9.970227000000000395e-01 1.637912224699209754e-04
1.110000000000000000e+02 9.970128000000000323e-01 1.655431113614592087e-04
1.120000000000000000e+02 9.970029000000000252e-01 1.673028891418982698e-04
1.130000000000000000e+02 9.969928000000000123e-01 1.690710002556832729e-04
1.140000000000000000e+02 9.969826000000000521e-01 1.708472224805916337e-04
1.150000000000000000e+02 9.969723000000000335e-01 1.726320002610684935e-04
1.160000000000000000e+02 9.969618000000000091e-01 1.744253335971138793e-04
1.170000000000000000e+02 9.969512999999999847e-01 1.762272224887277098e-04
1.180000000000000000e+02 9.969405000000000072e-01 1.780380002692439018e-04
1.190000000000000000e+02 9.969297000000000297e-01 1.798576669386624011e-04
1.200000000000000000e+02 9.969187000000000465e-01 1.816863336080945675e-04
1.210000000000000000e+02 9.969076000000000048e-01 1.835242224997628497e-04
1.220000000000000000e+02 9.968964000000000159e-01 1.853714447247786074e-04
1.230000000000000000e+02 9.968850000000000211e-01 1.872281113942530649e-04
1.240000000000000000e+02 9.968734999999999680e-01 1.890943336192975278e-04
1.250000000000000000e+02 9.968618000000000201e-01 1.909702225110233018e-04
1.260000000000000000e+02 9.968500000000000139e-01 1.928560002916529167e-04
1.270000000000000000e+02 9.968380000000000019e-01 1.947517780722976511e-04
1.280000000000000000e+02 9.968259999999999899e-01 1.966576669640687834e-04
1.290000000000000000e+02 9.968137000000000247e-01 1.985738891891888707e-04
1.300000000000000000e+02 9.968013000000000012e-01 2.005004447476579129e-04
1.310000000000000000e+02 9.967888000000000304e-01 2.024376669728097727e-04
1.320000000000000000e+02 9.967761000000000537e-01 2.043855558646444500e-04
1.330000000000000000e+02 9.967633000000000187e-01 2.063443336453844477e-04
1.340000000000000000e+02 9.967502999999999780e-01 2.083141114261410985e-04
1.350000000000000000e+02 9.967371999999999899e-01 2.102951114291369051e-04
1.360000000000000000e+02 9.967238999999999960e-01 2.122874447654832003e-04
1.370000000000000000e+02 9.967103999999999964e-01 2.142912225462912897e-04
1.380000000000000000e+02 9.966968000000000494e-01 2.163066669937836219e-04
1.390000000000000000e+02 9.966829999999999856e-01 2.183338892190715837e-04
1.400000000000000000e+02 9.966690999999999745e-01 2.203732225554889837e-04
1.410000000000000000e+02 9.966549999999999576e-01 2.224245558919245162e-04
1.420000000000000000e+02 9.966407000000000460e-01 2.244882225617120166e-04
1.430000000000000000e+02 9.966262999999999650e-01 2.265644447870740963e-04
1.440000000000000000e+02 9.966116999999999893e-01 2.286533336791219523e-04
1.450000000000000000e+02 9.965969000000000078e-01 2.307550003489669446e-04
1.460000000000000000e+02 9.965819999999999679e-01 2.328696670188316030e-04
1.470000000000000000e+02 9.965669000000000333e-01 2.349976670220497359e-04
1.480000000000000000e+02 9.965515000000000345e-01 2.371388892475100919e-04
1.490000000000000000e+02 9.965361000000000358e-01 2.392937781396577851e-04
1.500000000000000000e+02 9.965203999999999729e-01 2.414623336984928154e-04
1.510000000000000000e+02 9.965045999999999626e-01 2.436448892573489912e-04
1.520000000000000000e+02 9.964884999999999993e-01 2.458415559273376453e-04
1.530000000000000000e+02 9.964722999999999775e-01 2.480524448195700290e-04
1.540000000000000000e+02 9.964558999999999500e-01 2.502780003784912293e-04
1.550000000000000000e+02 9.964393000000000278e-01 2.525182226041013545e-04
1.560000000000000000e+02 9.964224999999999888e-01 2.547734448297340505e-04
1.570000000000000000e+02 9.964055000000000550e-01 2.570436670553895341e-04
1.580000000000000000e+02 9.963883000000000045e-01 2.593293337255127566e-04
1.590000000000000000e+02 9.963710000000000067e-01 2.616305559512150779e-04
1.600000000000000000e+02 9.963533999999999446e-01 2.639475559547190551e-04
1.610000000000000000e+02 9.963355999999999879e-01 2.662805559582472449e-04
1.620000000000000000e+02 9.963176000000000254e-01 2.686296670729108448e-04
1.630000000000000000e+02 9.962993999999999462e-01 2.709953337431550771e-04
1.640000000000000000e+02 9.962809000000000248e-01 2.733775559689798876e-04
1.650000000000000000e+02 9.962623000000000451e-01 2.757766670837191389e-04
1.660000000000000000e+02 9.962434000000000012e-01 2.781930004207066394e-04
1.670000000000000000e+02 9.962244000000000099e-01 2.806266670910536947e-04
1.680000000000000000e+02 9.962050000000000072e-01 2.830778893169828619e-04
1.690000000000000000e+02 9.961854999999999460e-01 2.855470004318279493e-04
1.700000000000000000e+02 9.961657999999999902e-01 2.880341115467003167e-04
1.710000000000000000e+02 9.961457999999999702e-01 2.905396671060449698e-04
1.720000000000000000e+02 9.961254999999999971e-01 2.930637782209732684e-04
1.730000000000000000e+02 9.961050999999999656e-01 2.956066671137077152e-04
1.740000000000000000e+02 9.960843999999999809e-01 2.981687782286934242e-04
1.750000000000000000e+02 9.960634000000000432e-01 3.007502226770418095e-04
1.760000000000000000e+02 9.960421999999999887e-01 3.033512226809752113e-04
1.770000000000000000e+02 9.960208000000000395e-01 3.059722226849389604e-04
1.780000000000000000e+02 9.959991000000000261e-01 3.086134449111554512e-04
1.790000000000000000e+02 9.959770999999999486e-01 3.112751115818472949e-04
1.800000000000000000e+02 9.959548999999999763e-01 3.139575560303483541e-04
1.810000000000000000e+02 9.959324000000000510e-01 3.166610004788811316e-04
1.820000000000000000e+02 9.959097000000000088e-01 3.193857782607795442e-04
1.830000000000000000e+02 9.958867000000000136e-01 3.221322227093774003e-04
1.840000000000000000e+02 9.958633999999999542e-01 3.249006671580085084e-04
1.850000000000000000e+02 9.958398000000000527e-01 3.276913338288954796e-04
1.860000000000000000e+02 9.958160000000000345e-01 3.305044449442608168e-04
1.870000000000000000e+02 9.957918000000000047e-01 3.333405560596609395e-04
1.880000000000000000e+02 9.957673999999999692e-01 3.361997782862070992e-04
1.890000000000000000e+02 9.957426999999999806e-01 3.390825560683444640e-04
1.900000000000000000e+02 9.957177000000000389e-01 3.419892227394068424e-04
1.910000000000000000e+02 9.956924000000000330e-01 3.449200005216167915e-04
1.920000000000000000e+02 9.956667000000000156e-01 3.478753338594193709e-04
1.930000000000000000e+02 9.956407999999999925e-01 3.508555560861485517e-04
1.940000000000000000e+02 9.956146000000000162e-01 3.538610005351380881e-04
1.950000000000000000e+02 9.955880000000000285e-01 3.568920005397217886e-04
1.960000000000000000e+02 9.955610999999999766e-01 3.599490005443448755e-04
1.970000000000000000e+02 9.955338999999999716e-01 3.630322227712297974e-04
1.980000000000000000e+02 9.955064000000000135e-01 3.661422227759330282e-04
1.990000000000000000e+02 9.954785000000000439e-01 3.692792227806770164e-04
2.000000000000000000e+02 9.954501999999999517e-01 3.724437783410182901e-04
2.010000000000000000e+02 9.954216999999999649e-01 3.756361116791793520e-04
2.020000000000000000e+02 9.953927999999999665e-01 3.788566672396053163e-04
2.030000000000000000e+02 9.953634999999999566e-01 3.821060005778525483e-04
2.040000000000000000e+02 9.953338000000000463e-01 3.853843339161436591e-04
2.050000000000000000e+02 9.953037999999999608e-01 3.886921116989237087e-04
2.060000000000000000e+02 9.952735000000000332e-01 3.920298894817491708e-04
2.070000000000000000e+02 9.952427000000000357e-01 3.953980005979537997e-04
2.080000000000000000e+02 9.952115999999999740e-01 3.987967783808715663e-04
2.090000000000000000e+02 9.951801000000000119e-01 4.022270006082812304e-04
2.100000000000000000e+02 9.951480999999999799e-01 4.056887783912941519e-04
2.110000000000000000e+02 9.951157999999999948e-01 4.091827783965780560e-04
2.120000000000000000e+02 9.950830999999999982e-01 4.127093339574668053e-04
2.130000000000000000e+02 9.950499999999999901e-01 4.162691117406279624e-04
2.140000000000000000e+02 9.950164000000000231e-01 4.198624450793954441e-04
2.150000000000000000e+02 9.949824999999999919e-01 4.234898895293256159e-04
2.160000000000000000e+02 9.949481000000000019e-01 4.271518895348635917e-04
2.170000000000000000e+02 9.949132000000000531e-01 4.308490006515657911e-04
2.180000000000000000e+02 9.948780000000000401e-01 4.345817784349885796e-04
2.190000000000000000e+02 9.948422000000000098e-01 4.383507784406883226e-04
2.200000000000000000e+02 9.948059999999999681e-01 4.421564451131102967e-04
2.210000000000000000e+02 9.947694000000000258e-01 4.459993340078107047e-04
2.220000000000000000e+02 9.947323000000000137e-01 4.498800006803460746e-04
2.230000000000000000e+02 9.946947000000000427e-01 4.537991117973839690e-04
2.240000000000000000e+02 9.946566000000000018e-01 4.577572229144808618e-04
2.250000000000000000e+02 9.946180000000000021e-01 4.617547784760818669e-04
2.260000000000000000e+02 9.945789000000000435e-01 4.657925562599658526e-04
2.270000000000000000e+02 9.945393000000000150e-01 4.698711118216893469e-04
2.280000000000000000e+02 9.944992000000000276e-01 4.739910007168087152e-04
2.290000000000000000e+02 9.944585999999999704e-01 4.781530007231028258e-04
2.300000000000000000e+02 9.944174000000000069e-01 4.823575562850168467e-04
2.310000000000000000e+02 9.943756999999999735e-01 4.866054451803297548e-04
2.320000000000000000e+02 9.943334999999999813e-01 4.908973340757091667e-04
2.330000000000000000e+02 9.942906000000000244e-01 4.952338896378228076e-04
2.340000000000000000e+02 9.942471999999999976e-01 4.996158896444497085e-04
2.350000000000000000e+02 9.942033000000000120e-01 5.040438896511460721e-04
2.360000000000000000e+02 9.941586999999999508e-01 5.085185563245797321e-04
2.370000000000000000e+02 9.941136000000000417e-01 5.130408896647521136e-04
2.380000000000000000e+02 9.940677999999999459e-01 5.176114452272196362e-04
2.390000000000000000e+02 9.940214000000000549e-01 5.222308896786499169e-04
2.400000000000000000e+02 9.939744000000000357e-01 5.269002230190445975e-04
2.410000000000000000e+02 9.939267999999999992e-01 5.316202230261826006e-04
2.420000000000000000e+02 9.938784999999999981e-01 5.363914452556203458e-04
2.430000000000000000e+02 9.938295000000000323e-01 5.412150008184704554e-04
2.440000000000000000e+02 9.937799000000000493e-01 5.460914452702894575e-04
2.450000000000000000e+02 9.937295999999999907e-01 5.510218897221900829e-04
2.460000000000000000e+02 9.936785000000000201e-01 5.560071119519514708e-04
2.470000000000000000e+02 9.936268000000000322e-01 5.610478897373523269e-04
2.480000000000000000e+02 9.935743999999999687e-01 5.661452230783942932e-04
2.490000000000000000e+02 9.935211999999999932e-01 5.713000008639674892e-04
2.500000000000000000e+02 9.934673000000000531e-01 5.765132230940735571e-04
2.510000000000000000e+02 9.934127000000000374e-01 5.817856675464914192e-04
2.520000000000000000e+02 9.933572000000000513e-01 5.871185564434451120e-04
2.530000000000000000e+02 9.933009999999999895e-01 5.925127786738249719e-04
2.540000000000000000e+02 9.932440000000000158e-01 5.979692231265211185e-04
2.550000000000000000e+02 9.931860999999999606e-01 6.034891120237575882e-04
2.560000000000000000e+02 9.931275000000000519e-01 6.090734453655361315e-04
2.570000000000000000e+02 9.930679999999999508e-01 6.147232231518579568e-04
2.580000000000000000e+02 9.930075999999999903e-01 6.204395564938360117e-04
2.590000000000000000e+02 9.929464000000000068e-01 6.262236676136943327e-04
2.600000000000000000e+02 9.928841999999999945e-01 6.320765565114344533e-04
2.610000000000000000e+02 9.928211999999999593e-01 6.379995565203917156e-04
2.620000000000000000e+02 9.927572999999999537e-01 6.439937787516788505e-04
2.630000000000000000e+02 9.926924000000000303e-01 6.500603343164088055e-04
2.640000000000000000e+02 9.926264999999999672e-01 6.562006676590280115e-04
2.650000000000000000e+02 9.925597000000000447e-01 6.624157787795381105e-04
2.660000000000000000e+02 9.924918999999999825e-01 6.687072232334969474e-04
2.670000000000000000e+02 9.924231000000000025e-01 6.750762232431287754e-04
2.680000000000000000e+02 9.923532000000000464e-01 6.815241121417686112e-04
2.690000000000000000e+02 9.922824000000000089e-01 6.880523343738634279e-04
2.700000000000000000e+02 9.922104000000000479e-01 6.946622232727482421e-04
2.710000000000000000e+02 9.921372999999999998e-01 7.013551121717588295e-04
2.720000000000000000e+02 9.920632000000000339e-01 7.081326677375640154e-04
2.730000000000000000e+02 9.919879000000000335e-01 7.149963344146104474e-04
2.740000000000000000e+02 9.919113999999999987e-01 7.219476677584560787e-04
2.750000000000000000e+02 9.918337999999999877e-01 7.289881122135476654e-04
2.760000000000000000e+02 9.917548999999999948e-01 7.361193344465543579e-04
2.770000000000000000e+02 9.916749000000000258e-01 7.433431122352565038e-04
2.780000000000000000e+02 9.915935999999999639e-01 7.506608900241008592e-04
2.790000000000000000e+02 9.915110000000000312e-01 7.580744455908677718e-04
2.800000000000000000e+02 9.914271999999999530e-01 7.655856678244491115e-04
2.810000000000000000e+02 9.913419999999999455e-01 7.731961122804027232e-04
2.820000000000000000e+02 9.912554000000000087e-01 7.809078900698429799e-04
2.830000000000000000e+02 9.911674999999999791e-01 7.887226678594388149e-04
2.840000000000000000e+02 9.910782000000000203e-01 7.966423345380823154e-04
2.850000000000000000e+02 9.909873999999999628e-01 8.046690012168875288e-04
2.860000000000000000e+02 9.908951999999999760e-01 8.128045567847464337e-04
2.870000000000000000e+02 9.908015000000000017e-01 8.210511123527730777e-04
2.880000000000000000e+02 9.907063000000000397e-01 8.294106679209706364e-04
2.890000000000000000e+02 9.906095000000000317e-01 8.378855568226759856e-04
2.900000000000000000e+02 9.905110999999999777e-01 8.464777790578920840e-04
2.910000000000000000e+02 9.904110999999999887e-01 8.551896679599558073e-04
2.920000000000000000e+02 9.903094000000000063e-01 8.640235568622040311e-04
2.930000000000000000e+02 9.902060999999999780e-01 8.729817790979736312e-04
2.940000000000000000e+02 9.901010000000000089e-01 8.820666680006013748e-04
2.950000000000000000e+02 9.899942000000000464e-01 8.912807791256468571e-04
2.960000000000000000e+02 9.898854999999999738e-01 9.006265569175581510e-04
2.970000000000000000e+02 9.897751000000000188e-01 9.101067791541171377e-04
2.980000000000000000e+02 9.896627000000000063e-01 9.197238902797719986e-04
2.990000000000000000e+02 9.895483999999999947e-01 9.294806680723047233e-04
3.000000000000000000e+02 9.894321999999999839e-01 9.393800014206087155e-04
3.010000000000000000e+02 9.893138999999999683e-01 9.494246681024658564e-04
3.020000000000000000e+02 9.891936000000000062e-01 9.596174458956579188e-04
3.030000000000000000e+02 9.890712000000000392e-01 9.699616681335235290e-04
3.040000000000000000e+02 9.889466999999999564e-01 9.804601125938446765e-04
3.050000000000000000e+02 9.888198999999999739e-01 9.911160014988481398e-04
3.060000000000000000e+02 9.886909000000000391e-01 1.001932668181872762e-03
3.070000000000000000e+02 9.885595999999999828e-01 1.012913334865145213e-03
3.080000000000000000e+02 9.884260000000000268e-01 1.024061445993115424e-03
3.090000000000000000e+02 9.882900000000000018e-01 1.035380446010233111e-03
3.100000000000000000e+02 9.881514999999999604e-01 1.046874001583170165e-03
3.110000000000000000e+02 9.880105000000000137e-01 1.058545668267487716e-03
3.120000000000000000e+02 9.878668999999999922e-01 1.070399223840969071e-03
3.130000000000000000e+02 9.877207000000000070e-01 1.082438557192509383e-03
3.140000000000000000e+02 9.875717999999999996e-01 1.094667668322114353e-03
3.150000000000000000e+02 9.874201000000000228e-01 1.107090557229790115e-03
3.160000000000000000e+02 9.872655999999999654e-01 1.119711112804431608e-03
3.170000000000000000e+02 9.871081999999999912e-01 1.132534446157157371e-03
3.180000000000000000e+02 9.869478999999999891e-01 1.145564446176862341e-03
3.190000000000000000e+02 9.867844999999999533e-01 1.158805557307998092e-03
3.200000000000000000e+02 9.866179999999999950e-01 1.172263335106127737e-03
3.210000000000000000e+02 9.864482999999999446e-01 1.185941112904590009e-03
3.220000000000000000e+02 9.862752999999999659e-01 1.199844446258949105e-03
3.230000000000000000e+02 9.860989999999999478e-01 1.213977779613656166e-03
3.240000000000000000e+02 9.859193000000000540e-01 1.228347779635387792e-03
3.250000000000000000e+02 9.857359999999999456e-01 1.242957779657482284e-03
3.260000000000000000e+02 9.855492000000000141e-01 1.257815557457729085e-03
3.270000000000000000e+02 9.853585999999999734e-01 1.272925557480579766e-03
3.280000000000000000e+02 9.851642999999999928e-01 1.288293335281597875e-03
3.290000000000000000e+02 9.849660000000000082e-01 1.303924446416347607e-03
3.300000000000000000e+02 9.847637999999999669e-01 1.319826668662618619e-03
3.310000000000000000e+02 9.845574000000000270e-01 1.336005557575974459e-03
3.320000000000000000e+02 9.843469000000000246e-01 1.352466668711979538e-03
3.330000000000000000e+02 9.841320000000000068e-01 1.369217779848422864e-03
3.340000000000000000e+02 9.839128000000000318e-01 1.386264446540869067e-03
3.350000000000000000e+02 9.836888999999999772e-01 1.403615557678219994e-03
3.360000000000000000e+02 9.834604000000000124e-01 1.421277779927152462e-03
3.370000000000000000e+02 9.832271000000000205e-01 1.439257779954343291e-03
3.380000000000000000e+02 9.829889000000000543e-01 1.457564446648694978e-03
3.390000000000000000e+02 9.827455999999999969e-01 1.476205557787996529e-03
3.400000000000000000e+02 9.824971000000000121e-01 1.495188891150038253e-03
3.410000000000000000e+02 9.822433000000000414e-01 1.514523335623721781e-03
3.420000000000000000e+02 9.819839999999999680e-01 1.534216668986836986e-03
3.430000000000000000e+02 9.817190000000000083e-01 1.554280002350511610e-03
3.440000000000000000e+02 9.814481999999999928e-01 1.574720002381422906e-03
3.450000000000000000e+02 9.811714999999999742e-01 1.595547780190698182e-03
3.460000000000000000e+02 9.808885999999999994e-01 1.616773335778352557e-03
3.470000000000000000e+02 9.805994000000000099e-01 1.638406669144401801e-03
3.480000000000000000e+02 9.803037000000000001e-01 1.660457780288860600e-03
3.490000000000000000e+02 9.800012999999999641e-01 1.682937780322856696e-03
3.500000000000000000e+02 9.796920000000000073e-01 1.705857780357518264e-03
3.510000000000000000e+02 9.793756000000000128e-01 1.729230002615085885e-03
3.520000000000000000e+02 9.790518999999999750e-01 1.753065558206687302e-03
3.530000000000000000e+02 9.787206000000000516e-01 1.777377780465676585e-03
3.540000000000000000e+02 9.783815999999999624e-01 1.802178891614294098e-03
3.550000000000000000e+02 9.780345999999999762e-01 1.827481113874780422e-03
3.560000000000000000e+02 9.776793999999999762e-01 1.853300002802714657e-03
3.570000000000000000e+02 9.773157000000000094e-01 1.879647780620337816e-03
3.580000000000000000e+02 9.769432000000000116e-01 1.906540002883228783e-03
3.590000000000000000e+02 9.765616999999999770e-01 1.933991114035853599e-03
3.600000000000000000e+02 9.761708000000000052e-01 1.962017780744904419e-03
3.610000000000000000e+02 9.757704000000000377e-01 1.990634447454847720e-03
3.620000000000000000e+02 9.753600000000000048e-01 2.019860003054600468e-03
3.630000000000000000e+02 9.749394000000000116e-01 2.049710003099742411e-03
3.640000000000000000e+02 9.745082999999999940e-01 2.080202225368077244e-03
3.650000000000000000e+02 9.740661999999999932e-01 2.111356669859636073e-03
3.660000000000000000e+02 9.736129000000000033e-01 2.143192225463336296e-03
3.670000000000000000e+02 9.731478999999999546e-01 2.175726669956982041e-03
3.680000000000000000e+02 9.726707999999999466e-01 2.208983336673942064e-03
3.690000000000000000e+02 9.721813999999999734e-01 2.242982225614247038e-03
3.700000000000000000e+02 9.716791000000000178e-01 2.277745559000152013e-03
3.710000000000000000e+02 9.711634000000000100e-01 2.313297781276139452e-03
3.720000000000000000e+02 9.706341000000000552e-01 2.349660003553351566e-03
3.730000000000000000e+02 9.700904000000000194e-01 2.386858892498496063e-03
3.740000000000000000e+02 9.695321000000000078e-01 2.424920003667166511e-03
3.750000000000000000e+02 9.689583999999999975e-01 2.463868892614956476e-03
3.760000000000000000e+02 9.683690000000000353e-01 2.503733337119687374e-03
3.770000000000000000e+02 9.677632000000000456e-01 2.544543337181403696e-03
3.780000000000000000e+02 9.671404000000000112e-01 2.586326670577925556e-03
3.790000000000000000e+02 9.665000000000000258e-01 2.629115559531523122e-03
3.800000000000000000e+02 9.658413999999999611e-01 2.672942226264467865e-03
3.810000000000000000e+02 9.651638999999999635e-01 2.717838892999031256e-03
3.820000000000000000e+02 9.644667000000000101e-01 2.763842226401934821e-03
3.830000000000000000e+02 9.637491999999999726e-01 2.810986670917675276e-03
3.840000000000000000e+02 9.630104999999999915e-01 2.859310004324086985e-03
3.850000000000000000e+02 9.622498000000000440e-01 2.908852226621231295e-03
3.860000000000000000e+02 9.614664000000000543e-01 2.959654448920280654e-03
3.870000000000000000e+02 9.606592999999999938e-01 3.011757782332408814e-03
3.880000000000000000e+02 9.598274999999999446e-01 3.065206671302128042e-03
3.890000000000000000e+02 9.589701999999999948e-01 3.120047782496174118e-03
3.900000000000000000e+02 9.580861999999999989e-01 3.176330004803511100e-03
3.910000000000000000e+02 9.571745000000000392e-01 3.234102227113100879e-03
3.920000000000000000e+02 9.562340000000000284e-01 3.293416671647246032e-03
3.930000000000000000e+02 9.552633999999999848e-01 3.354328893961584616e-03
3.940000000000000000e+02 9.542616000000000431e-01 3.416894449611757294e-03
3.950000000000000000e+02 9.532270999999999939e-01 3.481172227486741075e-03
3.960000000000000000e+02 9.521585999999999661e-01 3.547225560919966061e-03
3.970000000000000000e+02 9.510547000000000306e-01 3.615117783244860186e-03
3.980000000000000000e+02 9.499136999999999720e-01 3.684916672239304906e-03
3.990000000000000000e+02 9.487341999999999720e-01 3.756691116792292787e-03
4.000000000000000000e+02 9.475143000000000315e-01 3.830517783570606266e-03
4.010000000000000000e+02 9.462523000000000462e-01 3.906471117018802536e-03
4.020000000000000000e+02 9.449461999999999584e-01 3.984631117137002118e-03
4.030000000000000000e+02 9.435940999999999912e-01 4.065083339480891032e-03
4.040000000000000000e+02 9.421939000000000286e-01 4.147915561828379241e-03
4.050000000000000000e+02 9.407432000000000016e-01 4.233218895290715225e-03
4.060000000000000000e+02 9.392397999999999580e-01 4.321091117645825368e-03
4.070000000000000000e+02 9.376811000000000451e-01 4.411631117782747157e-03
4.080000000000000000e+02 9.360644999999999660e-01 4.504946673479422528e-03
4.090000000000000000e+02 9.343871000000000260e-01 4.601146673624904523e-03
4.100000000000000000e+02 9.326459999999999750e-01 4.700348895997148030e-03
4.110000000000000000e+02 9.308380000000000543e-01 4.802672229485223376e-03
4.120000000000000000e+02 9.289598000000000022e-01 4.908245562978213843e-03
4.130000000000000000e+02 9.270076999999999900e-01 5.017202229809654065e-03
4.140000000000000000e+02 9.249779999999999669e-01 5.129681118868642010e-03
4.150000000000000000e+02 9.228665999999999814e-01 5.245828896822068987e-03
4.160000000000000000e+02 9.206691999999999654e-01 5.365798897003497270e-03
4.170000000000000000e+02 9.183812000000000086e-01 5.489752230524283343e-03
4.180000000000000000e+02 9.159977999999999732e-01 5.617856675162457257e-03
4.190000000000000000e+02 9.135136999999999841e-01 5.750288897584955247e-03
4.200000000000000000e+02 9.109234000000000497e-01 5.887235564458723897e-03
4.210000000000000000e+02 9.082208000000000503e-01 6.028888898006277454e-03
4.220000000000000000e+02 9.053997000000000295e-01 6.175454453783480770e-03
4.230000000000000000e+02 9.024533000000000138e-01 6.327144454012880066e-03
4.240000000000000000e+02 8.993742999999999599e-01 6.484184454250368698e-03
4.250000000000000000e+02 8.961548000000000291e-01 6.646807787829635099e-03
4.260000000000000000e+02 8.927863999999999800e-01 6.815260010306604596e-03
4.270000000000000000e+02 8.892601999999999451e-01 6.989796677237219806e-03
4.280000000000000000e+02 8.855663999999999758e-01 7.170684455288550870e-03
4.290000000000000000e+02 8.816945999999999950e-01 7.358203344461021998e-03
4.300000000000000000e+02 8.776334999999999553e-01 7.552642233643957516e-03
4.310000000000000000e+02 8.733710000000000084e-01 7.754304456171150391e-03
4.320000000000000000e+02 8.688940000000000552e-01 7.963504456487519381e-03
4.330000000000000000e+02 8.641883000000000203e-01 8.180565567926888562e-03
4.340000000000000000e+02 8.592385999999999635e-01 8.405826679378657421e-03
4.350000000000000000e+02 8.540284999999999682e-01 8.639634457510019655e-03
4.360000000000000000e+02 8.485399000000000136e-01 8.882344457877066474e-03
4.370000000000000000e+02 8.427531999999999801e-01 9.134321124924793533e-03
4.380000000000000000e+02 8.366474000000000411e-01 9.395931125320422170e-03
4.390000000000000000e+02 8.301992999999999734e-01 9.667544459064510501e-03
4.400000000000000000e+02 8.233837999999999990e-01 9.949528903935396171e-03
4.410000000000000000e+02 8.161732000000000431e-01 1.024224445993362001e-02
4.420000000000000000e+02 8.085377999999999732e-01 1.054603668261526288e-02
4.430000000000000000e+02 8.004445000000000032e-01 1.086123112753636932e-02
4.440000000000000000e+02 7.918574999999999919e-01 1.118812223914183307e-02
4.450000000000000000e+02 7.827374999999999750e-01 1.152695557298757771e-02
4.460000000000000000e+02 7.730409999999999782e-01 1.187791112907387800e-02
4.470000000000000000e+02 7.627203999999999651e-01 1.224107779628975587e-02
4.480000000000000000e+02 7.517232000000000358e-01 1.261645557463521132e-02
4.490000000000000000e+02 7.399913999999999659e-01 1.300386668633219875e-02
4.500000000000000000e+02 7.274608999999999659e-01 1.340292224249123830e-02
4.510000000000000000e+02 7.140608999999999984e-01 1.381302224311142628e-02
4.520000000000000000e+02 6.997128000000000236e-01 1.423316668819124726e-02
4.530000000000000000e+02 6.843295999999999824e-01 1.466198891106197146e-02
4.540000000000000000e+02 6.678144999999999776e-01 1.509750002283169641e-02
4.550000000000000000e+02 6.500599999999999712e-01 1.553701113460747435e-02
4.560000000000000000e+02 6.309464999999999657e-01 1.597682224638370674e-02
4.570000000000000000e+02 6.103408999999999640e-01 1.641202224704185059e-02
4.580000000000000000e+02 5.880956999999999990e-01 1.683598891434967548e-02
4.590000000000000000e+02 5.640469999999999651e-01 1.723993335940499777e-02
4.600000000000000000e+02 5.380139999999999922e-01 1.761211113774561327e-02
4.610000000000000000e+02 5.097981999999999791e-01 1.793681113823665171e-02
4.620000000000000000e+02 4.791846000000000161e-01 1.819297780529071859e-02
4.630000000000000000e+02 4.459450999999999832e-01 1.835224447219823904e-02
4.640000000000000000e+02 4.098472000000000226e-01 1.837632225001243139e-02
4.650000000000000000e+02 3.706728000000000245e-01 1.821337780532156572e-02
4.660000000000000000e+02 3.282573999999999770e-01 1.779390002690941705e-02
4.670000000000000000e+02 2.825690000000000146e-01 1.702705558130528790e-02
4.680000000000000000e+02 2.338754999999999862e-01 1.580295557945410323e-02
4.690000000000000000e+02 1.830836000000000130e-01 1.401374446563719706e-02
4.700000000000000000e+02 1.323362999999999901e-01 1.161666668423435959e-02
4.710000000000000000e+02 8.559187000000000045e-02 8.747463346561975758e-03
4.720000000000000000e+02 4.796447999999999684e-02 5.803004453220231805e-03
4.730000000000000000e+02 2.282466000000000009e-02 3.313752227233554559e-03
4.740000000000000000e+02 9.229727000000000070e-03 1.615046669109074760e-03
4.750000000000000000e+02 3.223235000000000076e-03 6.748781121317180397e-04
4.760000000000000000e+02 9.906731999999999257e-04 2.443641114806588584e-04
4.770000000000000000e+02 2.717137999999999802e-04 7.751642233944902507e-05
4.780000000000000000e+02 6.703681000000000234e-05 2.173857781065266799e-05
4.790000000000000000e+02 1.494092999999999994e-05 5.426275563761621123e-06
4.800000000000000000e+02 3.014962000000000154e-06 1.211483335165439478e-06
4.810000000000000000e+02 5.514739999999999524e-07 2.427295559226314095e-07
4.820000000000000000e+02 9.147044000000000575e-08 4.373536673280693299e-08
4.830000000000000000e+02 1.375462999999999927e-08 7.094523344062262907e-09
4.840000000000000000e+02 1.873564999999999827e-09 1.036297779344953672e-09
4.850000000000000000e+02 2.308419999999999924e-10 1.362231113171190378e-10
4.860000000000000000e+02 2.567328999999999955e-11 1.609186669100213073e-11
4.870000000000000000e+02 2.570128999999999903e-12 1.704415558133114814e-12
4.880000000000000000e+02 2.307651999999999909e-13 1.613576669106851717e-13
4.890000000000000000e+02 1.849914000000000028e-14 1.359684446500672687e-14
4.900000000000000000e+02 1.316513000000000020e-15 1.014348334867315478e-15
4.910000000000000000e+02 8.258419000000000029e-17 6.653676676728911227e-17
4.920000000000000000e+02 4.525584999999999635e-18 3.804273339086472839e-18
4.930000000000000000e+02 2.141913999999999897e-19 1.874776669501860344e-19
4.940000000000000000e+02 8.626768000000000651e-21 7.847680011867915401e-21
4.950000000000000000e+02 2.898941000000000146e-22 2.736158893026736605e-22
4.960000000000000000e+02 7.908582000000000425e-24 7.732712233916274630e-24
4.970000000000000000e+02 1.682798000000000005e-25 1.702047780351756361e-25
4.980000000000000000e+02 2.620145999999999906e-27 2.737754448584705099e-27
4.990000000000000000e+02 2.655361000000000045e-29 2.862766670995980690e-29
5.000000000000000000e+02 1.314520999999999894e-31 1.460578891097697883e-31
5.010000000000000000e+02 0.000000000000000000e+00 0.000000000000000000e+00
