1.000000000000000000e+00 8.879905000000000159e-01 3.766072029629945498e-05
2.000000000000000000e+00 8.758255000000000345e-01 5.765478045360470440e-05
3.000000000000000000e+00 8.774891999999999692e-01 7.138692056164367512e-05
4.000000000000000000e+00 8.777696000000000387e-01 8.311282065389836581e-05
5.000000000000000000e+00 8.778901000000000066e-01 9.370188073720884755e-05
6.000000000000000000e+00 8.779382999999999493e-01 1.036510808154851777e-04
7.000000000000000000e+00 8.779504999999999670e-01 1.132577008910662039e-04
8.000000000000000000e+00 8.779415999999999887e-01 1.227130609654571722e-04
9.000000000000000000e+00 8.779187000000000518e-01 1.321438410396547612e-04
1.000000000000000000e+01 8.778858000000000494e-01 1.416340211143197038e-04
1.100000000000000000e+01 8.778451999999999922e-01 1.512378011898784136e-04
1.200000000000000000e+01 8.777985000000000371e-01 1.609881612665903434e-04
1.300000000000000000e+01 8.777464999999999851e-01 1.709027413445942853e-04
1.400000000000000000e+01 8.776901000000000286e-01 1.809881214239420096e-04
1.500000000000000000e+01 8.776296000000000097e-01 1.912432215046250110e-04
1.600000000000000000e+01 8.775654000000000510e-01 2.016618015865942535e-04
1.700000000000000000e+01 8.774975999999999887e-01 2.122344016697752143e-04
1.800000000000000000e+01 8.774264999999999981e-01 2.229500017540812535e-04
1.900000000000000000e+01 8.773520000000000207e-01 2.337968018394195511e-04
2.000000000000000000e+01 8.772742000000000040e-01 2.447630019256972328e-04
2.100000000000000000e+01 8.771930999999999479e-01 2.558376020128277418e-04
2.200000000000000000e+01 8.771086000000000160e-01 2.670104021007308382e-04
2.300000000000000000e+01 8.770208999999999921e-01 2.782722021893341583e-04
2.400000000000000000e+01 8.769297000000000342e-01 2.896148022785732150e-04
2.500000000000000000e+01 8.768352000000000368e-01 3.010310023683912886e-04
2.600000000000000000e+01 8.767371999999999943e-01 3.125140024587349402e-04
2.700000000000000000e+01 8.766357000000000177e-01 3.240584025495616164e-04
2.800000000000000000e+01 8.765306999999999960e-01 3.356592026408320990e-04
2.900000000000000000e+01 8.764220999999999817e-01 3.473120027325116567e-04
3.000000000000000000e+01 8.763100000000000334e-01 3.590130028245704249e-04
3.100000000000000000e+01 8.761944000000000399e-01 3.707586029169800709e-04
3.200000000000000000e+01 8.760750999999999955e-01 3.825460030097186607e-04
3.300000000000000000e+01 8.759521999999999586e-01 3.943724031027640432e-04
3.400000000000000000e+01 8.758255999999999819e-01 4.062354031960973481e-04
3.500000000000000000e+01 8.756954000000000127e-01 4.181332032897044633e-04
3.600000000000000000e+01 8.755614000000000452e-01 4.300636033835680502e-04
3.700000000000000000e+01 8.754237999999999742e-01 4.420250034776755828e-04
3.800000000000000000e+01 8.752824000000000160e-01 4.540164035720190765e-04
3.900000000000000000e+01 8.751371999999999485e-01 4.660364036665876454e-04
4.000000000000000000e+01 8.749883000000000521e-01 4.780840037613733051e-04
4.100000000000000000e+01 8.748356000000000465e-01 4.901584038563698738e-04
4.200000000000000000e+01 8.746791999999999900e-01 5.022588039515708987e-04
4.300000000000000000e+01 8.745188999999999879e-01 5.143846040469719468e-04
4.400000000000000000e+01 8.743547000000000402e-01 5.265354041425695207e-04
4.500000000000000000e+01 8.741866999999999832e-01 5.387106042383590790e-04
4.600000000000000000e+01 8.740147999999999806e-01 5.509100043343391441e-04
4.700000000000000000e+01 8.738390000000000324e-01 5.631334044305079129e-04
4.800000000000000000e+01 8.736593999999999749e-01 5.753806045268640163e-04
4.900000000000000000e+01 8.734756999999999660e-01 5.876516046234073459e-04
5.000000000000000000e+01 8.732879999999999532e-01 5.999460047201347294e-04
5.100000000000000000e+01 8.730963999999999947e-01 6.122642048170494474e-04
5.200000000000000000e+01 8.729008000000000322e-01 6.246062049141512832e-04
5.300000000000000000e+01 8.727011999999999547e-01 6.369724050114436258e-04
5.400000000000000000e+01 8.724975000000000369e-01 6.493624051089231944e-04
5.500000000000000000e+01 8.722898000000000041e-01 6.617766052065930530e-04
5.600000000000000000e+01 8.720778999999999614e-01 6.742154053044565904e-04
5.700000000000000000e+01 8.718620000000000259e-01 6.866790054025152844e-04
5.800000000000000000e+01 8.716420000000000279e-01 6.991674055007689181e-04
5.900000000000000000e+01 8.714176999999999618e-01 7.116814055992240528e-04
6.000000000000000000e+01 8.711894000000000027e-01 7.242210056978806883e-04
6.100000000000000000e+01 8.709567999999999754e-01 7.367864057967401939e-04
6.200000000000000000e+01 8.707200000000000495e-01 7.493782058958074364e-04
6.300000000000000000e+01 8.704790000000000028e-01 7.619970059950870655e-04
6.400000000000000000e+01 8.702336999999999989e-01 7.746428060945791897e-04
6.500000000000000000e+01 8.699841000000000379e-01 7.873160061942868727e-04
6.600000000000000000e+01 8.697300999999999505e-01 8.000172062942147643e-04
6.700000000000000000e+01 8.694718000000000169e-01 8.127468063943661452e-04
6.800000000000000000e+01 8.692092000000000152e-01 8.255052064947440791e-04
6.900000000000000000e+01 8.689421999999999979e-01 8.382930065953534326e-04
7.000000000000000000e+01 8.686707999999999652e-01 8.511106066961971611e-04
7.100000000000000000e+01 8.683948999999999696e-01 8.639584067972784368e-04
7.200000000000000000e+01 8.681145000000000111e-01 8.768370068986021263e-04
7.300000000000000000e+01 8.678295999999999788e-01 8.897468070001712933e-04
7.400000000000000000e+01 8.675401999999999836e-01 9.026882071019890017e-04
7.500000000000000000e+01 8.672461999999999671e-01 9.156620072040617042e-04
7.600000000000000000e+01 8.669476999999999878e-01 9.286684073063908784e-04
7.700000000000000000e+01 8.666445000000000398e-01 9.417082074089828687e-04
7.800000000000000000e+01 8.663366000000000122e-01 9.547818075118406304e-04
7.900000000000000000e+01 8.660240999999999634e-01 9.678898076149691386e-04
8.000000000000000000e+01 8.657068999999999459e-01 9.810328077183730431e-04
8.100000000000000000e+01 8.653849000000000125e-01 9.942110078220538216e-04
8.200000000000000000e+01 8.650581000000000520e-01 1.007425407926019513e-03
8.300000000000000000e+01 8.647264999999999535e-01 1.020676408030272856e-03
8.400000000000000000e+01 8.643901000000000501e-01 1.033964408134817672e-03
8.500000000000000000e+01 8.640487999999999502e-01 1.047290208239659657e-03
8.600000000000000000e+01 8.637025000000000396e-01 1.060654408344803784e-03
8.700000000000000000e+01 8.633513999999999911e-01 1.074057408450253227e-03
8.800000000000000000e+01 8.629951999999999623e-01 1.087500008556014112e-03
8.900000000000000000e+01 8.626340000000000119e-01 1.100982808662091415e-03
9.000000000000000000e+01 8.622676999999999703e-01 1.114506208768488091e-03
9.100000000000000000e+01 8.618964000000000070e-01 1.128071008875210701e-03
9.200000000000000000e+01 8.615199000000000051e-01 1.141677808982263570e-03
9.300000000000000000e+01 8.611381999999999648e-01 1.155327209089651455e-03
9.400000000000000000e+01 8.607512999999999970e-01 1.169019609197377964e-03
9.500000000000000000e+01 8.603591999999999906e-01 1.182756009305450376e-03
9.600000000000000000e+01 8.599617000000000511e-01 1.196536809413872079e-03
9.700000000000000000e+01 8.595589000000000146e-01 1.210362609522647832e-03
9.800000000000000000e+01 8.591507000000000449e-01 1.224234209631783980e-03
9.900000000000000000e+01 8.587371000000000310e-01 1.238152409741287083e-03
1.000000000000000000e+02 8.583180000000000254e-01 1.252117809851161032e-03
1.010000000000000000e+02 8.578934000000000282e-01 1.266131009961411454e-03
1.020000000000000000e+02 8.574633000000000393e-01 1.280192410072040869e-03
1.030000000000000000e+02 8.570275000000000531e-01 1.294303410183060598e-03
1.040000000000000000e+02 8.565861000000000169e-01 1.308464010294470422e-03
1.050000000000000000e+02 8.561389999999999834e-01 1.322675210406278491e-03
1.060000000000000000e+02 8.556861000000000050e-01 1.336937810518490713e-03
1.070000000000000000e+02 8.552275000000000293e-01 1.351252410631112498e-03
1.080000000000000000e+02 8.547628999999999921e-01 1.365619610744147738e-03
1.090000000000000000e+02 8.542925000000000102e-01 1.380040210857603209e-03
1.100000000000000000e+02 8.538160999999999667e-01 1.394514810971483670e-03
1.110000000000000000e+02 8.533336999999999728e-01 1.409044411085796835e-03
1.120000000000000000e+02 8.528453000000000284e-01 1.423629611200547245e-03
1.130000000000000000e+02 8.523507000000000167e-01 1.438271211315741462e-03
1.140000000000000000e+02 8.518499999999999961e-01 1.452969611431382440e-03
1.150000000000000000e+02 8.513429999999999609e-01 1.467726211547481716e-03
1.160000000000000000e+02 8.508297999999999695e-01 1.482541211664040225e-03
1.170000000000000000e+02 8.503102000000000160e-01 1.497415611781065898e-03
1.180000000000000000e+02 8.497841999999999896e-01 1.512350211898565513e-03
1.190000000000000000e+02 8.492518000000000011e-01 1.527345812016544764e-03
1.200000000000000000e+02 8.487128000000000450e-01 1.542403012135008626e-03
1.210000000000000000e+02 8.481672000000000100e-01 1.557522812253965246e-03
1.220000000000000000e+02 8.476150000000000073e-01 1.572706012373420751e-03
1.230000000000000000e+02 8.470560999999999785e-01 1.587953212493379467e-03
1.240000000000000000e+02 8.464905000000000346e-01 1.603265412613849540e-03
1.250000000000000000e+02 8.459179000000000004e-01 1.618643612734839117e-03
1.260000000000000000e+02 8.453384999999999927e-01 1.634088212856351155e-03
1.270000000000000000e+02 8.447521000000000058e-01 1.649600212978393366e-03
1.280000000000000000e+02 8.441587000000000396e-01 1.665180613100973681e-03
1.290000000000000000e+02 8.435580999999999774e-01 1.680830013224096859e-03
1.300000000000000000e+02 8.429503999999999886e-01 1.696549613347772632e-03
1.310000000000000000e+02 8.423353000000000090e-01 1.712339813472003522e-03
1.320000000000000000e+02 8.417130000000000445e-01 1.728201813596799263e-03
1.330000000000000000e+02 8.410832999999999782e-01 1.744136613722168001e-03
1.340000000000000000e+02 8.404460000000000264e-01 1.760144613848112259e-03
1.350000000000000000e+02 8.398012000000000254e-01 1.776227213974644007e-03
1.360000000000000000e+02 8.391488000000000280e-01 1.792384814101765332e-03
1.370000000000000000e+02 8.384886000000000283e-01 1.808618814229487988e-03
1.380000000000000000e+02 8.378206999999999738e-01 1.824929814357816298e-03
1.390000000000000000e+02 8.371448000000000222e-01 1.841318614486756825e-03
1.400000000000000000e+02 8.364610000000000101e-01 1.857786614616320454e-03
1.410000000000000000e+02 8.357691999999999899e-01 1.874334414746511943e-03
1.420000000000000000e+02 8.350691999999999560e-01 1.890962814877337637e-03
1.430000000000000000e+02 8.343608999999999609e-01 1.907673015008806618e-03
1.440000000000000000e+02 8.336443999999999521e-01 1.924465815140925882e-03
1.450000000000000000e+02 8.329193999999999765e-01 1.941342415273704077e-03
1.460000000000000000e+02 8.321859000000000339e-01 1.958303415407146395e-03
1.470000000000000000e+02 8.314439000000000135e-01 1.975350015541262137e-03
1.480000000000000000e+02 8.306930999999999621e-01 1.992483215676059231e-03
1.490000000000000000e+02 8.299336000000000491e-01 2.009704015811545827e-03
1.500000000000000000e+02 8.291650999999999883e-01 2.027014015947734178e-03
1.510000000000000000e+02 8.283876999999999491e-01 2.044412016084614335e-03
1.520000000000000000e+02 8.276012000000000368e-01 2.061902016222218886e-03
1.530000000000000000e+02 8.268054999999999710e-01 2.079482016360531104e-03
1.540000000000000000e+02 8.260005000000000264e-01 2.097156016499583144e-03
1.550000000000000000e+02 8.251861000000000335e-01 2.114922016639358710e-03
1.560000000000000000e+02 8.243622000000000449e-01 2.132784016779889959e-03
1.570000000000000000e+02 8.235287000000000024e-01 2.150740016921160597e-03
1.580000000000000000e+02 8.226854000000000111e-01 2.168794017063201910e-03
1.590000000000000000e+02 8.218322999999999601e-01 2.186946017206014767e-03
1.600000000000000000e+02 8.209691000000000072e-01 2.205196017349598300e-03
1.610000000000000000e+02 8.200960000000000472e-01 2.223548017493984664e-03
1.620000000000000000e+02 8.192125999999999575e-01 2.241998017639141704e-03
1.630000000000000000e+02 8.183188000000000129e-01 2.260552017785117003e-03
1.640000000000000000e+02 8.174147000000000496e-01 2.279208017931895133e-03
1.650000000000000000e+02 8.164998999999999452e-01 2.297968018079491522e-03
1.660000000000000000e+02 8.155744000000000327e-01 2.316834018227921163e-03
1.670000000000000000e+02 8.146381000000000316e-01 2.335808018377201218e-03
1.680000000000000000e+02 8.136908999999999947e-01 2.354888018527314959e-03
1.690000000000000000e+02 8.127324999999999688e-01 2.374076018678278679e-03
1.700000000000000000e+02 8.117628000000000066e-01 2.393374018830107808e-03
1.710000000000000000e+02 8.107817999999999969e-01 2.412784018982817771e-03
1.720000000000000000e+02 8.097893000000000452e-01 2.432304019136393575e-03
1.730000000000000000e+02 8.087851000000000345e-01 2.451940019290881501e-03
1.740000000000000000e+02 8.077691000000000177e-01 2.471688019446250696e-03
1.750000000000000000e+02 8.067410999999999888e-01 2.491552019602532881e-03
1.760000000000000000e+02 8.057010000000000005e-01 2.511534019759743483e-03
1.770000000000000000e+02 8.046486000000000471e-01 2.531632019917865774e-03
1.780000000000000000e+02 8.035837999999999592e-01 2.551850020076933210e-03
1.790000000000000000e+02 8.025063000000000057e-01 2.572188020236944490e-03
1.800000000000000000e+02 8.014162000000000230e-01 2.592648020397915476e-03
1.810000000000000000e+02 8.003130999999999995e-01 2.613228020559830739e-03
1.820000000000000000e+02 7.991968999999999879e-01 2.633934020722737430e-03
1.830000000000000000e+02 7.980673999999999824e-01 2.654764020886619252e-03
1.840000000000000000e+02 7.969245999999999830e-01 2.675720021051492935e-03
1.850000000000000000e+02 7.957680999999999782e-01 2.696802021217357612e-03
1.860000000000000000e+02 7.945976999999999624e-01 2.718014021384245003e-03
1.870000000000000000e+02 7.934134999999999938e-01 2.739354021552139248e-03
1.880000000000000000e+02 7.922150000000000025e-01 2.760826021721072936e-03
1.890000000000000000e+02 7.910021999999999887e-01 2.782430021891044332e-03
1.900000000000000000e+02 7.897747999999999990e-01 2.804166022062054304e-03
1.910000000000000000e+02 7.885326999999999753e-01 2.826038022234134573e-03
1.920000000000000000e+02 7.872755999999999643e-01 2.848044022407269279e-03
1.930000000000000000e+02 7.860034000000000187e-01 2.870186022581472981e-03
1.940000000000000000e+02 7.847157999999999634e-01 2.892466022756763275e-03
1.950000000000000000e+02 7.834126000000000145e-01 2.914886022933155154e-03
1.960000000000000000e+02 7.820937000000000028e-01 2.937446023110647751e-03
1.970000000000000000e+02 7.807587000000000277e-01 2.960148023289258662e-03
1.980000000000000000e+02 7.794075000000000308e-01 2.982992023468985718e-03
1.990000000000000000e+02 7.780397999999999481e-01 3.005978023649830220e-03
2.000000000000000000e+02 7.766553999999999958e-01 3.029112023831839317e-03
2.010000000000000000e+02 7.752540999999999460e-01 3.052390024014981287e-03
2.020000000000000000e+02 7.738355999999999568e-01 3.075816024199287853e-03
2.030000000000000000e+02 7.723997000000000224e-01 3.099390024384758580e-03
2.040000000000000000e+02 7.709460999999999675e-01 3.123112024571393901e-03
2.050000000000000000e+02 7.694746000000000086e-01 3.146986024759225106e-03
2.060000000000000000e+02 7.679848999999999704e-01 3.171012024948251760e-03
2.070000000000000000e+02 7.664767000000000108e-01 3.195190025138474731e-03
2.080000000000000000e+02 7.649498000000000131e-01 3.219522025329909012e-03
2.090000000000000000e+02 7.634039999999999715e-01 3.244008025522555037e-03
2.100000000000000000e+02 7.618388000000000382e-01 3.268652025716444094e-03
2.110000000000000000e+02 7.602541000000000437e-01 3.293450025911544895e-03
2.120000000000000000e+02 7.586496000000000350e-01 3.318408026107904588e-03
2.130000000000000000e+02 7.570249000000000006e-01 3.343526026305522741e-03
2.140000000000000000e+02 7.553798000000000457e-01 3.368802026504384359e-03
2.150000000000000000e+02 7.537139000000000477e-01 3.394240026704520297e-03
2.160000000000000000e+02 7.520269000000000537e-01 3.419838026905915127e-03
2.170000000000000000e+02 7.503185999999999467e-01 3.445600027108600139e-03
2.180000000000000000e+02 7.485886000000000484e-01 3.471526027312575331e-03
2.190000000000000000e+02 7.468365000000000142e-01 3.497616027517841137e-03
2.200000000000000000e+02 7.450620999999999494e-01 3.523872027724412985e-03
2.210000000000000000e+02 7.432649000000000061e-01 3.550294027932290441e-03
2.220000000000000000e+02 7.414446999999999566e-01 3.576882028141474372e-03
2.230000000000000000e+02 7.396009999999999529e-01 3.603638028351979772e-03
2.240000000000000000e+02 7.377335999999999894e-01 3.630562028563807074e-03
2.250000000000000000e+02 7.358419999999999961e-01 3.657656028776971706e-03
2.260000000000000000e+02 7.339257999999999615e-01 3.684918028991458240e-03
2.270000000000000000e+02 7.319847000000000437e-01 3.712352029207297965e-03
2.280000000000000000e+02 7.300183000000000089e-01 3.739954029424459592e-03
2.290000000000000000e+02 7.280261999999999567e-01 3.767728029642974409e-03
2.300000000000000000e+02 7.260079000000000393e-01 3.795672029862826122e-03
2.310000000000000000e+02 7.239630999999999705e-01 3.823790030084047754e-03
2.320000000000000000e+02 7.218913000000000135e-01 3.852078030306606282e-03
2.330000000000000000e+02 7.197921000000000458e-01 3.880538030530518434e-03
2.340000000000000000e+02 7.176649999999999974e-01 3.909170030755783343e-03
2.350000000000000000e+02 7.155095999999999679e-01 3.937974030982401875e-03
2.360000000000000000e+02 7.133253999999999984e-01 3.966950031210373165e-03
2.370000000000000000e+02 7.111119999999999663e-01 3.996100031439713506e-03
2.380000000000000000e+02 7.088687999999999656e-01 4.025420031670392043e-03
2.390000000000000000e+02 7.065953999999999846e-01 4.054910031902407043e-03
2.400000000000000000e+02 7.042912999999999535e-01 4.084572032135775667e-03
2.410000000000000000e+02 7.019558999999999660e-01 4.114404032370482488e-03
2.420000000000000000e+02 6.995886999999999523e-01 4.144406032606525771e-03
2.430000000000000000e+02 6.971893000000000118e-01 4.174578032843907251e-03
2.440000000000000000e+02 6.947569999999999579e-01 4.204916033082594339e-03
2.450000000000000000e+02 6.922913000000000538e-01 4.235422033322603329e-03
2.460000000000000000e+02 6.897915999999999492e-01 4.266094033563917927e-03
2.470000000000000000e+02 6.872572999999999599e-01 4.296928033806508146e-03
2.480000000000000000e+02 6.846879000000000159e-01 4.327928034050403105e-03
2.490000000000000000e+02 6.820827999999999891e-01 4.359088034295557391e-03
2.500000000000000000e+02 6.794413000000000258e-01 4.390408034541971004e-03
2.510000000000000000e+02 6.767627000000000503e-01 4.421884034789611354e-03
2.520000000000000000e+02 6.740464999999999929e-01 4.453516035038479308e-03
2.530000000000000000e+02 6.712919999999999998e-01 4.485302035288558573e-03
2.540000000000000000e+02 6.684984999999999955e-01 4.517238035539818293e-03
2.550000000000000000e+02 6.656653000000000153e-01 4.549320035792226748e-03
2.560000000000000000e+02 6.627918000000000420e-01 4.581548036045783936e-03
2.570000000000000000e+02 6.598770999999999942e-01 4.613916036300442711e-03
2.580000000000000000e+02 6.569205999999999657e-01 4.646422036556186776e-03
2.590000000000000000e+02 6.539213999999999860e-01 4.679062036812985277e-03
2.600000000000000000e+02 6.508789000000000380e-01 4.711832037070806493e-03
2.610000000000000000e+02 6.477922999999999876e-01 4.744724037329586981e-03
2.620000000000000000e+02 6.446606999999999754e-01 4.777738037589328475e-03
2.630000000000000000e+02 6.414832999999999785e-01 4.810868037849982091e-03
2.640000000000000000e+02 6.382592999999999739e-01 4.844106038111485255e-03
2.650000000000000000e+02 6.349877999999999911e-01 4.877448038373807110e-03
2.660000000000000000e+02 6.316678999999999489e-01 4.910886038636883347e-03
2.670000000000000000e+02 6.282988000000000461e-01 4.944416038900683978e-03
2.680000000000000000e+02 6.248793999999999738e-01 4.978028039165129266e-03
2.690000000000000000e+02 6.214089999999999892e-01 5.011716039430173797e-03
2.700000000000000000e+02 6.178863999999999468e-01 5.045472039695751525e-03
2.710000000000000000e+02 6.143108000000000457e-01 5.079286039961787048e-03
2.720000000000000000e+02 6.106810999999999767e-01 5.113148040228198896e-03
2.730000000000000000e+02 6.069963000000000442e-01 5.147052040494942519e-03
2.740000000000000000e+02 6.032553999999999972e-01 5.180984040761905593e-03
2.750000000000000000e+02 5.994570999999999650e-01 5.214934041029010980e-03
2.760000000000000000e+02 5.956004999999999772e-01 5.248890041296163517e-03
2.770000000000000000e+02 5.916843999999999992e-01 5.282838041563252610e-03
2.780000000000000000e+02 5.877077000000000551e-01 5.316766041830183961e-03
2.790000000000000000e+02 5.836691000000000518e-01 5.350660042096848715e-03
2.800000000000000000e+02 5.795673999999999548e-01 5.384506042363135410e-03
2.810000000000000000e+02 5.754013999999999518e-01 5.418284042628887173e-03
2.820000000000000000e+02 5.711699000000000082e-01 5.451980042893994280e-03
2.830000000000000000e+02 5.668714000000000253e-01 5.485574043158298121e-03
2.840000000000000000e+02 5.625046999999999686e-01 5.519048043421658119e-03
2.850000000000000000e+02 5.580684999999999674e-01 5.552382043683916531e-03
2.860000000000000000e+02 5.535611999999999755e-01 5.585552043944884762e-03
2.870000000000000000e+02 5.489815000000000111e-01 5.618536044204390512e-03
2.880000000000000000e+02 5.443278999999999757e-01 5.651312044462258877e-03
2.890000000000000000e+02 5.395988000000000451e-01 5.683850044718254113e-03
2.900000000000000000e+02 5.347927999999999571e-01 5.716124044972173933e-03
2.910000000000000000e+02 5.299082000000000514e-01 5.748106045223794550e-03
2.920000000000000000e+02 5.249435000000000073e-01 5.779764045472866527e-03
2.930000000000000000e+02 5.198968999999999951e-01 5.811064045719123265e-03
2.940000000000000000e+02 5.147667999999999688e-01 5.841970045962279270e-03
2.950000000000000000e+02 5.095513999999999877e-01 5.872446046202051649e-03
2.960000000000000000e+02 5.042488999999999999e-01 5.902454046438142948e-03
2.970000000000000000e+02 4.988575000000000093e-01 5.931948046670190537e-03
2.980000000000000000e+02 4.933753000000000166e-01 5.960886046897862639e-03
2.990000000000000000e+02 4.878003000000000200e-01 5.989218047120767503e-03
3.000000000000000000e+02 4.821307000000000231e-01 6.016894047338510777e-03
3.010000000000000000e+02 4.763643000000000183e-01 6.043860047550668989e-03
3.020000000000000000e+02 4.704992000000000063e-01 6.070058047756783474e-03
3.030000000000000000e+02 4.645330999999999766e-01 6.095426047956369053e-03
3.040000000000000000e+02 4.584639999999999826e-01 6.119898048148905353e-03
3.050000000000000000e+02 4.522895000000000110e-01 6.143406048333856576e-03
3.060000000000000000e+02 4.460073999999999983e-01 6.165872048510610652e-03
3.070000000000000000e+02 4.396152999999999866e-01 6.187218048678552046e-03
3.080000000000000000e+02 4.331109000000000209e-01 6.207358048837005246e-03
3.090000000000000000e+02 4.264916999999999736e-01 6.226200048985246725e-03
3.100000000000000000e+02 4.197551999999999950e-01 6.243646049122504940e-03
3.110000000000000000e+02 4.128989000000000131e-01 6.259592049247961199e-03
3.120000000000000000e+02 4.059200000000000030e-01 6.273924049360720540e-03
3.130000000000000000e+02 3.988159000000000010e-01 6.286522049459836517e-03
3.140000000000000000e+02 3.915838999999999848e-01 6.297254049544271856e-03
3.150000000000000000e+02 3.842211999999999850e-01 6.305982049612939531e-03
3.160000000000000000e+02 3.767248000000000263e-01 6.312556049664661689e-03
3.170000000000000000e+02 3.690919999999999757e-01 6.316810049698130120e-03
3.180000000000000000e+02 3.613197000000000214e-01 6.318572049711992066e-03
3.190000000000000000e+02 3.534049000000000218e-01 6.317648049704723337e-03
3.200000000000000000e+02 3.453446000000000016e-01 6.313836049674731096e-03
3.210000000000000000e+02 3.371355999999999797e-01 6.306910049620240849e-03
3.220000000000000000e+02 3.287747999999999782e-01 6.296628049539346010e-03
3.230000000000000000e+02 3.202591000000000188e-01 6.282726049429970296e-03
3.240000000000000000e+02 3.115852000000000066e-01 6.264912049289817104e-03
3.250000000000000000e+02 3.027501000000000220e-01 6.242870049116399506e-03
3.260000000000000000e+02 2.937504000000000226e-01 6.216254048906995691e-03
3.270000000000000000e+02 2.845831999999999806e-01 6.184684048658615520e-03
3.280000000000000000e+02 2.752453999999999734e-01 6.147734048367907954e-03
3.290000000000000000e+02 2.657339000000000229e-01 6.104942048031238196e-03
3.300000000000000000e+02 2.560460999999999987e-01 6.055786047644497357e-03
3.310000000000000000e+02 2.461792999999999898e-01 5.999692047203172840e-03
3.320000000000000000e+02 2.361312000000000133e-01 5.936016046702194751e-03
3.330000000000000000e+02 2.258998999999999868e-01 5.864032046135853743e-03
3.340000000000000000e+02 2.154841000000000117e-01 5.782924045497728899e-03
3.350000000000000000e+02 2.048831000000000124e-01 5.691772044780581477e-03
3.360000000000000000e+02 1.940970999999999946e-01 5.589530043976181743e-03
3.370000000000000000e+02 1.831276000000000015e-01 5.475002043075121241e-03
3.380000000000000000e+02 1.719777000000000111e-01 5.346830042066715895e-03
3.390000000000000000e+02 1.606530999999999931e-01 5.203458040938723113e-03
3.400000000000000000e+02 1.491620999999999919e-01 5.043116039677215771e-03
3.410000000000000000e+02 1.375174999999999870e-01 4.863792038266366233e-03
3.420000000000000000e+02 1.257381999999999944e-01 4.663242036688519145e-03
3.430000000000000000e+02 1.138513000000000025e-01 4.439018034924415226e-03
3.440000000000000000e+02 1.018957000000000057e-01 4.188584032954100790e-03
3.450000000000000000e+02 8.992780000000000218e-02 3.909560030758851487e-03
3.460000000000000000e+02 7.802862000000000686e-02 3.600166028324663491e-03
3.470000000000000000e+02 6.631428999999999796e-02 3.259976025648184898e-03
3.480000000000000000e+02 5.494795000000000235e-02 2.890986022745119493e-03
3.490000000000000000e+02 4.414885000000000337e-02 2.498904019660375467e-03
3.500000000000000000e+02 3.418877000000000027e-02 2.094218016476468314e-03
3.510000000000000000e+02 2.536284000000000108e-02 1.692343413314679589e-03
3.520000000000000000e+02 1.792927000000000062e-02 1.312021410322458540e-03
3.530000000000000000e+02 1.203414000000000046e-02 9.718486076461153736e-04
3.540000000000000000e+02 7.659482999999999916e-03 6.859766053969890837e-04
3.550000000000000000e+02 4.627912999999999992e-03 4.609122036262725355e-04
3.560000000000000000e+02 2.662124000000000087e-03 2.949122023202510319e-04
3.570000000000000000e+02 1.463504000000000020e-03 1.799505014157784283e-04
3.580000000000000000e+02 7.719552000000000185e-04 1.049255808255124175e-04
3.590000000000000000e+02 3.920479000000000043e-04 5.859504046100229616e-05
3.600000000000000000e+02 1.922462999999999961e-04 3.141004024712161356e-05
3.610000000000000000e+02 9.121878999999999404e-05 1.619627812742582316e-05
3.620000000000000000e+02 4.194905999999999847e-05 8.048634063323428423e-06
3.630000000000000000e+02 1.872011999999999857e-05 3.861146030377949992e-06
3.640000000000000000e+02 8.114614000000000164e-06 1.790754614088939491e-06
3.650000000000000000e+02 3.419403999999999932e-06 8.039760063253610723e-07
3.660000000000000000e+02 1.401704999999999991e-06 3.498096027521617822e-07
3.670000000000000000e+02 5.593102000000000342e-07 1.476521811616681749e-07
3.680000000000000000e+02 2.173593000000000106e-07 6.051424047610179324e-08
3.690000000000000000e+02 8.230992999999999806e-08 2.410094018961653678e-08
3.700000000000000000e+02 3.038618999999999927e-08 9.334332073438783245e-09
3.710000000000000000e+02 1.094048999999999972e-08 3.517950027677820882e-09
3.720000000000000000e+02 3.843320999999999823e-09 1.290955410156719791e-09
3.730000000000000000e+02 1.317790000000000058e-09 4.615128036309978122e-10
3.740000000000000000e+02 4.411693000000000225e-10 1.608134012652154079e-10
3.750000000000000000e+02 1.442524000000000084e-10 5.464176042989947059e-11
3.760000000000000000e+02 4.608178999999999685e-11 1.811226614250005085e-11
3.770000000000000000e+02 1.438618999999999931e-11 5.859146046097413035e-12
3.780000000000000000e+02 4.390213999999999614e-12 1.850394814558164815e-12
3.790000000000000000e+02 1.309951000000000059e-12 5.706978044900216114e-13
3.800000000000000000e+02 3.822551999999999846e-13 1.719463413528048860e-13
3.810000000000000000e+02 1.091121999999999968e-13 5.062300039828148144e-14
3.820000000000000000e+02 3.047201999999999772e-14 1.456751211461134908e-14
3.830000000000000000e+02 8.327575000000000427e-15 4.098380032244411968e-15
3.840000000000000000e+02 2.227414999999999927e-15 1.127527808870936915e-15
3.850000000000000000e+02 5.832032000000000061e-16 3.034050023870689864e-16
3.860000000000000000e+02 1.494999000000000067e-16 7.987004062838546732e-17
3.870000000000000000e+02 3.752542999999999986e-17 2.057268016185760122e-17
3.880000000000000000e+02 9.224264999999999658e-18 5.185818040799938645e-18
3.890000000000000000e+02 2.220816000000000047e-18 1.279475810066402792e-18
3.900000000000000000e+02 5.237423999999999796e-19 3.090288024313147541e-19
3.910000000000000000e+02 1.210021000000000113e-19 7.307634057493535437e-20
3.920000000000000000e+02 2.738927999999999953e-20 1.692077813312590114e-20
3.930000000000000000e+02 6.074629000000000208e-21 3.836896030187160934e-21
3.940000000000000000e+02 1.320218999999999926e-21 8.521226067041590862e-22
3.950000000000000000e+02 2.811850999999999825e-22 1.853655814583821080e-22
3.960000000000000000e+02 5.869318999999999937e-23 3.950026031077221605e-23
3.970000000000000000e+02 1.200768000000000039e-23 8.246126064877215331e-24
3.980000000000000000e+02 2.407854999999999900e-24 1.686596613269466134e-24
3.990000000000000000e+02 4.732845000000000177e-25 3.379966026592218324e-25
4.000000000000000000e+02 9.119129999999999793e-26 6.637108052218106370e-26
4.010000000000000000e+02 1.722421000000000106e-26 1.277125410047910871e-26
4.020000000000000000e+02 3.189285999999999957e-27 2.408218018946894556e-27
4.030000000000000000e+02 5.789303000000000352e-28 4.450226035012594967e-28
4.040000000000000000e+02 1.030258000000000101e-28 8.059476063408727822e-29
4.050000000000000000e+02 1.797455000000000057e-29 1.430477211254421617e-29
4.060000000000000000e+02 3.074443000000000060e-30 2.488358019577403575e-30
4.070000000000000000e+02 5.155511000000000223e-31 4.242370033377266765e-31
4.080000000000000000e+02 8.475643999999999909e-32 7.088778055771664561e-32
4.090000000000000000e+02 1.366047000000000042e-32 1.160919009133645406e-32
4.100000000000000000e+02 2.158465000000000091e-33 1.863367614660229572e-33
4.110000000000000000e+02 3.343506000000000159e-34 2.931278023062120883e-34
4.120000000000000000e+02 5.077227000000000355e-35 4.519292035555978616e-35
4.130000000000000000e+02 7.557979999999999425e-36 6.828568053724435664e-36
4.140000000000000000e+02 1.102871000000000021e-36 1.011167807955463036e-36
4.150000000000000000e+02 1.577487000000000041e-37 1.467361011544608429e-37
4.160000000000000000e+02 2.211615000000000008e-38 2.086674016417114674e-38
4.170000000000000000e+02 3.039022999999999898e-39 2.907748022876996030e-39
4.180000000000000000e+02 4.092749000000000320e-40 3.970290031236650514e-40
4.190000000000000000e+02 5.401648000000000036e-41 5.311626041789744990e-41
4.200000000000000000e+02 6.986158000000000173e-42 6.962190054775720953e-42
4.210000000000000000e+02 8.853608000000000015e-43 8.940230070338147070e-43
4.220000000000000000e+02 1.099356000000000029e-43 1.124616808848034357e-43
4.230000000000000000e+02 1.337383000000000005e-44 1.385733210902393555e-44
4.240000000000000000e+02 1.593803000000000014e-45 1.672388813157684853e-45
4.250000000000000000e+02 1.860514999999999818e-46 1.976689215551798658e-46
4.260000000000000000e+02 2.127196000000000117e-47 2.287922018000453112e-47
4.270000000000000000e+02 2.381834000000000017e-48 2.592990020400606182e-48
4.280000000000000000e+02 2.611531999999999935e-49 2.877202022636672392e-49
4.290000000000000000e+02 2.803544000000000100e-50 3.125354024589033068e-50
4.300000000000000000e+02 2.946406999999999883e-51 3.323032026144284477e-51
4.310000000000000000e+02 3.031050999999999855e-52 3.457958027205828594e-52
4.320000000000000000e+02 3.051744999999999843e-53 3.521242027703720766e-53
4.330000000000000000e+02 3.006724000000000128e-54 3.508328027602118849e-54
4.340000000000000000e+02 2.898426000000000125e-55 3.419536026903538371e-55
4.350000000000000000e+02 2.733277000000000008e-56 3.260078025648987552e-56
4.360000000000000000e+02 2.521061999999999912e-57 3.039552023913977161e-57
4.370000000000000000e+02 2.273969999999999936e-58 2.770996021801086044e-58
4.380000000000000000e+02 2.005421999999999896e-59 2.469602019429838857e-59
4.390000000000000000e+02 1.728866999999999976e-60 2.151290016925487526e-60
4.400000000000000000e+02 1.456676999999999969e-61 1.831319614408088937e-61
4.410000000000000000e+02 1.199270999999999948e-62 1.523107011983195490e-62
4.420000000000000000e+02 9.645532999999999401e-64 1.237374809735169055e-63
4.430000000000000000e+02 7.576839000000000276e-65 9.816932077235688428e-65
4.440000000000000000e+02 5.811602999999999818e-66 7.604108059826074798e-66
4.450000000000000000e+02 4.351491000000000195e-67 5.749204045232433275e-67
4.460000000000000000e+02 3.179783000000000071e-68 4.241686033371886079e-68
4.470000000000000000e+02 2.267002000000000126e-69 3.052946024019355806e-69
4.480000000000000000e+02 1.576423999999999884e-70 2.143000016860265461e-70
4.490000000000000000e+02 1.068875000000000006e-71 1.466610011538699768e-71
4.500000000000000000e+02 7.064361000000000205e-73 9.782660076966048045e-73
4.510000000000000000e+02 4.549503999999999908e-74 6.357740050020150853e-74
4.520000000000000000e+02 2.853948000000000051e-75 4.024378031662193158e-75
4.530000000000000000e+02 1.743239999999999926e-76 2.480184019513094048e-76
4.540000000000000000e+02 1.036401000000000087e-77 1.487611611703931985e-77
4.550000000000000000e+02 5.994876000000000529e-79 8.680372068293689097e-79
4.560000000000000000e+02 3.372307000000000132e-80 4.925430038751309283e-80
4.570000000000000000e+02 1.844048000000000049e-81 2.716510021372411810e-81
4.580000000000000000e+02 9.797359000000000675e-83 1.455572011451857166e-82
4.590000000000000000e+02 5.054985999999999856e-84 7.573470059585027544e-84
4.600000000000000000e+02 2.531490000000000008e-85 3.824426030089050991e-85
4.610000000000000000e+02 1.229804999999999952e-86 1.873300414738377048e-86
4.620000000000000000e+02 5.792224000000000082e-88 8.895368069985190573e-88
4.630000000000000000e+02 2.643227000000000021e-89 4.092300032196576287e-89
4.640000000000000000e+02 1.167935999999999930e-90 1.822779014340894828e-90
4.650000000000000000e+02 4.993418000000000013e-92 7.855302061802368568e-92
4.660000000000000000e+02 2.064197999999999999e-93 3.272920025750023097e-93
4.670000000000000000e+02 8.244051999999999576e-95 1.317384810364655966e-94
4.680000000000000000e+02 3.178376000000000117e-96 5.118410040269598757e-96
4.690000000000000000e+02 1.181846999999999996e-97 1.917870615089037341e-97
4.700000000000000000e+02 4.234474999999999788e-99 6.923992054475194649e-99
4.710000000000000000e+02 1.460436000000000060e-100 2.406078018930057534e-100
4.720000000000000000e+02 4.843309000000000191e-102 8.039174063248999849e-102
4.730000000000000000e+02 1.542680000000000069e-103 2.579644020295605016e-103
4.740000000000000000e+02 4.713504000000000006e-105 7.939894062467904589e-105
4.750000000000000000e+02 1.379633999999999886e-106 2.340964018417767108e-106
4.760000000000000000e+02 3.862840000000000154e-108 6.601940051941418406e-108
4.770000000000000000e+02 1.032976999999999973e-109 1.778129413989609665e-109
4.780000000000000000e+02 2.633751000000000144e-111 4.565934035922939022e-111
4.790000000000000000e+02 6.390726000000000193e-113 1.115738208778181107e-112
4.800000000000000000e+02 1.472761000000000031e-114 2.589266020371307593e-114
4.810000000000000000e+02 3.216232999999999846e-116 5.693770044796301193e-116
4.820000000000000000e+02 6.639298000000000224e-118 1.183473609311096009e-117
4.830000000000000000e+02 1.292003999999999883e-119 2.318786018243279338e-119
4.840000000000000000e+02 2.362885999999999989e-121 4.269496033590683871e-121
4.850000000000000000e+02 4.047303000000000082e-123 7.362306057923673756e-123
4.860000000000000000e+02 6.467632000000000329e-125 1.184363609318098359e-124
4.870000000000000000e+02 9.599726999999999732e-127 1.769571413922278591e-126
4.880000000000000000e+02 1.316730999999999882e-128 2.443170019221882959e-128
4.890000000000000000e+02 1.659182000000000041e-130 3.098680024379172430e-130
4.900000000000000000e+02 1.907369999999999925e-132 3.585274028207499641e-132
4.910000000000000000e+02 1.983933999999999901e-134 3.753170029528437756e-134
4.920000000000000000e+02 1.848491000000000097e-136 3.519262027688143221e-136
4.930000000000000000e+02 1.523778000000000095e-138 2.919434022968937323e-138
4.940000000000000000e+02 1.093985999999999942e-140 2.109168016594088946e-140
4.950000000000000000e+02 6.701058000000000433e-143 1.300007810227940331e-142
4.960000000000000000e+02 3.404813999999999945e-145 6.646292052290362556e-145
4.970000000000000000e+02 1.377664999999999968e-147 2.705788021288055989e-147
4.980000000000000000e+02 4.161748000000000030e-150 8.223774064701358300e-150
4.990000000000000000e+02 8.343493999999999644e-153 1.658707613050046813e-152
5.000000000000000000e+02 8.325909000000000412e-156 1.665181813100983188e-155
5.010000000000000000e+02 0.000000000000000000e+00 0.000000000000000000e+00
