1.000000000000000000e+00 7.307757000000000280e-01 4.583894970068445797e-06
2.000000000000000000e+00 7.323667999999999845e-01 4.348507535698179478e-06
3.000000000000000000e+00 7.370223999999999664e-01 4.223312104042524170e-06
4.000000000000000000e+00 7.322448999999999764e-01 4.785625260752416101e-06
5.000000000000000000e+00 7.306928999999999785e-01 5.432612705262569319e-06
6.000000000000000000e+00 7.307746000000000519e-01 5.758096141852376304e-06
7.000000000000000000e+00 7.323946000000000067e-01 5.752889284581246816e-06
8.000000000000000000e+00 7.367964000000000180e-01 5.857239001437647451e-06
9.000000000000000000e+00 7.321733000000000269e-01 6.832589882608557552e-06
1.000000000000000000e+01 7.306783000000000028e-01 7.865693908059376435e-06
1.100000000000000000e+01 7.307746999999999993e-01 8.389332778102229657e-06
1.200000000000000000e+01 7.323836999999999708e-01 8.397696206879692928e-06
1.300000000000000000e+01 7.366418000000000132e-01 8.529789924419575579e-06
1.400000000000000000e+01 7.321100000000000385e-01 9.861865385807070441e-06
1.500000000000000000e+01 7.306523999999999797e-01 1.123223570528082788e-05
1.600000000000000000e+01 7.307618999999999643e-01 1.185021743479070440e-05
1.700000000000000000e+01 7.323636000000000035e-01 1.172669057460472541e-05
1.800000000000000000e+01 7.365100999999999454e-01 1.175810543252149652e-05
1.900000000000000000e+01 7.320470000000000033e-01 1.339168947276531626e-05
2.000000000000000000e+01 7.306162999999999963e-01 1.505096265649913834e-05
2.100000000000000000e+01 7.307363000000000053e-01 1.569569867238239787e-05
2.200000000000000000e+01 7.323313000000000184e-01 1.536187923558723057e-05
2.300000000000000000e+01 7.363849999999999563e-01 1.522725751798507035e-05
2.400000000000000000e+01 7.319782999999999706e-01 1.712513413616838581e-05
2.500000000000000000e+01 7.305686000000000124e-01 1.904045761192436762e-05
2.600000000000000000e+01 7.306974000000000524e-01 1.967690105617476496e-05
2.700000000000000000e+01 7.322857999999999867e-01 1.910029532768419975e-05
2.800000000000000000e+01 7.362589999999999968e-01 1.877526903396279720e-05
2.900000000000000000e+01 7.319006000000000123e-01 2.091753651530960965e-05
3.000000000000000000e+01 7.305080999999999936e-01 2.307051485406314155e-05
3.100000000000000000e+01 7.306447000000000358e-01 2.368384058345831818e-05
3.200000000000000000e+01 7.322267000000000081e-01 2.285602113449331454e-05
3.300000000000000000e+01 7.361284999999999634e-01 2.233666112169872833e-05
3.400000000000000000e+01 7.318126999999999827e-01 2.471408060883857808e-05
3.500000000000000000e+01 7.304349999999999454e-01 2.709513209606790701e-05
3.600000000000000000e+01 7.305785999999999669e-01 2.768022925333908659e-05
3.700000000000000000e+01 7.321539000000000241e-01 2.660262922679210030e-05
3.800000000000000000e+01 7.359913000000000149e-01 2.589280063787669113e-05
3.900000000000000000e+01 7.317135000000000167e-01 2.850132641642419778e-05
4.000000000000000000e+01 7.303488000000000202e-01 3.110518933771397223e-05
4.100000000000000000e+01 7.304988999999999510e-01 3.166082363711647491e-05
4.200000000000000000e+01 7.320674999999999821e-01 3.033778360452299934e-05
4.300000000000000000e+01 7.358464999999999590e-01 2.944338358248919623e-05
4.400000000000000000e+01 7.316032000000000091e-01 3.228109793811140168e-05
4.500000000000000000e+01 7.302499999999999547e-01 3.510450372195253785e-05
4.600000000000000000e+01 7.304057999999999939e-01 3.563051516348241204e-05
4.700000000000000000e+01 7.319676999999999989e-01 3.406651512495281390e-05
4.800000000000000000e+01 7.356926999999999772e-01 3.299309795565172874e-05
4.900000000000000000e+01 7.314810000000000478e-01 3.605885803117762233e-05
5.000000000000000000e+01 7.301381999999999595e-01 3.909933810608073678e-05
5.100000000000000000e+01 7.302994999999999903e-01 3.959572668973798247e-05
5.200000000000000000e+01 7.318546000000000218e-01 3.779465235965370751e-05
5.300000000000000000e+01 7.355298999999999587e-01 3.654694947177332441e-05
5.400000000000000000e+01 7.313471999999999751e-01 3.983986383860951288e-05
5.500000000000000000e+01 7.300138999999999934e-01 4.309529249023652569e-05
5.600000000000000000e+01 7.301800000000000512e-01 4.356194393030404284e-05
5.700000000000000000e+01 7.317282000000000508e-01 4.152690388017023682e-05
5.800000000000000000e+01 7.353572000000000441e-01 4.010877813094858763e-05
5.900000000000000000e+01 7.312014000000000014e-01 4.362797821764509838e-05
6.000000000000000000e+01 7.298767000000000449e-01 4.709636687451844022e-05
6.100000000000000000e+01 7.300474000000000130e-01 4.753300688527520090e-05
6.200000000000000000e+01 7.315886999999999807e-01 4.526656111515492664e-05
6.300000000000000000e+01 7.351744000000000057e-01 4.368121250467083309e-05
6.400000000000000000e+01 7.310436999999999630e-01 4.742580688263428980e-05
6.500000000000000000e+01 7.297268000000000088e-01 5.110539554471060498e-05
6.600000000000000000e+01 7.299016999999999866e-01 5.151165841186185787e-05
6.700000000000000000e+01 7.314361000000000335e-01 4.901590977894979830e-05
6.800000000000000000e+01 7.349812999999999485e-01 4.726610402155710601e-05
6.900000000000000000e+01 7.308740000000000236e-01 5.123524697648095341e-05
7.000000000000000000e+01 7.295643000000000544e-01 5.512434421514714493e-05
7.100000000000000000e+01 7.297430000000000305e-01 5.549986422439819289e-05
7.200000000000000000e+01 7.312703999999999871e-01 5.277668701445478342e-05
7.300000000000000000e+01 7.347774000000000250e-01 5.086468696735210320e-05
7.400000000000000000e+01 7.306920000000000082e-01 5.505757849921663415e-05
7.500000000000000000e+01 7.293889000000000067e-01 5.915469860015038780e-05
7.600000000000000000e+01 7.295711000000000279e-01 5.949911003720649306e-05
7.700000000000000000e+01 7.310915999999999526e-01 5.655012710741458558e-05
7.800000000000000000e+01 7.345627000000000129e-01 5.447810419922683871e-05
7.900000000000000000e+01 7.304979000000000333e-01 5.889408145087286344e-05
8.000000000000000000e+01 7.292009000000000407e-01 6.319792155689921696e-05
8.100000000000000000e+01 7.293861999999999846e-01 6.351092727889591396e-05
8.200000000000000000e+01 7.308999000000000468e-01 6.033764720072124676e-05
8.300000000000000000e+01 7.343368000000000118e-01 5.810745286006546489e-05
8.400000000000000000e+01 7.302914000000000350e-01 6.274589868862064177e-05
8.500000000000000000e+01 7.289999000000000340e-01 6.725529308542517058e-05
8.600000000000000000e+01 7.291881999999999531e-01 6.753666452092827279e-05
8.700000000000000000e+01 7.306951000000000418e-01 6.414043586583262238e-05
8.800000000000000000e+01 7.340995999999999633e-01 6.175383009275217476e-05
8.900000000000000000e+01 7.300725999999999605e-01 6.661428735534810359e-05
9.000000000000000000e+01 7.287860000000000449e-01 7.132832175719400051e-05
9.100000000000000000e+01 7.289769000000000387e-01 7.157789890619953939e-05
9.200000000000000000e+01 7.304770999999999903e-01 6.796000167421444396e-05
9.300000000000000000e+01 7.338510000000000311e-01 6.541860732589217570e-05
9.400000000000000000e+01 7.298411999999999678e-01 7.050077887966438414e-05
9.500000000000000000e+01 7.285593000000000208e-01 7.541874471510562480e-05
9.600000000000000000e+01 7.287525999999999726e-01 7.563645900618335522e-05
9.700000000000000000e+01 7.302461999999999565e-01 7.179803605447982883e-05
9.800000000000000000e+01 7.335907000000000400e-01 6.910324741666436460e-05
9.900000000000000000e+01 7.295973000000000042e-01 7.440697326160889769e-05
1.000000000000000000e+02 7.283195000000000086e-01 7.952829910205997505e-05
1.010000000000000000e+02 7.285150000000000237e-01 7.971410482092306242e-05
1.020000000000000000e+02 7.300020000000000397e-01 7.565613900666817769e-05
1.030000000000000000e+02 7.333184999999999842e-01 7.280935036510814218e-05
1.040000000000000000e+02 7.293406000000000056e-01 7.833465335836843754e-05
1.050000000000000000e+02 7.280666999999999556e-01 8.365908777525172743e-05
1.060000000000000000e+02 7.282640999999999698e-01 8.381303063618700635e-05
1.070000000000000000e+02 7.297447999999999713e-01 7.953643624511757724e-05
1.080000000000000000e+02 7.330345000000000333e-01 7.653883617127083265e-05
1.090000000000000000e+02 7.290712000000000304e-01 8.228587631285083171e-05
1.100000000000000000e+02 7.278008000000000255e-01 8.781325930616237915e-05
1.110000000000000000e+02 7.279997999999999747e-01 8.793540788060012184e-05
1.120000000000000000e+02 7.294741000000000142e-01 8.344093919844900733e-05
1.130000000000000000e+02 7.327380999999999478e-01 8.029362483519970602e-05
1.140000000000000000e+02 7.287888000000000144e-01 8.626279069653756384e-05
1.150000000000000000e+02 7.275215000000000432e-01 9.199323655199447567e-05
1.160000000000000000e+02 7.277221000000000384e-01 9.208379655422545816e-05
1.170000000000000000e+02 7.291902999999999579e-01 8.737211643815183447e-05
1.180000000000000000e+02 7.324296000000000140e-01 8.407609349981050024e-05
1.190000000000000000e+02 7.284935000000000160e-01 9.026795650949169677e-05
1.200000000000000000e+02 7.272290000000000143e-01 9.620178522710188293e-05
1.210000000000000000e+02 7.274308000000000440e-01 9.626087094284318493e-05
1.220000000000000000e+02 7.288928999999999547e-01 9.133245939285888990e-05
1.230000000000000000e+02 7.321085000000000509e-01 8.788857359373205094e-05
1.240000000000000000e+02 7.281849999999999712e-01 9.430384232320265119e-05
1.250000000000000000e+02 7.269229000000000385e-01 1.004416024744081540e-04
1.260000000000000000e+02 7.271258999999999917e-01 1.004694653322374132e-04
1.270000000000000000e+02 7.285821000000000103e-01 9.532466520549376734e-05
1.280000000000000000e+02 7.317747000000000002e-01 9.173369368845770669e-05
1.290000000000000000e+02 7.278632999999999909e-01 9.837332813774131858e-05
1.300000000000000000e+02 7.266034000000000104e-01 1.047157968654184617e-04
1.310000000000000000e+02 7.268073000000000450e-01 1.047127111510567265e-04
1.320000000000000000e+02 7.282575999999999494e-01 9.935168244755765757e-05
1.330000000000000000e+02 7.314281999999999728e-01 9.561426521262814094e-05
1.340000000000000000e+02 7.275279999999999525e-01 1.024793853817523815e-04
1.350000000000000000e+02 7.262699999999999712e-01 1.090274998287813759e-04
1.360000000000000000e+02 7.264747000000000288e-01 1.089937398279497080e-04
1.370000000000000000e+02 7.279193000000000469e-01 1.034165282619820372e-04
1.380000000000000000e+02 7.310685000000000100e-01 9.953319102345775053e-05
1.390000000000000000e+02 7.271792000000000256e-01 1.066251911981712445e-04
1.400000000000000000e+02 7.259227999999999792e-01 1.133801856502967870e-04
1.410000000000000000e+02 7.261281000000000541e-01 1.133161170772898632e-04
1.420000000000000000e+02 7.275671999999999695e-01 1.075226083631365242e-04
1.430000000000000000e+02 7.306956999999999480e-01 1.034938082638858542e-04
1.440000000000000000e+02 7.268166999999999822e-01 1.108143341585148505e-04
1.450000000000000000e+02 7.255616000000000287e-01 1.177776943300592484e-04
1.460000000000000000e+02 7.257673000000000041e-01 1.176836828991718404e-04
1.470000000000000000e+02 7.272011000000000447e-01 1.116735570368249098e-04
1.480000000000000000e+02 7.303093999999999975e-01 1.074995912197123288e-04
1.490000000000000000e+02 7.264401999999999804e-01 1.150504485485870446e-04
1.500000000000000000e+02 7.251862000000000030e-01 1.222238887253068328e-04
1.510000000000000000e+02 7.253922999999999899e-01 1.221003230079770684e-04
1.520000000000000000e+02 7.268206999999999862e-01 1.158731457117115836e-04
1.530000000000000000e+02 7.299094999999999889e-01 1.115541970338844436e-04
1.540000000000000000e+02 7.260497000000000201e-01 1.193374657970561041e-04
1.550000000000000000e+02 7.247964000000000073e-01 1.267229288361419899e-04
1.560000000000000000e+02 7.250026000000000526e-01 1.265701974038079838e-04
1.570000000000000000e+02 7.264258999999999578e-01 1.201252601021779475e-04
1.580000000000000000e+02 7.294956999999999692e-01 1.156614428493533552e-04
1.590000000000000000e+02 7.256449000000000371e-01 1.236795001897376847e-04
1.600000000000000000e+02 7.243922000000000416e-01 1.312792032341014378e-04
1.610000000000000000e+02 7.245983999999999758e-01 1.310977860867750412e-04
1.620000000000000000e+02 7.260166000000000119e-01 1.244342430654738439e-04
1.630000000000000000e+02 7.290678999999999910e-01 1.198254886662215542e-04
1.640000000000000000e+02 7.252254999999999674e-01 1.280808488695947675e-04
1.650000000000000000e+02 7.239729999999999777e-01 1.358972833478691784e-04
1.660000000000000000e+02 7.241790999999999645e-01 1.356875690569885192e-04
1.670000000000000000e+02 7.255924999999999736e-01 1.288044146017057186e-04
1.680000000000000000e+02 7.286257000000000428e-01 1.240505630560217629e-04
1.690000000000000000e+02 7.247913000000000272e-01 1.325461289795982296e-04
1.700000000000000000e+02 7.235388999999999848e-01 1.405820377489937537e-04
1.710000000000000000e+02 7.237447999999999659e-01 1.403445748860009286e-04
1.720000000000000000e+02 7.251533999999999480e-01 1.332405289967049660e-04
1.730000000000000000e+02 7.281689000000000078e-01 1.283413517331551850e-04
1.740000000000000000e+02 7.243422000000000471e-01 1.370802776627268855e-04
1.750000000000000000e+02 7.230895999999999990e-01 1.453386550090315617e-04
1.760000000000000000e+02 7.232950999999999686e-01 1.450738550025081227e-04
1.770000000000000000e+02 7.246989000000000347e-01 1.377474548220201283e-04
1.780000000000000000e+02 7.276970999999999856e-01 1.327024718405926435e-04
1.790000000000000000e+02 7.238776000000000099e-01 1.416880949190989507e-04
1.800000000000000000e+02 7.226245000000000029e-01 1.501723008423955490e-04
1.810000000000000000e+02 7.228295000000000137e-01 1.498807122637836197e-04
1.820000000000000000e+02 7.242288999999999533e-01 1.423303577920641250e-04
1.830000000000000000e+02 7.272100999999999704e-01 1.371391805213208355e-04
1.840000000000000000e+02 7.233977000000000324e-01 1.463753407488563166e-04
1.850000000000000000e+02 7.221438999999999497e-01 1.550890095349486688e-04
1.860000000000000000e+02 7.223481999999999958e-01 1.547712038128337155e-04
1.870000000000000000e+02 7.237430999999999726e-01 1.469949979069789018e-04
1.880000000000000000e+02 7.267074999999999507e-01 1.416569634897605907e-04
1.890000000000000000e+02 7.229016999999999804e-01 1.511476608664238355e-04
1.900000000000000000e+02 7.216470000000000384e-01 1.600947239439801779e-04
1.910000000000000000e+02 7.218506000000000089e-01 1.597512953640911452e-04
1.920000000000000000e+02 7.232412000000000285e-01 1.517472037383365950e-04
1.930000000000000000e+02 7.261891000000000318e-01 1.462616036031972244e-04
1.940000000000000000e+02 7.223895999999999651e-01 1.560112952719551688e-04
1.950000000000000000e+02 7.211336999999999886e-01 1.651960954982253980e-04
1.960000000000000000e+02 7.213363999999999887e-01 1.648276840605780247e-04
1.970000000000000000e+02 7.227227999999999986e-01 1.565934438577251339e-04
1.980000000000000000e+02 7.256546000000000385e-01 1.509594780046450238e-04
1.990000000000000000e+02 7.218611000000000333e-01 1.609729868227593075e-04
2.000000000000000000e+02 7.206038000000000165e-01 1.704001641978576979e-04
2.010000000000000000e+02 7.208054999999999879e-01 1.700073184738941346e-04
2.020000000000000000e+02 7.221876000000000406e-01 1.615402782653061170e-04
2.030000000000000000e+02 7.251033000000000062e-01 1.557568495514011014e-04
2.040000000000000000e+02 7.213154000000000510e-01 1.660391583761373598e-04
2.050000000000000000e+02 7.200564000000000409e-01 1.757136729001861227e-04
2.060000000000000000e+02 7.202570000000000361e-01 1.752971014613523531e-04
2.070000000000000000e+02 7.216352000000000322e-01 1.665945869612490797e-04
2.080000000000000000e+02 7.245350999999999875e-01 1.606607582436389071e-04
2.090000000000000000e+02 7.207525999999999655e-01 1.712175127894219112e-04
2.100000000000000000e+02 7.194918000000000147e-01 1.811448044625550550e-04
2.110000000000000000e+02 7.196909999999999696e-01 1.807051930231536930e-04
2.120000000000000000e+02 7.210651999999999617e-01 1.717640499457431563e-04
2.130000000000000000e+02 7.239491999999999594e-01 1.656784726529660502e-04
2.140000000000000000e+02 7.201718999999999760e-01 1.765155243485114146e-04
2.150000000000000000e+02 7.189088999999999618e-01 1.867013531708708307e-04
2.160000000000000000e+02 7.191066999999999876e-01 1.862395017309215564e-04
2.170000000000000000e+02 7.204770999999999814e-01 1.770565757904118032e-04
2.180000000000000000e+02 7.233456000000000330e-01 1.708181070652967223e-04
2.190000000000000000e+02 7.195730999999999655e-01 1.819419244821923222e-04
2.200000000000000000e+02 7.183076999999999934e-01 1.923926447396488736e-04
2.210000000000000000e+02 7.185040999999999789e-01 1.919093532991714482e-04
2.220000000000000000e+02 7.198706000000000271e-01 1.824810787811888377e-04
2.230000000000000000e+02 7.227234999999999632e-01 1.760882100522701184e-04
2.240000000000000000e+02 7.189556000000000280e-01 1.875056503335420651e-04
2.250000000000000000e+02 7.176875000000000338e-01 1.982278905976875684e-04
2.260000000000000000e+02 7.178822000000000259e-01 1.977240277281319171e-04
2.270000000000000000e+02 7.192450999999999706e-01 1.880465646325819363e-04
2.280000000000000000e+02 7.220824000000000131e-01 1.814977644712503281e-04
2.290000000000000000e+02 7.183188999999999824e-01 1.932162104742233784e-04
2.300000000000000000e+02 7.170480000000000187e-01 2.042172393166654970e-04
2.310000000000000000e+02 7.172408999999999590e-01 2.036936735894815992e-04
2.320000000000000000e+02 7.186000999999999639e-01 1.937629076305485650e-04
2.330000000000000000e+02 7.214218000000000020e-01 1.870565074653344356e-04
2.340000000000000000e+02 7.176624999999999810e-01 1.990837763330582954e-04
2.350000000000000000e+02 7.163884000000000363e-01 2.103711823254125215e-04
2.360000000000000000e+02 7.165793000000000301e-01 2.098288280263372046e-04
2.370000000000000000e+02 7.179349000000000425e-01 1.996402792039107571e-04
2.380000000000000000e+02 7.207409999999999650e-01 1.927743818919102335e-04
2.390000000000000000e+02 7.169855000000000533e-01 2.051188393388766779e-04
2.400000000000000000e+02 7.157080000000000108e-01 2.167008510527743505e-04
2.410000000000000000e+02 7.158968999999999472e-01 2.161407824675483293e-04
2.420000000000000000e+02 7.172490000000000254e-01 2.056898564958009883e-04
2.430000000000000000e+02 7.200395000000000545e-01 1.986627248941141388e-04
2.440000000000000000e+02 7.162878000000000300e-01 2.113334909205478562e-04
2.450000000000000000e+02 7.150066000000000477e-01 2.232189769276359719e-04
2.460000000000000000e+02 7.151933000000000318e-01 2.226422911991434393e-04
2.470000000000000000e+02 7.165416999999999481e-01 2.119238909350925303e-04
2.480000000000000000e+02 7.193163999999999669e-01 2.047334221865246924e-04
2.490000000000000000e+02 7.155681999999999876e-01 2.177400739355187713e-04
2.500000000000000000e+02 7.142829000000000539e-01 2.299385199503167494e-04
2.510000000000000000e+02 7.144673000000000274e-01 2.293465199357326611e-04
2.520000000000000000e+02 7.158122999999999569e-01 2.183554568078217319e-04
2.530000000000000000e+02 7.185711999999999655e-01 2.109997994837558264e-04
2.540000000000000000e+02 7.148263999999999729e-01 2.243529883841441244e-04
2.550000000000000000e+02 7.135369999999999768e-01 2.368747486926213637e-04
2.560000000000000000e+02 7.137187999999999866e-01 2.362688058205508930e-04
2.570000000000000000e+02 7.150602999999999820e-01 2.249993198286381066e-04
2.580000000000000000e+02 7.178031000000000272e-01 2.174761196433018875e-04
2.590000000000000000e+02 7.140613000000000099e-01 2.311867485524958185e-04
2.600000000000000000e+02 7.127672000000000452e-01 2.440422917263387025e-04
2.610000000000000000e+02 7.129463999999999801e-01 2.434237774253871585e-04
2.620000000000000000e+02 7.142844000000000415e-01 2.318699485693266279e-04
2.630000000000000000e+02 7.170109999999999539e-01 2.241771255226688295e-04
2.640000000000000000e+02 7.132722999999999702e-01 2.382573772981113930e-04
2.650000000000000000e+02 7.119733999999999785e-01 2.514587490519024581e-04
2.660000000000000000e+02 7.121496999999999966e-01 2.508292633221091738e-04
2.670000000000000000e+02 7.134842000000000128e-01 2.389846916017432691e-04
2.680000000000000000e+02 7.161942999999999504e-01 2.311195485508403113e-04
2.690000000000000000e+02 7.124584000000000472e-01 2.455819489071257595e-04
2.700000000000000000e+02 7.111541999999999586e-01 2.591414920983119196e-04
2.710000000000000000e+02 7.113275000000000015e-01 2.585028635111505770e-04
2.720000000000000000e+02 7.126584000000000252e-01 2.463606917834531597e-04
2.730000000000000000e+02 7.153517000000000348e-01 2.383209201568196173e-04
2.740000000000000000e+02 7.116183999999999843e-01 2.531794348085777296e-04
2.750000000000000000e+02 7.103087999999999624e-01 2.671106351517769668e-04
2.760000000000000000e+02 7.104789000000000243e-01 2.664646922787211126e-04
2.770000000000000000e+02 7.118063999999999503e-01 2.540178348292319388e-04
2.780000000000000000e+02 7.144825000000000204e-01 2.458013774839599703e-04
2.790000000000000000e+02 7.107516999999999863e-01 2.610706350029797971e-04
2.800000000000000000e+02 7.094363000000000197e-01 2.753878924985467313e-04
2.810000000000000000e+02 7.096029999999999838e-01 2.747366924825042070e-04
2.820000000000000000e+02 7.109267999999999699e-01 2.619780635967631143e-04
2.830000000000000000e+02 7.135852999999999779e-01 2.535819491042081049e-04
2.840000000000000000e+02 7.098569999999999602e-01 2.692779494908836531e-04
2.850000000000000000e+02 7.085352000000000317e-01 2.839970355677782945e-04
2.860000000000000000e+02 7.086983000000000033e-01 2.833430926945254232e-04
2.870000000000000000e+02 7.100184000000000495e-01 2.702642352294668047e-04
2.880000000000000000e+02 7.126590000000000424e-01 2.616864064467209127e-04
2.890000000000000000e+02 7.089330000000000354e-01 2.778265211300516070e-04
2.900000000000000000e+02 7.076048000000000338e-01 2.929638929315365797e-04
2.910000000000000000e+02 7.077639999999999487e-01 2.923099500582837084e-04
2.920000000000000000e+02 7.090804000000000551e-01 2.789028640137104927e-04
2.930000000000000000e+02 7.117023999999999573e-01 2.701408066549975035e-04
2.940000000000000000e+02 7.079784999999999551e-01 2.867433213497196228e-04
2.950000000000000000e+02 7.066432999999999742e-01 3.023172645905310434e-04
2.960000000000000000e+02 7.067984999999999962e-01 3.016660645744885733e-04
2.970000000000000000e+02 7.081110000000000460e-01 2.879218356644668887e-04
2.980000000000000000e+02 7.107137999999999511e-01 2.789732640154448285e-04
2.990000000000000000e+02 7.069921000000000122e-01 2.960582930077680901e-04
3.000000000000000000e+02 7.056495999999999880e-01 3.120880076883790380e-04
3.010000000000000000e+02 7.058003999999999944e-01 3.114429791010599842e-04
3.020000000000000000e+02 7.071089000000000402e-01 2.973524644682217725e-04
3.030000000000000000e+02 7.096919000000000421e-01 2.882148642431143180e-04
3.040000000000000000e+02 7.059722999999999971e-01 3.058038932478537755e-04
3.050000000000000000e+02 7.046219999999999706e-01 3.223106365116450633e-04
3.060000000000000000e+02 7.047681999999999558e-01 3.216754364959966816e-04
3.070000000000000000e+02 7.060726000000000502e-01 3.072292647115396438e-04
3.080000000000000000e+02 7.086350999999999623e-01 2.979008073388731944e-04
3.090000000000000000e+02 7.049174000000000273e-01 3.160171506423175018e-04
3.100000000000000000e+02 7.035588999999999871e-01 3.330235510612751157e-04
3.110000000000000000e+02 7.037001999999999979e-01 3.324022939031131435e-04
3.120000000000000000e+02 7.050001000000000184e-01 3.175901792524980717e-04
3.130000000000000000e+02 7.075411999999999813e-01 3.080685790179306534e-04
3.140000000000000000e+02 7.038254999999999928e-01 3.267380651921446256e-04
3.150000000000000000e+02 7.024582999999999799e-01 3.442685799097282610e-04
3.160000000000000000e+02 7.025945000000000107e-01 3.436662941806050732e-04
3.170000000000000000e+02 7.038898999999999573e-01 3.284784080921613497e-04
3.180000000000000000e+02 7.064087999999999479e-01 3.187625221385219213e-04
3.190000000000000000e+02 7.026951000000000169e-01 3.380123511841756547e-04
3.200000000000000000e+02 7.013186999999999616e-01 3.560941802010553540e-04
3.210000000000000000e+02 7.014493000000000533e-01 3.555158944725234343e-04
3.220000000000000000e+02 7.027396999999999672e-01 3.399410369459751049e-04
3.230000000000000000e+02 7.052351999999999510e-01 3.300294938446584930e-04
3.240000000000000000e+02 7.015234000000000192e-01 3.498900657625008586e-04
3.250000000000000000e+02 7.001372999999999625e-01 3.685520090793861867e-04
3.260000000000000000e+02 7.002620999999999984e-01 3.680041233516031379e-04
3.270000000000000000e+02 7.015474000000000432e-01 3.520313229581085437e-04
3.280000000000000000e+02 7.040184999999999915e-01 3.419238941376805075e-04
3.290000000000000000e+02 7.003087000000000062e-01 3.624283517856708857e-04
3.300000000000000000e+02 6.989123999999999892e-01 3.817026379747843687e-04
3.310000000000000000e+02 6.990309000000000106e-01 3.811922379622104617e-04
3.320000000000000000e+02 7.003106000000000053e-01 3.648100661300594620e-04
3.330000000000000000e+02 7.027558000000000415e-01 3.545069801619542423e-04
3.340000000000000000e+02 6.990480999999999501e-01 3.756912092552624691e-04
3.350000000000000000e+02 6.976409999999999556e-01 3.956128097460368713e-04
3.360000000000000000e+02 6.977527999999999508e-01 3.951478954488692858e-04
3.370000000000000000e+02 6.990267000000000008e-01 3.783451521777859809e-04
3.380000000000000000e+02 7.014447000000000321e-01 3.678475519191745104e-04
3.390000000000000000e+02 6.977392000000000039e-01 3.897513238873517557e-04
3.400000000000000000e+02 6.963205999999999563e-01 4.103584101092991039e-04
3.410000000000000000e+02 6.964251999999999665e-01 4.099481243849057896e-04
3.420000000000000000e+02 6.976925000000000487e-01 3.927129239603116659e-04
3.430000000000000000e+02 7.000817999999999763e-01 3.820235522684044542e-04
3.440000000000000000e+02 6.963785000000000114e-01 4.046907528268175167e-04
3.450000000000000000e+02 6.949480000000000102e-01 4.260249247809625274e-04
3.460000000000000000e+02 6.950448999999999655e-01 4.256804676296195469e-04
3.470000000000000000e+02 6.963051999999999575e-01 4.080011529083701688e-04
3.480000000000000000e+02 6.986637999999999460e-01 3.971236669261144717e-04
3.490000000000000000e+02 6.949629000000000500e-01 4.206020675045116469e-04
3.500000000000000000e+02 6.935194999999999554e-01 4.427101823348658150e-04
3.510000000000000000e+02 6.936080999999999497e-01 4.424436680425859227e-04
3.520000000000000000e+02 6.948607999999999452e-01 4.243088104529712037e-04
3.530000000000000000e+02 6.971867000000000480e-01 4.132491530376561969e-04
3.540000000000000000e+02 6.934884999999999522e-01 4.375931536373777321e-04
3.550000000000000000e+02 6.920317000000000274e-01 4.605261827737681815e-04
3.560000000000000000e+02 6.921114000000000432e-01 4.603524684837743703e-04
3.570000000000000000e+02 6.933557000000000192e-01 4.417515537398211873e-04
3.580000000000000000e+02 6.956466999999999512e-01 4.305186391773807965e-04
3.590000000000000000e+02 6.919513000000000469e-01 4.557874397998850193e-04
3.600000000000000000e+02 6.904801000000000410e-01 4.796025261008622902e-04
3.610000000000000000e+02 6.905500999999999445e-01 4.795389832421540930e-04
3.620000000000000000e+02 6.917851999999999890e-01 4.604621827721915028e-04
3.630000000000000000e+02 6.940387999999999558e-01 4.490676682057700552e-04
3.640000000000000000e+02 6.903466999999999798e-01 4.753291545670151408e-04
3.650000000000000000e+02 6.888602999999999810e-01 5.000902980341559662e-04
3.660000000000000000e+02 6.889201000000000352e-01 5.001577266072457142e-04
3.670000000000000000e+02 6.901448000000000027e-01 4.805965832682083266e-04
3.680000000000000000e+02 6.923580000000000290e-01 4.690566972696342055e-04
3.690000000000000000e+02 6.886693999999999871e-01 4.963860693714726782e-04
3.700000000000000000e+02 6.871669000000000249e-01 5.221645842922482484e-04
3.710000000000000000e+02 6.872152999999999734e-01 5.223872128691612335e-04
3.720000000000000000e+02 6.884285999999999461e-01 5.023357838037598730e-04
3.730000000000000000e+02 6.905982999999999983e-01 4.906720120878480234e-04
3.740000000000000000e+02 6.869136999999999604e-01 5.191552127895399885e-04
3.750000000000000000e+02 6.853941000000000061e-01 5.460324705945262440e-04
3.760000000000000000e+02 6.854303999999999952e-01 5.464404706045774759e-04
3.770000000000000000e+02 6.866309000000000440e-01 5.258960129556016329e-04
3.780000000000000000e+02 6.887533000000000127e-01 5.141366983801930841e-04
3.790000000000000000e+02 6.850732000000000488e-01 5.438715562555771063e-04
3.800000000000000000e+02 6.835354999999999626e-01 5.719394426613234363e-04
3.810000000000000000e+02 6.835582999999999521e-01 5.725684712482482933e-04
3.820000000000000000e+02 6.847444000000000308e-01 5.515325850157374362e-04
3.830000000000000000e+02 6.868151999999999591e-01 5.397152132960416010e-04
3.840000000000000000e+02 6.831403000000000336e-01 5.708144140621794005e-04
3.850000000000000000e+02 6.815831999999999447e-01 6.001783004998531221e-04
3.860000000000000000e+02 6.815915000000000168e-01 6.010724719504526980e-04
3.870000000000000000e+02 6.827611999999999570e-01 5.795533857060379762e-04
3.880000000000000000e+02 6.847756999999999872e-01 5.677270997004082694e-04
3.890000000000000000e+02 6.811066999999999538e-01 6.003213862176637675e-04
3.900000000000000000e+02 6.795290000000000497e-01 6.311035584045629780e-04
3.910000000000000000e+02 6.795210999999999890e-01 6.323179584344800798e-04
3.920000000000000000e+02 6.806723000000000079e-01 6.103330436071610805e-04
3.930000000000000000e+02 6.826250000000000373e-01 5.985636718886476731e-04
3.940000000000000000e+02 6.789627000000000301e-01 6.328071013036731200e-04
3.950000000000000000e+02 6.773630000000000484e-01 6.651513306719111871e-04
3.960000000000000000e+02 6.773373999999999784e-01 6.667559021400116690e-04
3.970000000000000000e+02 6.784672999999999954e-01 6.443362444448397144e-04
3.980000000000000000e+02 6.803519000000000094e-01 6.327106441584397830e-04
3.990000000000000000e+02 6.766972999999999461e-01 6.687869879043337401e-04
4.000000000000000000e+02 6.750741000000000103e-01 7.028642458866940198e-04
4.010000000000000000e+02 6.750287999999999844e-01 7.049481316523169240e-04
4.020000000000000000e+02 6.761342000000000185e-01 6.821440168048167408e-04
4.030000000000000000e+02 6.779433000000000265e-01 6.707792165248414960e-04
4.040000000000000000e+02 6.742976999999999999e-01 7.089111031785172738e-04
4.050000000000000000e+02 6.726493999999999529e-01 7.449282469229530660e-04
4.060000000000000000e+02 6.725820999999999605e-01 7.476091612747124337e-04
4.070000000000000000e+02 6.736592000000000136e-01 7.244987607053810256e-04
4.080000000000000000e+02 6.753843000000000485e-01 7.135520175785618714e-04
4.090000000000000000e+02 6.717490000000000405e-01 7.540146471467991558e-04
4.100000000000000000e+02 6.700736999999999943e-01 7.922279052310510911e-04
4.110000000000000000e+02 6.699815999999999550e-01 7.956619624585072308e-04
4.120000000000000000e+02 6.710255999999999998e-01 7.723634475988273374e-04
4.130000000000000000e+02 6.726568000000000547e-01 7.620505330590513372e-04
4.140000000000000000e+02 6.690334000000000003e-01 8.051911055504032931e-04
4.150000000000000000e+02 6.673289000000000026e-01 8.459255065539071942e-04
4.160000000000000000e+02 6.672088000000000463e-01 8.503273352337760741e-04
4.170000000000000000e+02 6.682141000000000330e-01 8.270203632310306821e-04
4.180000000000000000e+02 6.697397000000000489e-01 8.176411629999712953e-04
4.190000000000000000e+02 6.661302000000000056e-01 8.639104212826850208e-04
4.200000000000000000e+02 6.643944000000000516e-01 9.075897366444520215e-04
4.210000000000000000e+02 6.642422999999999522e-01 9.132594510698413418e-04
4.220000000000000000e+02 6.652017000000000069e-01 8.902155647878628271e-04
4.230000000000000000e+02 6.666077000000000252e-01 8.821936217330969467e-04
4.240000000000000000e+02 6.630142999999999454e-01 9.321915658219538181e-04
4.250000000000000000e+02 6.612443999999999544e-01 9.793847098417134307e-04
4.260000000000000000e+02 6.610553000000000123e-01 9.867536243089631860e-04
4.270000000000000000e+02 6.619597000000000397e-01 9.643872237579604375e-04
4.280000000000000000e+02 6.632299000000000389e-01 9.583348807517161642e-04
4.290000000000000000e+02 6.596551000000000498e-01 1.012886882095620890e-03
4.300000000000000000e+02 6.578481999999999941e-01 1.064386540507186816e-03
4.310000000000000000e+02 6.576159999999999783e-01 1.074094197889195095e-03
4.320000000000000000e+02 6.584543999999999953e-01 1.053047797370711006e-03
4.330000000000000000e+02 6.595689999999999609e-01 1.049871111578166592e-03
4.340000000000000000e+02 6.560158999999999851e-01 1.110151341634616189e-03
4.350000000000000000e+02 6.541685000000000416e-01 1.167098543037527148e-03
4.360000000000000000e+02 6.538855000000000084e-01 1.180117057643956290e-03
4.370000000000000000e+02 6.546433000000000391e-01 1.161401857182901972e-03
4.380000000000000000e+02 6.555784000000000056e-01 1.162475228637916162e-03
4.390000000000000000e+02 6.520502999999999716e-01 1.230208716020836151e-03
4.400000000000000000e+02 6.501582999999999668e-01 1.294304031885557156e-03
4.410000000000000000e+02 6.498144000000000142e-01 1.312156375182497569e-03
4.420000000000000000e+02 6.504729000000000205e-01 1.297400260533262050e-03
4.430000000000000000e+02 6.511997000000000480e-01 1.304868832145824080e-03
4.440000000000000000e+02 6.477005999999999597e-01 1.382674548348304666e-03
4.450000000000000000e+02 6.457591000000000303e-01 1.456537407310794837e-03
4.460000000000000000e+02 6.453413000000000066e-01 1.481675693644369596e-03
4.470000000000000000e+02 6.458760000000000057e-01 1.473560036301580943e-03
4.480000000000000000e+02 6.463590999999999642e-01 1.490864036727870042e-03
4.490000000000000000e+02 6.428930000000000478e-01 1.582838896136554759e-03
4.500000000000000000e+02 6.408960999999999686e-01 1.670624041156310458e-03
4.510000000000000000e+02 6.403870000000000395e-01 1.707102670626400604e-03
4.520000000000000000e+02 6.407648999999999706e-01 1.710155699273041259e-03
4.530000000000000000e+02 6.409607999999999972e-01 1.742974442938683560e-03
4.540000000000000000e+02 6.375321000000000460e-01 1.855712274287441314e-03
4.550000000000000000e+02 6.354724999999999957e-01 1.964203705531587883e-03
4.560000000000000000e+02 6.348485999999999851e-01 2.018922106879591800e-03
4.570000000000000000e+02 6.350257000000000263e-01 2.041020850281143398e-03
4.580000000000000000e+02 6.348810000000000286e-01 2.099033880281740011e-03
4.590000000000000000e+02 6.314933000000000352e-01 2.243484169554600411e-03
4.600000000000000000e+02 6.293617000000000239e-01 2.384139487305399555e-03
4.610000000000000000e+02 6.285901000000000405e-01 2.469289203688801882e-03
4.620000000000000000e+02 6.285055000000000502e-01 2.524708633625504569e-03
4.630000000000000000e+02 6.279550000000000409e-01 2.625186350386516515e-03
4.640000000000000000e+02 6.246102999999999517e-01 2.820518926627162744e-03
4.650000000000000000e+02 6.223937999999999970e-01 3.014025217108533012e-03
4.660000000000000000e+02 6.214277000000000273e-01 3.152976077674484508e-03
4.670000000000000000e+02 6.209970000000000212e-01 3.270068651987666219e-03
4.680000000000000000e+02 6.199632000000000476e-01 3.447328084925932543e-03
4.690000000000000000e+02 6.166591999999999629e-01 3.731993234795883980e-03
4.700000000000000000e+02 6.143376000000000392e-01 4.022022956226565041e-03
4.710000000000000000e+02 6.131062000000000456e-01 4.266998962261620357e-03
4.720000000000000000e+02 6.122130000000000072e-01 4.510713253979878323e-03
4.730000000000000000e+02 6.106114000000000264e-01 4.844166976480323260e-03
4.740000000000000000e+02 6.073378000000000387e-01 5.312249273725952285e-03
4.750000000000000000e+02 6.048774999999999569e-01 5.819394429076763138e-03
4.760000000000000000e+02 6.032710999999999490e-01 6.341408156222437531e-03
4.770000000000000000e+02 6.017517000000000005e-01 6.973042457497219404e-03
4.780000000000000000e+02 5.994933000000000067e-01 7.878635622663913637e-03
4.790000000000000000e+02 5.961988000000000287e-01 9.213287084114870143e-03
4.800000000000000000e+02 5.934633999999999743e-01 1.108309284446379502e-02
4.810000000000000000e+02 5.912178000000000155e-01 1.378835919682310646e-02
4.820000000000000000e+02 5.888109000000000259e-01 1.791895358429578672e-02
4.830000000000000000e+02 5.858280999999999628e-01 2.430262917013092591e-02
4.840000000000000000e+02 5.824624999999999941e-01 3.377419511775142658e-02
4.850000000000000000e+02 5.795219999999999816e-01 4.674201258007452953e-02
4.860000000000000000e+02 5.768558000000000296e-01 6.283149869072943150e-02
4.870000000000000000e+02 5.739514999999999478e-01 8.018628768969827958e-02
4.880000000000000000e+02 5.705854999999999677e-01 9.480871090706879944e-02
4.890000000000000000e+02 5.667402000000000273e-01 1.012521624943765464e-01
4.900000000000000000e+02 5.622825000000000184e-01 9.533689377722359692e-02
4.910000000000000000e+02 5.570530000000000204e-01 7.729808190426078196e-02
4.920000000000000000e+02 5.512601000000000306e-01 5.263296129662833889e-02
4.930000000000000000e+02 5.452093999999999552e-01 2.933620643699171027e-02
4.940000000000000000e+02 5.389755000000000518e-01 1.304962775005281267e-02
4.950000000000000000e+02 5.324592000000000214e-01 4.510064111106743857e-03
4.960000000000000000e+02 5.255378000000000549e-01 1.172789514606297281e-03
4.970000000000000000e+02 5.181248000000000520e-01 2.197498796993166328e-04
4.980000000000000000e+02 5.102082999999999480e-01 2.777462925566465991e-05
4.990000000000000000e+02 5.020278000000000240e-01 2.102266566075663999e-06
5.000000000000000000e+02 4.945328999999999975e-01 7.129248175631107170e-08
5.010000000000000000e+02 4.897484999999999755e-01 0.000000000000000000e+00
